0 723
1 490
1 1317
2 653
2 355
2 773
2 1438
2 566
2 658
2 813
2 1219
2 247
8 716
8 1574
8 1479
9 248
9 1463
9 1459
9 171
9 412
9 1077
9 499
9 1599
9 422
9 779
9 374
9 1014
9 253
9 1582
9 857
9 864
9 959
9 1117
9 743
9 515
9 1379
9 838
9 777
9 1004
9 1257
9 1422
9 500
9 658
9 1031
9 593
9 1130
9 1524
9 1544
9 1408
9 1458
9 1071
9 595
9 463
9 456
9 216
9 1241
9 1476
9 920
9 191
9 81
9 1159
9 956
9 317
9 215
9 1533
9 10
9 407
9 926
9 553
9 1436
9 168
9 112
9 1022
9 1460
9 723
9 1387
9 703
9 897
9 962
9 960
9 769
9 1292
9 1056
9 992
9 358
9 1329
9 1390
9 225
9 1101
9 1399
9 652
9 1474
9 461
9 255
9 858
9 856
9 1068
9 841
9 1247
9 197
9 137
9 1561
9 1534
9 919
9 786
9 599
9 50
9 1450
9 1152
9 815
9 749
9 893
9 1003
9 1608
9 190
9 1309
9 1363
9 712
9 1208
9 222
9 545
9 1336
9 774
9 320
9 1037
9 676
9 991
9 683
9 516
9 963
9 812
9 704
9 544
9 1481
9 1258
9 760
9 1240
9 682
9 1049
9 1587
9 1180
9 983
9 659
9 965
9 382
9 1610
9 1574
9 428
9 1144
9 467
9 290
9 527
9 1069
9 1203
9 547
9 1161
9 507
9 1371
9 1318
9 259
9 1011
9 1224
9 1428
9 5
9 238
9 801
9 751
9 1596
16 860
17 723
17 509
17 206
17 832
17 129
17 716
17 896
17 510
17 155
18 1001
18 1052
18 1237
18 459
18 485
18 1355
18 879
21 557
21 322
21 696
21 1314
21 919
21 1048
21 1029
21 1129
21 786
21 698
21 600
21 69
21 505
21 732
21 1458
21 1520
21 681
21 120
21 559
21 1063
21 189
21 380
21 941
21 771
21 532
21 537
21 743
21 432
21 612
21 490
21 79
21 1312
21 228
21 1067
21 5
21 773
21 721
21 1177
21 278
21 1087
21 144
21 1236
21 914
21 1496
21 1479
21 1199
21 1159
21 342
21 277
21 652
21 1600
21 863
21 151
21 741
21 234
21 857
21 1301
21 700
21 1049
27 723
35 557
35 1072
35 21
35 919
35 1210
35 505
43 1575
43 317
43 649
43 261
43 1011
43 105
44 449
44 590
44 857
44 1535
44 1520
44 1125
44 461
44 545
44 593
44 1104
47 192
47 716
47 1326
47 1455
47 890
47 903
47 1199
47 121
47 338
47 1003
48 417
48 1077
48 425
48 33
48 1588
48 198
48 1064
48 1249
48 872
48 393
48 1527
48 511
48 1548
48 260
48 1435
48 1058
48 824
48 157
48 1613
48 277
48 1501
48 1118
48 575
48 404
48 926
48 1513
48 606
48 1056
48 951
48 88
48 919
48 1496
48 677
48 1072
48 266
48 1288
48 340
48 408
48 787
48 557
48 1421
48 498
48 1199
48 336
48 1541
48 757
48 254
48 319
48 1500
48 469
48 890
48 810
48 523
48 922
48 1585
48 1130
48 132
48 1549
48 830
48 314
48 716
48 192
48 649
48 1129
48 891
48 1341
48 1312
48 21
48 664
48 762
48 1074
48 114
48 1600
48 831
48 1085
48 1608
48 538
48 960
48 24
48 684
48 505
48 1014
48 388
48 1241
48 547
48 937
48 743
50 1578
50 284
50 69
52 1053
52 1043
58 649
58 1053
58 324
58 255
58 1576
58 653
58 926
58 263
58 284
58 1182
64 1149
64 284
64 1173
64 1331
64 1231
64 190
64 1028
64 1573
64 966
64 878
64 1078
64 975
64 1576
64 302
64 996
64 1542
64 1445
64 1483
68 374
69 1187
69 254
69 1221
69 1471
69 898
69 80
69 119
69 1038
69 447
69 903
69 324
69 284
69 653
69 566
69 50
69 668
69 1256
69 577
69 1222
70 404
70 1494
70 469
70 801
77 319
77 1056
77 404
77 1249
77 1291
80 1054
80 69
80 254
80 898
80 926
80 731
80 1222
80 577
80 447
88 678
88 48
88 716
91 601
91 1575
91 1400
91 255
91 231
91 723
91 1364
91 636
91 706
91 649
91 653
91 317
94 303
94 1077
94 614
94 1422
94 849
94 1545
94 145
94 896
94 1495
94 1578
94 1467
94 560
94 509
98 421
98 1519
98 461
98 1609
98 716
98 454
98 676
98 1130
98 742
98 957
102 919
105 762
105 590
119 44
119 389
119 1054
119 1291
119 1053
119 324
119 254
119 1471
119 9
119 1199
119 128
120 1254
121 1326
121 566
121 1219
121 866
121 1578
121 557
121 723
130 454
136 751
136 267
136 406
136 635
136 656
136 161
136 474
136 538
136 426
136 1370
136 1395
136 1338
136 1031
136 553
136 494
140 145
141 1057
145 1132
145 646
145 524
145 431
145 1222
145 13
145 557
145 1590
145 171
145 676
145 94
145 136
145 426
145 1005
145 474
145 276
145 473
145 751
145 1500
145 317
145 1075
145 447
145 222
145 303
145 773
145 547
145 1355
149 969
151 786
151 48
151 355
151 128
151 834
151 716
151 1218
151 1447
151 1443
152 584
152 1614
152 1063
155 22
155 688
155 1111
155 206
155 896
155 1615
155 560
155 509
155 716
155 1251
155 129
155 262
155 1495
155 1241
155 55
155 94
155 1578
155 1077
156 1073
157 733
157 1191
157 1315
157 427
161 553
161 1132
164 284
164 538
164 590
164 368
164 1169
164 371
164 1359
176 723
176 1187
185 389
186 1359
189 69
189 1291
189 254
189 389
189 1471
189 1043
189 1054
190 304
190 789
190 1601
190 1217
190 1539
190 675
190 1331
192 1544
192 1111
192 1068
192 557
192 52
192 280
192 898
192 346
192 1385
192 107
192 1568
192 1014
192 374
192 1315
192 1343
192 171
192 696
192 926
192 983
192 1223
192 705
192 934
192 65
192 1453
192 250
192 141
192 252
192 734
192 234
192 1151
192 100
192 870
192 1611
192 622
192 575
192 1074
192 108
192 1157
192 13
192 1273
192 1221
192 1052
192 399
192 1007
192 1144
192 791
192 98
192 1208
192 530
192 1288
192 1056
192 1357
192 1389
192 1195
192 1127
192 196
192 433
192 193
192 1092
192 903
192 1409
192 1215
192 1495
192 1214
192 249
192 1574
192 1589
192 808
192 1174
192 294
192 759
192 1438
192 849
192 572
192 411
192 604
192 1123
192 409
192 1388
192 1038
192 1250
192 1502
192 1289
192 923
192 716
192 1055
192 1387
192 1043
192 221
192 504
192 571
192 1149
192 60
192 744
192 1211
192 338
192 1339
192 1434
192 1251
192 74
192 4
192 418
192 17
192 1317
192 916
192 124
192 1337
192 261
192 297
192 591
192 918
192 301
192 28
192 1323
192 1546
192 199
192 598
192 467
192 945
192 1541
192 1580
192 385
192 1173
192 486
192 996
192 120
192 489
192 105
192 564
192 1101
192 1235
192 1004
192 408
192 420
192 426
192 1422
192 1406
192 129
192 290
192 713
192 102
192 570
192 438
192 155
192 488
192 160
192 72
192 1327
192 1284
192 1507
192 1482
192 27
192 1590
192 626
192 502
192 1239
192 952
192 1340
192 1191
192 765
192 262
192 360
192 1319
192 511
192 668
192 430
192 684
192 1302
192 896
192 1002
192 282
192 1373
192 590
192 534
192 838
192 1271
192 1201
192 9
192 1133
192 231
192 1566
192 1233
197 48
198 1301
198 543
198 1199
198 1132
198 427
198 48
198 274
202 1296
211 1149
219 723
225 601
228 1296
229 1395
231 317
231 1326
231 248
231 1219
231 43
231 616
231 1214
231 566
231 1575
231 1464
232 723
234 340
234 355
234 762
235 284
235 929
235 1601
242 818
244 618
244 1291
244 849
244 524
244 1281
244 1517
244 1054
245 980
245 68
245 678
245 123
247 659
247 2
247 887
247 1061
247 1542
247 570
248 1161
248 678
248 91
248 1214
248 723
248 231
248 566
248 773
248 317
248 616
250 1210
254 1291
254 189
254 898
254 1187
254 1219
254 389
254 926
254 1054
254 1471
254 438
254 1043
254 1241
254 678
254 80
254 566
254 119
254 1111
254 1222
254 1053
254 50
254 317
254 1038
254 1221
254 808
259 723
259 491
260 1215
261 1572
261 347
261 1568
261 371
261 1450
261 486
261 278
261 192
261 1619
261 43
266 909
267 136
267 1132
274 198
275 538
275 903
275 1548
275 354
275 830
275 505
275 557
276 1052
276 960
276 145
280 953
281 1414
282 627
282 1371
284 317
284 616
284 263
284 1118
284 235
284 1518
284 601
284 259
284 1601
284 1573
284 590
284 164
284 1385
284 1215
284 599
284 1211
284 50
284 107
286 255
286 1092
286 601
286 723
292 1053
300 672
300 1291
301 314
301 1580
301 48
302 1211
302 878
302 1231
302 1331
304 1057
304 782
306 606
306 830
306 934
306 1443
306 559
306 1425
306 620
306 309
306 399
306 812
306 1437
306 314
306 1455
306 983
306 694
306 1087
306 716
306 1014
306 278
306 1318
306 800
306 923
306 775
306 1247
306 460
306 958
306 1205
306 1119
306 1131
306 416
306 276
306 704
306 80
306 454
306 432
309 1268
309 300
309 1064
309 357
309 1315
309 1224
311 530
311 676
311 338
311 1132
311 538
311 136
311 646
311 751
314 1483
314 301
314 1542
314 1580
317 866
317 714
317 368
317 1454
317 261
317 740
317 1607
317 1410
317 601
317 1444
317 590
317 145
317 1011
317 1574
317 1029
317 1042
317 1078
317 255
317 1400
317 1420
317 248
317 254
317 723
317 123
317 833
317 919
317 636
317 196
317 1093
317 577
317 616
319 653
319 1162
319 1132
319 953
319 77
323 1141
323 1394
324 119
324 189
324 1291
324 79
324 1391
324 872
324 601
324 926
324 438
324 69
326 544
326 48
336 1461
340 234
347 261
354 1585
354 674
354 1581
355 1218
355 340
355 2
355 234
355 1438
360 675
360 1403
360 1612
360 1423
360 800
360 620
360 953
360 601
360 1027
360 639
360 543
360 1543
360 1549
360 461
360 1155
366 22
366 247
368 765
368 678
368 1054
368 723
368 1118
368 317
368 164
374 538
374 1104
374 1003
374 1268
379 1149
384 469
384 209
384 830
389 1500
389 1291
389 185
389 189
389 1599
389 119
389 254
389 1249
391 567
391 1079
391 649
391 1447
391 987
397 1438
398 678
398 723
398 742
401 317
405 566
411 878
411 1231
411 1331
411 1217
415 1447
424 723
425 903
426 926
426 145
426 1132
426 919
426 1484
426 136
427 234
427 385
427 1455
427 664
427 1315
427 536
427 157
427 1199
427 773
427 21
427 658
427 1
427 1576
427 538
427 1525
427 864
427 309
427 185
427 485
427 796
427 1421
427 1308
431 145
431 1222
431 538
431 818
431 504
431 1500
431 1005
431 781
432 926
432 128
432 59
432 1210
432 983
432 261
438 1057
438 389
438 254
438 1291
442 706
447 145
447 171
447 473
447 1367
447 80
447 112
447 1092
447 222
447 290
447 926
447 1075
447 306
447 1054
447 1590
447 1574
447 1221
447 808
447 1551
447 1187
452 1053
453 723
454 1213
454 1548
454 714
454 867
454 1183
454 1028
454 845
454 1438
454 1459
455 1542
455 1231
455 1149
455 1580
455 638
455 966
455 1439
455 1483
455 1451
455 1445
455 1408
455 903
458 1314
458 1447
458 1291
458 1409
459 278
459 1219
459 1355
459 485
459 618
460 909
469 557
474 338
474 1219
474 530
474 646
474 1132
474 751
474 311
474 136
478 1038
478 1444
478 255
481 590
485 1572
485 462
485 590
485 559
485 1219
485 1001
485 618
485 1355
485 596
485 1531
485 879
485 1116
486 678
486 1219
486 261
490 1
490 1233
490 582
491 1052
492 926
492 48
492 1054
492 1519
492 1585
492 1614
494 1455
494 460
494 1247
494 560
494 1171
494 1251
494 595
494 1541
494 136
494 1519
494 165
494 1281
494 521
494 377
494 1315
494 245
494 194
494 422
494 699
494 108
494 66
494 294
494 101
494 402
494 1241
494 209
494 1132
494 192
494 1201
494 945
494 897
498 391
499 1249
499 9
499 904
504 765
504 1436
504 431
504 890
505 773
508 1004
508 144
508 1503
508 801
509 206
509 1111
509 55
509 1467
509 896
509 849
509 129
509 155
509 1077
509 1422
509 1251
509 1589
509 557
509 1495
509 17
509 688
509 716
509 1152
510 557
510 716
510 1052
510 192
516 649
516 723
516 544
518 566
518 1462
520 1363
524 1281
524 136
524 145
524 618
524 244
530 493
530 814
530 911
530 1513
530 1585
530 804
530 1556
530 225
530 336
530 544
530 751
530 1132
530 467
530 749
530 1272
530 676
530 390
530 1526
530 742
530 1329
530 870
530 311
530 511
530 313
530 1109
530 192
530 1502
530 1290
530 764
530 100
530 603
530 314
530 267
530 1271
530 1357
530 712
530 1607
530 1338
530 1220
530 33
530 1476
530 1037
530 255
530 1515
530 1314
530 805
530 1608
530 1392
530 3
530 660
530 739
530 1590
530 1567
530 1500
530 601
530 270
530 70
530 442
530 699
530 1609
530 1178
530 681
530 1353
530 239
530 1452
530 27
530 1159
530 1064
530 289
530 1455
530 698
530 888
530 691
530 1007
530 4
530 915
530 42
530 94
530 1406
530 964
530 728
530 1219
530 132
530 1265
530 703
530 1009
530 1011
530 577
530 1404
530 625
530 1566
530 5
530 515
530 797
530 110
530 143
530 485
530 193
530 514
530 1027
530 104
530 79
534 1053
538 1056
538 646
538 1312
538 384
538 987
538 499
538 338
538 186
538 769
538 498
538 1129
538 1359
538 1307
538 1447
538 1500
538 1609
538 1191
538 1224
538 818
538 723
538 145
538 355
538 485
538 374
538 311
538 524
538 1581
538 1005
538 731
538 1303
538 1186
538 1338
538 575
538 431
538 467
538 559
538 408
538 740
538 555
538 1247
538 48
538 1308
538 1551
538 765
538 2
541 723
543 567
544 228
544 1183
544 1220
544 538
544 1424
544 1229
544 559
544 696
544 730
544 1116
544 391
544 516
544 1572
544 333
544 596
544 1157
544 723
544 1312
545 304
545 44
547 830
547 1049
547 461
547 1191
547 468
547 676
553 1132
553 161
553 136
556 1599
559 953
559 1551
559 538
559 1599
559 590
560 94
560 1467
560 55
560 22
560 206
561 664
563 1260
563 391
563 1004
563 1461
563 123
563 1003
563 48
563 1183
563 18
563 1500
563 1343
563 1001
563 1218
563 119
563 151
566 583
566 1043
566 755
566 460
566 1188
566 121
566 1418
566 960
566 1012
566 231
566 555
566 1575
566 1352
566 1339
566 751
566 474
566 278
566 1152
566 1284
566 973
566 1219
566 1231
566 286
566 494
566 1615
566 1444
566 638
566 1375
566 1344
566 1549
566 926
566 1472
566 1103
566 759
566 1214
566 5
566 77
566 872
566 1291
566 1218
566 434
566 1132
566 1613
566 1401
566 887
566 1578
566 1092
566 1403
566 1124
566 214
566 1343
566 248
566 915
566 744
566 1053
566 1135
566 649
566 558
566 79
566 1510
566 784
566 1328
566 453
566 1111
566 1064
566 518
566 16
566 411
566 843
566 881
566 693
566 420
566 1354
566 677
566 1193
566 1338
566 462
566 1421
566 486
566 1251
566 601
566 499
566 451
566 941
566 599
566 1052
566 294
566 739
566 29
566 1334
566 520
566 1256
566 143
566 1468
566 1301
566 963
566 616
566 1278
566 1054
566 864
566 2
566 831
566 879
566 459
566 1079
566 69
566 284
566 1395
570 257
572 1312
573 716
575 1132
575 136
575 1001
575 1065
575 555
575 1057
575 889
575 1191
575 247
575 538
577 723
577 1222
577 808
577 566
577 879
577 926
577 317
577 255
577 1092
577 1221
577 601
577 1187
578 560
578 595
578 1251
578 294
578 897
578 245
578 1171
578 521
578 1119
578 1315
578 460
578 1241
578 866
578 1541
578 1201
578 249
578 1494
578 699
578 1281
582 266
582 490
582 1317
582 1
584 152
588 1447
588 653
588 1191
588 1054
588 1133
588 1343
588 192
588 601
589 1514
589 467
589 664
590 1199
590 467
590 801
590 996
590 164
590 1318
590 284
590 1615
590 601
590 1343
590 1218
590 317
590 338
590 128
590 1520
590 934
590 1191
590 557
590 971
590 649
590 1359
590 937
590 1247
590 1102
590 962
590 1357
590 1118
590 481
593 562
593 44
593 1447
599 566
599 1273
599 1038
599 601
600 818
600 145
600 926
600 557
601 5
601 1423
601 317
601 284
601 1177
601 723
601 363
601 1077
601 599
601 1476
601 1043
601 573
601 1191
601 2
601 896
601 478
601 971
601 255
601 1125
601 1042
601 563
601 1029
601 706
601 69
601 996
601 259
601 755
601 926
601 1111
601 1144
601 1049
601 58
601 1506
601 879
601 1341
601 1053
601 1387
601 851
601 1232
601 254
601 225
601 1219
614 155
614 1273
614 72
614 716
614 1495
614 129
614 101
614 17
614 509
614 1251
614 688
614 1056
614 903
614 1291
614 1241
614 1077
615 723
618 1281
618 524
618 1574
618 1001
618 1237
618 485
618 1355
627 678
627 282
638 1580
638 1408
638 455
638 1542
638 1451
638 1483
645 336
646 538
646 145
646 530
646 751
646 676
646 136
646 311
647 1057
647 1162
647 1469
649 566
649 1219
649 1464
649 590
649 530
649 1599
649 248
649 601
649 91
649 636
649 1214
649 1347
649 1575
649 820
649 926
649 1364
649 1054
649 231
649 145
649 716
649 1210
649 43
649 48
649 317
649 1038
649 1121
649 1424
650 1218
653 91
653 919
653 286
653 58
653 1125
653 588
653 255
653 2
653 1029
653 926
653 69
653 1038
653 1054
653 1266
653 1476
656 553
656 1473
656 1447
656 834
656 136
656 1132
658 152
658 245
658 2
660 1057
664 589
664 1496
664 543
664 733
664 1510
664 427
668 254
668 128
668 69
668 1471
668 1053
668 1043
668 1291
668 716
668 601
669 723
669 1057
669 566
672 1072
672 637
672 1237
672 1277
672 349
672 21
672 408
672 1203
672 572
672 1004
672 1493
672 1210
672 1468
672 1213
672 1199
672 793
672 1117
672 1245
672 302
672 834
672 926
672 820
672 981
673 1249
673 716
673 48
674 354
675 64
675 1057
675 966
675 190
675 878
675 1231
675 302
676 600
681 919
684 668
696 192
696 557
696 1052
697 1191
698 996
699 1332
699 1548
706 1115
706 255
706 748
706 1219
706 91
706 1057
708 951
708 898
708 1142
708 899
708 460
708 309
708 1275
708 276
708 988
708 1546
708 1233
708 1533
708 454
708 995
708 656
708 137
708 538
708 1421
708 696
708 1455
708 812
708 1014
708 1
708 1370
708 461
708 514
708 1087
708 694
708 317
709 1157
709 536
709 919
712 1210
712 469
712 1332
714 656
723 926
723 516
723 232
723 601
723 491
723 1129
723 1615
723 398
723 992
723 1054
723 1607
723 248
723 649
723 1543
723 388
723 1301
723 1158
723 1464
723 653
723 776
723 1053
723 590
723 486
723 69
723 542
723 1354
723 1043
723 463
723 628
723 622
723 121
723 1444
723 1599
723 1341
723 176
723 400
723 866
723 1359
723 1328
723 610
723 1575
723 1029
723 219
723 1169
723 275
723 1364
723 1111
723 1057
723 616
723 1572
723 645
723 908
723 615
723 1533
723 324
723 1467
723 716
723 1144
723 1493
723 1510
723 9
723 1560
723 1135
723 1040
723 27
723 1395
723 1038
723 748
723 166
723 314
723 286
723 1381
723 231
723 17
723 1435
723 1073
723 832
723 1003
723 879
723 740
723 259
730 192
731 509
731 267
731 1348
731 1146
731 773
731 469
731 903
731 80
733 485
733 1
733 538
733 352
733 319
733 658
733 385
733 864
733 24
733 1168
733 1525
733 1143
733 856
733 234
733 1308
733 1315
733 796
733 185
733 875
733 338
733 557
733 1073
733 958
733 851
733 21
733 402
733 157
733 773
736 1519
736 1245
736 306
736 467
742 398
743 1500
743 48
743 1536
745 254
748 1057
748 723
751 566
751 338
751 474
751 1132
751 1338
751 646
751 1272
751 1053
751 1219
752 1057
762 1343
762 802
762 590
762 120
762 1199
762 1218
762 355
764 1181
765 1054
765 442
765 368
765 716
765 317
765 818
765 504
765 890
765 926
765 1245
765 43
765 538
773 151
773 1027
773 1585
773 695
773 1613
773 492
773 103
773 762
773 335
773 955
773 65
773 557
773 1314
773 1320
773 1548
773 476
773 786
773 1017
773 1568
773 838
773 1214
773 914
773 338
773 1277
773 475
773 1296
773 760
773 921
773 1518
773 1500
773 230
773 1258
773 731
773 1600
773 505
773 1191
773 949
773 1126
773 1110
773 1236
773 414
773 287
773 355
773 315
773 1015
773 1599
773 884
773 722
773 1151
773 467
773 1069
773 636
773 879
773 486
773 936
773 677
773 289
773 530
773 1544
773 883
773 900
773 21
773 830
773 1550
773 1201
773 255
773 98
773 140
773 1564
773 1183
773 245
773 1557
773 1496
773 497
773 1254
773 69
773 683
773 408
773 1303
773 1186
773 1312
775 123
781 1248
782 304
789 190
789 929
796 934
808 80
808 1555
808 898
808 426
808 1158
808 919
808 1221
808 1187
808 926
808 69
809 1445
812 467
813 1476
813 1111
814 317
816 323
818 431
818 1500
818 926
818 538
818 1462
818 557
818 1241
818 544
818 1185
818 1366
818 1005
818 960
818 765
820 1247
821 1241
823 262
832 723
833 1296
834 1183
834 1028
834 1218
834 371
838 723
838 1132
838 198
845 699
845 867
845 1438
845 454
845 1318
845 1213
845 1332
845 1183
845 191
845 244
846 1409
846 1574
846 606
846 1017
846 1089
846 600
846 234
846 1311
846 18
846 875
846 290
846 1219
846 295
846 249
846 432
846 1157
846 893
846 1066
846 473
846 934
846 36
846 322
846 1536
846 841
846 191
846 222
846 789
846 1345
846 673
846 573
846 525
846 884
846 1519
846 1234
846 665
846 170
846 627
846 1254
846 987
846 1259
846 108
846 13
846 264
846 1063
846 552
846 1080
846 430
846 447
846 959
846 541
846 317
846 1396
849 1495
849 509
849 1077
849 94
849 614
851 723
860 1057
864 52
864 1423
864 422
864 1004
864 1107
864 1290
864 35
864 1591
864 499
864 1240
864 161
864 716
864 537
864 805
864 333
864 1246
864 581
864 1610
864 68
864 1092
864 748
864 306
864 71
864 734
864 368
864 524
864 384
864 728
864 467
864 1053
864 407
864 538
864 660
864 490
864 814
864 530
864 1293
868 1274
872 324
872 723
878 64
878 966
878 1211
878 411
878 1231
878 302
879 1476
879 1237
879 723
879 1001
879 1355
879 1125
879 1444
879 459
879 577
879 485
879 566
879 706
879 575
884 430
884 98
884 404
887 247
890 1312
890 1581
890 1500
893 1541
896 262
896 17
896 1467
896 903
896 206
896 1578
896 716
896 129
896 1422
896 1495
896 1056
896 1589
896 1081
896 1077
896 849
896 155
896 1152
896 509
898 80
898 447
898 1187
898 254
898 577
898 1221
898 808
898 426
904 499
904 966
905 1218
908 723
909 490
909 460
909 582
909 1
914 251
914 557
914 338
919 808
919 1049
919 1054
919 1505
919 102
919 231
919 926
919 709
919 1157
919 48
919 1385
919 601
919 426
919 649
919 653
920 467
923 885
923 1157
923 1585
923 1112
923 1573
923 1052
923 242
923 48
923 1060
923 1519
923 275
923 980
923 1536
923 581
923 165
923 1017
923 771
923 230
923 306
923 830
926 192
926 1291
926 1249
926 48
926 971
926 1187
926 969
926 1241
926 492
926 69
926 1158
926 773
926 577
926 130
926 765
926 808
926 601
926 1221
926 80
926 1118
926 290
926 1129
926 176
926 1256
926 1219
926 499
926 324
926 317
926 244
926 557
926 58
926 664
926 1385
926 1312
926 447
926 432
926 928
926 919
926 112
926 368
926 1367
926 1049
926 818
926 1075
926 716
926 1056
926 171
926 566
926 426
927 279
934 278
945 1053
945 740
945 1219
945 1599
945 966
945 494
951 1439
951 1447
951 767
951 1496
951 1438
951 1551
951 1500
957 98
959 505
959 676
960 1219
960 408
960 1229
960 727
960 48
966 1231
966 1211
966 1408
966 878
966 1445
966 1501
966 101
966 675
966 1419
966 945
968 1138
968 1300
968 1262
968 812
968 518
968 1141
968 1492
968 814
968 793
968 1391
971 1574
971 1061
971 1218
971 601
975 1451
975 64
975 323
975 455
975 1483
975 1057
975 1331
985 1454
986 538
986 1612
986 676
986 1517
987 905
987 559
987 1404
987 1613
987 469
987 538
987 1447
987 391
987 1129
987 676
987 678
987 890
987 47
995 590
996 1195
996 1613
996 1507
996 1315
996 1600
996 723
996 64
996 357
996 1130
996 309
1001 459
1001 1494
1001 1237
1001 1219
1001 1318
1001 18
1001 879
1001 575
1001 1118
1002 1551
1003 1177
1003 1438
1003 590
1003 903
1003 1326
1003 467
1003 1312
1003 559
1003 391
1003 317
1003 1199
1003 1218
1003 1370
1003 769
1003 563
1003 1404
1003 47
1003 1314
1003 773
1005 1222
1005 1436
1005 431
1005 765
1005 890
1005 1202
1005 504
1011 43
1020 1072
1027 1236
1027 678
1027 1049
1028 48
1029 653
1029 1219
1029 317
1029 566
1029 723
1029 1053
1031 508
1031 1254
1031 48
1031 136
1033 834
1038 599
1038 371
1038 317
1038 1053
1038 123
1038 255
1038 577
1038 248
1038 478
1038 838
1038 91
1038 254
1038 1054
1038 616
1038 286
1038 649
1038 231
1038 1092
1038 723
1048 723
1049 601
1049 1191
1049 547
1049 1027
1049 1370
1049 1501
1049 48
1049 730
1053 58
1053 1219
1053 1560
1053 317
1053 107
1053 1471
1053 257
1053 452
1053 1232
1053 1599
1053 254
1053 1029
1053 1173
1053 1354
1053 1553
1053 1038
1053 1328
1053 945
1053 69
1053 702
1053 292
1053 668
1053 371
1053 311
1053 136
1053 79
1053 723
1053 1518
1053 1141
1053 1543
1053 706
1053 1215
1053 684
1054 1590
1054 1291
1054 254
1054 926
1054 1075
1054 171
1054 709
1054 566
1054 176
1054 193
1054 1471
1054 919
1054 317
1054 13
1054 564
1054 1585
1054 119
1054 1364
1054 808
1054 577
1054 1118
1054 588
1054 1219
1054 1043
1054 91
1054 290
1054 58
1054 1385
1054 723
1054 1038
1054 69
1054 231
1054 716
1054 601
1054 222
1054 1555
1054 492
1054 473
1054 368
1056 1191
1056 926
1056 509
1056 1218
1056 1251
1056 1291
1056 1495
1056 716
1056 155
1056 903
1056 77
1056 1054
1056 896
1056 48
1056 1174
1057 544
1057 706
1057 123
1057 723
1057 1125
1057 675
1057 1036
1057 1472
1057 975
1057 1254
1057 438
1057 1445
1057 1119
1057 1221
1057 766
1057 1542
1057 1038
1057 660
1057 304
1057 1316
1058 48
1060 833
1060 577
1060 627
1060 493
1060 874
1060 1248
1060 1245
1060 354
1060 1587
1060 905
1060 1219
1060 1042
1060 521
1060 191
1060 590
1060 730
1060 1598
1060 1261
1060 431
1060 68
1060 279
1060 480
1060 848
1060 980
1060 678
1060 1222
1060 393
1060 552
1061 334
1061 247
1062 601
1063 1213
1063 191
1063 382
1063 1247
1063 529
1063 802
1063 200
1063 245
1063 152
1063 317
1063 1214
1063 762
1063 1445
1063 105
1063 1517
1063 501
1063 329
1063 507
1063 699
1063 1364
1063 1249
1063 841
1063 508
1063 1377
1063 898
1063 905
1063 861
1063 658
1063 615
1064 996
1064 1240
1064 309
1064 357
1069 1125
1070 317
1072 48
1072 35
1072 672
1078 317
1078 878
1078 1231
1078 1211
1079 1301
1079 1003
1079 1343
1079 676
1079 391
1079 1218
1079 538
1079 508
1079 974
1085 637
1085 987
1091 733
1091 949
1091 1245
1091 385
1091 197
1091 1403
1091 612
1091 191
1091 335
1091 1592
1091 1443
1091 71
1091 393
1091 430
1091 4
1091 1327
1091 1282
1091 1064
1092 1222
1092 566
1092 1221
1092 1054
1092 469
1092 69
1092 1038
1092 808
1092 926
1092 286
1093 447
1093 317
1093 1011
1093 198
1093 723
1093 1455
1093 1161
1107 1053
1115 706
1118 926
1118 557
1118 1455
1118 371
1118 590
1118 773
1118 1359
1118 1054
1118 1199
1119 1057
1119 796
1119 1467
1123 1188
1123 1219
1123 616
1125 879
1125 601
1125 653
1129 883
1129 596
1129 120
1129 468
1129 1298
1129 1285
1129 1347
1129 773
1129 986
1129 754
1129 1183
1129 1475
1129 1132
1129 208
1129 572
1129 1500
1129 864
1129 719
1129 1529
1129 1125
1129 44
1129 1088
1129 1079
1129 192
1129 926
1129 1447
1129 1003
1129 601
1129 21
1129 1526
1129 1199
1129 335
1129 1236
1129 672
1129 48
1129 1455
1129 1210
1129 723
1129 856
1129 277
1129 74
1129 643
1129 879
1129 1073
1129 145
1129 885
1129 1004
1129 1171
1129 454
1129 557
1129 575
1129 1458
1129 1494
1129 829
1129 969
1129 250
1129 91
1131 1053
1132 601
1132 1551
1132 406
1132 646
1132 495
1132 474
1132 566
1132 676
1132 553
1132 198
1132 971
1132 426
1132 1168
1132 1281
1132 547
1132 145
1132 267
1132 1370
1132 575
1132 1219
1132 1205
1132 338
1132 538
1132 1312
1132 494
1132 656
1134 1314
1149 1273
1149 1331
1149 1231
1149 211
1149 64
1149 1408
1149 545
1157 544
1157 709
1157 1312
1157 121
1157 919
1157 995
1157 547
1161 1575
1161 1218
1161 801
1161 637
1161 1093
1168 136
1169 1423
1169 1056
1169 1318
1169 557
1169 1291
1169 1073
1173 455
1173 1518
1173 284
1173 1215
1173 260
1173 1232
1173 1445
1173 1483
1173 723
1173 1231
1173 1408
1177 1447
1177 1079
1177 723
1185 966
1185 418
1185 1240
1185 369
1185 219
1185 294
1185 502
1185 485
1185 415
1185 288
1185 98
1185 890
1185 211
1185 280
1185 847
1185 815
1185 529
1185 1312
1185 1542
1185 637
1185 1513
1185 872
1185 719
1185 376
1185 1142
1185 975
1185 748
1185 221
1185 1433
1185 408
1185 421
1185 263
1185 312
1185 1535
1185 1453
1185 818
1185 143
1185 882
1185 491
1185 145
1185 1151
1185 858
1185 1303
1185 48
1185 673
1185 600
1185 822
1185 468
1187 1221
1187 1054
1187 723
1187 1367
1187 254
1187 80
1187 1038
1187 1219
1187 447
1187 69
1187 653
1187 577
1188 616
1188 566
1188 1219
1191 1370
1191 926
1191 697
1191 830
1191 1003
1191 547
1191 955
1191 590
1191 884
1191 986
1191 469
1191 557
1191 957
1191 890
1191 1095
1191 1350
1191 95
1191 151
1191 895
1191 1343
1191 1199
1191 157
1191 841
1191 468
1191 908
1191 573
1191 1359
1191 1548
1191 1472
1191 773
1191 218
1191 1312
1191 1600
1191 242
1191 374
1191 903
1191 1457
1191 1056
1195 557
1195 996
1195 48
1195 672
1199 1519
1199 78
1199 37
1199 1573
1199 338
1199 1204
1199 995
1199 491
1199 1003
1199 1024
1199 220
1199 1589
1199 1249
1199 547
1199 1497
1199 815
1199 1294
1199 206
1199 373
1199 119
1199 128
1199 1291
1199 1047
1199 577
1199 604
1199 231
1199 1271
1199 1493
1199 730
1199 431
1199 1077
1199 1137
1199 879
1199 1542
1199 1564
1199 881
1199 252
1199 716
1199 960
1199 1435
1199 712
1199 1563
1199 1079
1199 646
1199 874
1199 1468
1199 103
1199 1570
1199 374
1199 1601
1199 360
1199 1453
1199 673
1199 929
1199 24
1199 645
1199 12
1199 58
1199 467
1199 281
1199 315
1199 190
1199 458
1199 720
1199 987
1199 622
1199 503
1199 417
1199 1387
1199 143
1199 530
1199 804
1199 263
1199 1066
1199 235
1199 157
1199 545
1199 810
1199 728
1199 1619
1199 1328
1199 1509
1199 737
1199 664
1199 501
1199 1017
1199 397
1199 1005
1199 1029
1199 684
1199 1385
1199 1391
1199 921
1199 1151
1199 1355
1199 1095
1199 198
1199 77
1199 1566
1199 890
1199 1113
1199 767
1199 1273
1199 663
1199 749
1199 1303
1199 4
1199 120
1199 893
1199 956
1199 420
1199 1054
1199 154
1199 915
1199 139
1199 1455
1199 1197
1199 1157
1199 98
1199 1217
1199 319
1199 164
1199 1459
1199 918
1199 336
1199 1000
1199 145
1199 1138
1199 48
1199 1085
1202 1599
1202 1423
1202 1005
1202 340
1205 306
1205 1132
1205 1312
1210 1581
1210 415
1210 230
1210 1063
1210 764
1210 449
1210 905
1210 356
1210 797
1210 1409
1210 1277
1210 312
1210 1124
1210 191
1210 144
1210 598
1210 577
1210 524
1210 257
1210 757
1210 1024
1210 432
1210 369
1210 228
1210 353
1210 1536
1210 1245
1210 774
1210 360
1210 712
1210 168
1210 1351
1210 1491
1210 225
1210 74
1210 1612
1210 823
1210 1237
1210 406
1210 227
1210 141
1210 745
1210 1072
1210 606
1210 384
1210 76
1210 517
1210 1544
1210 649
1210 590
1210 340
1210 500
1210 428
1211 1483
1211 235
1211 411
1211 1331
1211 675
1211 1217
1211 190
1211 1601
1211 1408
1211 1445
1211 966
1211 1231
1211 878
1213 1366
1214 678
1214 91
1214 649
1214 1464
1214 1364
1214 616
1214 48
1214 1219
1215 1331
1215 1573
1215 260
1215 1408
1215 64
1215 1451
1215 1219
1215 645
1215 101
1215 284
1215 48
1215 1445
1215 1580
1217 878
1217 411
1217 1231
1217 1078
1217 966
1217 190
1219 41
1219 1053
1219 665
1219 4
1219 1132
1219 1052
1219 467
1219 916
1219 1285
1219 446
1219 1126
1219 593
1219 1403
1219 320
1219 591
1219 1203
1219 1096
1219 143
1219 1531
1219 845
1219 1302
1219 219
1219 1513
1219 474
1219 849
1219 879
1219 566
1219 1416
1219 1123
1219 901
1219 1152
1219 765
1219 681
1219 121
1219 1564
1219 365
1219 983
1219 138
1219 779
1219 824
1219 973
1219 825
1219 979
1219 1600
1219 311
1219 231
1219 107
1219 712
1219 691
1219 182
1219 342
1219 1461
1219 601
1219 653
1219 745
1219 1143
1219 1135
1219 75
1219 702
1219 486
1219 583
1219 18
1219 696
1219 24
1219 635
1219 578
1219 789
1219 853
1219 1536
1219 352
1219 400
1219 529
1219 1272
1219 1328
1219 1214
1219 398
1219 91
1219 366
1219 416
1219 938
1219 120
1219 232
1219 270
1219 1352
1219 49
1219 70
1219 1167
1219 1314
1219 1406
1219 1076
1219 694
1219 420
1219 616
1219 649
1219 1056
1219 161
1219 866
1219 498
1219 620
1219 361
1219 99
1219 1217
1219 413
1219 385
1219 405
1219 1611
1219 1171
1219 131
1219 407
1219 751
1219 1137
1219 945
1219 337
1219 1444
1219 793
1219 281
1219 668
1219 941
1219 1454
1219 243
1219 1188
1219 723
1219 530
1219 639
1219 1436
1219 492
1219 1445
1219 550
1220 244
1221 808
1221 1222
1221 1187
1221 898
1221 112
1221 431
1221 926
1221 1092
1221 473
1221 69
1221 193
1221 1544
1221 1075
1221 1367
1221 290
1221 80
1222 13
1222 577
1222 431
1222 290
1222 1005
1222 1075
1222 808
1222 898
1222 473
1222 1054
1222 1367
1222 564
1222 222
1222 1500
1222 171
1222 1187
1222 1551
1223 1517
1223 1079
1224 1063
1224 1268
1224 465
1224 934
1224 1235
1224 47
1224 1514
1224 557
1224 593
1224 639
1224 986
1224 1315
1224 712
1224 1234
1224 1544
1224 591
1224 577
1224 1055
1224 357
1224 996
1224 535
1224 818
1224 160
1224 995
1224 641
1226 1551
1229 1157
1229 566
1229 1132
1229 723
1231 1451
1231 1217
1231 455
1231 1580
1231 1078
1231 1601
1231 675
1231 1419
1231 1215
1231 1576
1231 1173
1231 601
1231 1445
1231 1408
1231 975
1231 1149
1231 1439
1231 1331
1232 1496
1232 459
1233 582
1233 909
1235 48
1237 485
1237 459
1237 1219
1237 879
1239 716
1245 736
1248 1528
1248 302
1249 155
1249 614
1249 499
1249 510
1249 896
1249 1455
1249 628
1249 48
1249 1054
1249 1438
1249 649
1249 773
1249 1130
1249 571
1249 673
1249 716
1249 121
1249 1218
1249 1129
1249 1475
1249 389
1249 1056
1254 716
1254 830
1254 1363
1254 1364
1254 1130
1254 1339
1254 773
1256 368
1256 371
1256 1258
1256 1423
1257 91
1257 504
1258 123
1258 584
1258 317
1258 847
1258 1222
1258 1423
1258 48
1258 77
1258 391
1258 1454
1258 773
1258 49
1258 413
1259 926
1264 1063
1264 589
1264 176
1264 674
1264 675
1264 901
1264 948
1264 807
1264 1305
1264 371
1264 1576
1264 1289
1264 1605
1264 1303
1264 421
1264 824
1264 196
1264 59
1264 1005
1264 415
1264 1359
1264 304
1264 382
1264 866
1264 987
1264 1314
1264 36
1264 1189
1264 6
1264 1343
1264 836
1264 743
1264 164
1264 120
1264 995
1264 501
1264 1501
1264 384
1264 1014
1264 833
1264 1004
1264 1318
1264 841
1264 307
1264 75
1264 1130
1264 775
1264 696
1264 584
1264 557
1264 1003
1264 1438
1264 817
1264 980
1264 1323
1264 893
1264 1463
1264 231
1264 1199
1264 570
1264 1409
1264 263
1264 1615
1264 315
1264 960
1264 521
1264 538
1264 1265
1264 439
1264 593
1264 485
1264 1061
1264 598
1264 1544
1264 442
1264 1148
1272 751
1272 389
1272 474
1273 1149
1273 1241
1273 622
1273 1476
1273 1341
1273 1111
1273 599
1273 58
1273 903
1273 379
1274 868
1281 1057
1281 1517
1281 21
1281 618
1281 1424
1281 1132
1281 919
1291 945
1291 1043
1291 1053
1291 926
1291 601
1291 119
1291 1111
1291 1202
1291 389
1291 614
1291 74
1291 77
1291 189
1291 244
1291 1054
1291 1585
1291 438
1291 254
1291 1056
1291 668
1291 69
1291 739
1291 300
1291 1169
1291 1241
1293 716
1296 202
1301 1079
1301 198
1301 1218
1305 696
1308 1460
1308 733
1308 793
1308 1254
1308 402
1308 1476
1308 1508
1308 21
1308 1315
1308 352
1308 1126
1308 856
1308 796
1308 743
1308 319
1308 157
1308 100
1308 185
1308 485
1308 1
1308 1282
1308 851
1308 338
1308 77
1308 191
1308 1363
1308 220
1308 536
1308 675
1308 456
1308 779
1308 1185
1308 1168
1308 1158
1308 392
1308 198
1308 269
1308 73
1308 1505
1308 1576
1308 1307
1308 864
1308 874
1308 830
1308 385
1308 1496
1308 1180
1308 681
1308 926
1308 598
1308 1421
1308 507
1312 1205
1312 960
1312 1191
1312 1001
1312 306
1312 48
1312 1241
1312 1079
1312 1517
1312 261
1312 890
1312 128
1312 575
1312 1003
1312 818
1312 277
1312 1367
1312 1395
1312 996
1312 572
1312 1291
1314 197
1314 1403
1314 733
1314 612
1314 936
1314 577
1314 914
1314 1017
1314 1332
1314 430
1314 355
1314 786
1314 5
1314 248
1314 230
1314 1548
1314 985
1314 1057
1314 921
1314 1518
1314 979
1314 393
1314 879
1314 315
1314 1327
1314 1003
1314 773
1314 949
1314 887
1314 505
1315 1064
1315 733
1315 934
1315 1268
1315 465
1315 427
1315 1472
1315 1022
1315 1247
1315 1535
1315 1507
1315 1168
1315 945
1315 712
1315 636
1315 895
1315 775
1315 1339
1315 1543
1315 241
1315 786
1315 996
1315 959
1315 1234
1315 615
1315 951
1315 943
1316 1057
1317 1350
1317 909
1317 1199
1317 490
1318 1169
1318 1370
1318 1393
1318 1093
1318 1423
1323 1264
1326 1254
1326 1199
1326 1241
1326 1249
1326 1447
1326 903
1326 231
1326 510
1326 254
1326 192
1326 1454
1326 132
1328 566
1328 1053
1328 723
1331 1078
1331 1419
1331 1580
1331 1573
1331 190
1331 675
1331 1542
1331 1408
1331 975
1331 1173
1331 1576
1331 302
1331 1439
1331 1215
1331 455
1331 878
1338 136
1338 1132
1338 474
1338 538
1338 338
1338 145
1338 676
1339 241
1339 144
1339 245
1339 408
1339 1183
1339 1455
1339 1503
1339 1277
1350 1191
1354 616
1354 79
1354 1053
1354 1219
1355 18
1355 618
1355 1517
1355 145
1355 538
1355 459
1355 1001
1355 524
1355 1219
1359 649
1359 128
1359 1544
1359 716
1359 723
1359 1247
1363 1254
1363 1541
1363 1308
1363 716
1364 1254
1364 231
1364 649
1364 516
1364 868
1364 1054
1364 58
1364 248
1364 601
1364 79
1364 1464
1364 1121
1364 773
1366 1462
1367 1590
1367 69
1367 1092
1367 290
1367 171
1367 473
1367 1312
1367 1054
1367 447
1367 193
1367 1187
1367 13
1367 898
1367 112
1369 564
1369 193
1369 112
1369 846
1369 1590
1369 1093
1369 1075
1369 893
1370 1186
1370 346
1370 1581
1370 1500
1370 1355
1370 708
1370 1136
1370 1612
1370 329
1370 467
1370 349
1370 462
1370 538
1370 1202
1370 404
1370 1003
1370 716
1370 555
1370 676
1370 136
1370 1040
1370 422
1370 374
1371 1517
1385 1422
1385 1139
1385 263
1385 1191
1385 1341
1385 284
1395 1312
1395 229
1395 1560
1395 566
1395 1251
1395 588
1400 317
1400 91
1400 577
1400 1575
1403 1219
1404 1003
1404 1447
1407 1370
1408 64
1408 1580
1408 1211
1408 1439
1408 1451
1408 1231
1408 638
1408 1542
1408 152
1408 455
1408 966
1408 1445
1409 934
1419 1331
1419 9
1419 1483
1419 1576
1419 64
1419 1231
1419 1211
1419 1601
1420 716
1423 589
1423 1447
1423 858
1423 716
1423 971
1423 668
1424 544
1424 1281
1424 919
1427 1210
1433 1053
1435 723
1436 1257
1436 504
1436 1500
1436 431
1438 1249
1438 1218
1438 397
1438 355
1438 467
1438 716
1438 1199
1439 64
1439 1331
1439 1408
1439 1028
1445 1273
1445 809
1445 1057
1445 64
1445 1483
1445 975
1445 1439
1445 616
1445 455
1445 1211
1445 1173
1445 638
1445 1215
1445 1028
1445 1580
1447 926
1447 557
1447 1423
1447 1195
1447 1129
1447 469
1447 1438
1447 1061
1447 1118
1447 1079
1447 415
1447 593
1447 467
1447 538
1447 151
1447 1404
1447 716
1447 458
1447 164
1447 987
1447 919
1447 391
1447 1494
1447 1599
1451 1331
1451 1580
1451 1231
1451 455
1451 638
1451 1173
1451 1419
1451 1483
1451 1215
1451 64
1451 975
1453 639
1453 451
1453 1303
1453 714
1453 530
1453 363
1453 590
1453 991
1453 4
1453 1213
1453 934
1453 231
1454 663
1454 16
1454 659
1454 1385
1454 1579
1454 626
1454 151
1454 920
1454 889
1454 1435
1454 728
1454 1482
1454 1555
1454 288
1454 863
1454 1550
1454 658
1454 810
1454 1542
1454 1563
1454 1559
1454 1387
1454 1497
1454 1507
1454 76
1454 488
1454 475
1454 312
1454 673
1454 560
1454 815
1454 691
1454 995
1454 693
1454 77
1454 788
1454 119
1454 1275
1454 1074
1454 284
1454 588
1454 219
1454 1151
1454 1133
1454 120
1454 353
1454 1003
1454 929
1454 983
1454 171
1454 376
1454 446
1454 1231
1454 1346
1454 1293
1454 304
1454 975
1454 1139
1454 960
1454 1093
1454 7
1454 1374
1454 346
1454 881
1454 98
1454 137
1454 254
1454 893
1454 1303
1454 921
1454 280
1454 373
1454 854
1454 1037
1454 328
1454 966
1454 557
1454 10
1454 88
1454 1220
1454 934
1454 223
1454 290
1454 379
1454 923
1454 418
1454 1204
1454 527
1454 985
1454 1433
1454 708
1454 1095
1454 295
1454 1262
1454 1077
1454 1352
1454 858
1454 731
1454 1065
1454 649
1454 13
1454 158
1454 502
1454 1541
1454 190
1454 546
1454 1191
1454 334
1454 1590
1454 1232
1454 1581
1454 604
1454 1437
1454 374
1454 1480
1454 115
1454 1014
1454 653
1454 1484
1454 498
1454 1619
1454 961
1454 835
1454 132
1454 143
1454 1323
1454 1600
1454 1366
1454 719
1454 574
1454 901
1454 327
1454 748
1454 618
1454 919
1454 915
1454 439
1454 1297
1454 776
1454 872
1454 1397
1454 918
1454 1419
1454 103
1454 530
1454 448
1454 228
1454 231
1454 1391
1454 712
1454 1213
1454 252
1454 165
1454 646
1454 847
1454 43
1454 1294
1454 211
1454 65
1454 1058
1454 1054
1454 221
1454 1409
1464 1214
1464 649
1464 616
1464 1364
1464 231
1468 1219
1471 1054
1471 119
1471 1053
1471 69
1471 1043
1475 1249
1476 1070
1476 1056
1476 588
1476 706
1476 1273
1476 653
1483 1445
1483 455
1483 1215
1483 1331
1483 301
1483 1231
1483 64
1483 1173
1483 1580
1483 1451
1483 1211
1493 723
1494 1447
1494 1218
1494 563
1495 129
1495 55
1495 206
1495 155
1495 1111
1495 1077
1495 1578
1495 262
1495 509
1495 688
1495 1291
1495 1467
1495 614
1495 1615
1495 17
1495 903
1496 879
1496 631
1496 189
1496 1471
1496 1304
1496 1588
1496 128
1496 920
1496 801
1496 890
1496 469
1496 467
1496 1188
1496 338
1496 175
1496 1185
1496 1254
1496 4
1496 771
1496 620
1500 557
1500 1257
1500 590
1500 765
1501 547
1501 1191
1501 888
1501 830
1501 1049
1501 1457
1501 48
1505 1017
1506 601
1510 1210
1510 145
1510 1557
1510 279
1510 1447
1510 1502
1517 1312
1517 1371
1517 1370
1517 590
1517 1355
1517 98
1518 1543
1518 1173
1518 284
1518 1215
1518 653
1519 731
1519 905
1519 965
1519 1014
1519 234
1519 1585
1519 771
1519 523
1519 1548
1519 1281
1519 1438
1519 1005
1519 1332
1519 788
1519 1427
1519 98
1519 191
1519 1538
1519 492
1519 737
1519 1326
1519 1190
1519 736
1519 937
1519 1612
1519 380
1519 919
1527 1130
1533 1053
1539 789
1541 716
1541 903
1541 1130
1541 48
1542 247
1542 658
1542 1231
1542 1331
1542 656
1542 1408
1542 1445
1542 1451
1542 455
1542 64
1543 52
1543 1518
1543 566
1543 1053
1544 287
1544 894
1544 1471
1544 48
1544 279
1544 76
1544 1359
1544 580
1544 1081
1544 1301
1544 762
1544 1110
1544 49
1544 775
1544 1319
1544 1402
1544 532
1544 191
1544 771
1544 948
1544 1239
1544 1005
1544 389
1544 255
1544 802
1544 478
1544 260
1544 1191
1544 317
1544 1504
1544 1516
1550 459
1550 1363
1550 65
1550 338
1550 596
1551 1132
1551 1484
1551 773
1551 858
1551 1074
1551 1222
1551 1226
1560 511
1560 1395
1560 566
1563 668
1573 1408
1573 1231
1573 1053
1573 1219
1573 1580
1573 1232
1573 1483
1573 107
1573 1331
1573 64
1573 1173
1575 616
1575 566
1575 1214
1575 248
1575 317
1575 231
1575 649
1575 1464
1575 43
1576 1451
1576 64
1576 1264
1576 9
1576 1580
1576 58
1576 247
1576 1601
1576 1231
1576 929
1580 1419
1580 1573
1580 64
1580 1173
1580 975
1580 1231
1580 1576
1580 638
1580 1331
1580 1451
1580 1445
1581 1318
1581 890
1581 538
1581 354
1585 1343
1585 1054
1585 1519
1585 98
1585 354
1585 1291
1585 649
1585 48
1585 145
1590 1054
1590 447
1590 926
1590 1369
1591 1438
1592 21
1599 1423
1599 637
1599 1455
1599 945
1599 1438
1599 649
1599 1557
1599 538
1599 1053
1599 1003
1599 389
1599 812
1613 996
1613 48
1614 492
1615 1077
1615 688
1615 614
1615 903
1615 22
1615 206
1615 590
1615 1495
1615 896
