382 116
431 64
415 242
464 259
565 555
47 591
121 493
47 287
565 133
415 428
499 681
12 279
523 673
189 111
12 146
415 625
431 214
464 598
7 65
382 136
499 18
189 456
165 432
499 95
47 411
464 273
165 574
12 29
121 590
165 255
431 238
431 502
382 316
165 662
382 367
565 531
464 444
165 380
189 380
165 111
382 426
565 271
464 201
382 612
464 255
499 573
121 399
565 77
12 408
565 672
415 233
121 639
415 653
464 519
381 612
381 110
382 591
415 402
523 318
382 399
431 496
7 468
189 78
464 225
270 15
420 328
7 123
464 677
415 568
499 567
189 37
499 154
382 86
565 122
12 115
464 657
415 430
420 161
464 441
464 454
415 165
464 346
47 62
12 644
47 550
415 237
381 328
382 350
415 208
464 525
382 209
499 158
121 395
415 573
382 503
7 652
382 529
499 608
499 402
431 155
565 324
382 673
47 224
415 135
431 92
189 680
121 502
382 220
382 298
499 329
381 684
431 513
47 257
12 673
381 43
565 685
382 560
565 612
523 34
7 220
381 531
189 16
415 468
381 82
382 659
12 193
12 645
415 396
464 257
499 633
415 393
499 666
523 235
121 116
47 72
415 582
47 407
420 115
565 447
415 452
499 482
415 499
499 141
47 343
431 473
12 116
464 170
47 365
165 608
47 147
565 496
382 110
7 617
47 432
381 517
499 318
499 261
415 371
7 276
381 220
47 264
431 57
189 29
523 456
121 426
415 570
415 397
499 422
382 148
499 459
415 253
121 301
565 242
415 210
499 223
189 402
523 389
499 465
464 557
464 36
431 686
47 63
189 610
382 109
415 20
464 643
165 55
12 430
189 312
420 551
381 385
121 338
382 76
420 253
12 414
499 667
415 383
431 675
165 231
165 293
12 148
165 691
12 300
270 461
565 459
420 608
420 202
431 436
12 320
121 673
415 340
121 487
47 164
381 431
464 397
415 578
47 166
382 13
121 652
165 639
523 460
189 614
415 130
47 488
415 252
165 70
415 492
565 140
382 401
415 374
464 89
165 19
415 380
420 630
415 190
165 314
464 584
431 264
12 643
47 1
121 113
523 108
382 686
464 229
7 615
499 504
565 392
165 479
464 448
165 395
121 159
464 577
499 119
499 686
189 199
189 197
165 187
499 75
499 413
464 380
382 230
47 377
47 565
464 211
431 477
165 594
464 684
382 404
47 401
464 105
565 587
420 323
464 388
431 474
165 322
499 405
382 327
189 439
381 65
47 195
165 611
565 474
47 420
523 481
565 183
189 209
415 248
415 138
47 399
431 680
47 136
464 278
121 537
464 219
381 672
464 457
415 327
415 577
189 654
499 185
464 226
431 575
7 611
12 505
464 275
415 101
381 627
565 608
499 238
47 3
7 288
382 617
12 449
464 485
165 300
165 405
415 265
12 250
47 334
7 645
47 295
165 588
464 492
415 261
565 159
382 685
464 430
382 85
499 414
12 167
12 502
381 235
431 29
420 29
47 232
189 678
431 419
270 277
47 272
464 21
381 175
189 636
47 128
499 562
464 687
415 426
464 483
382 495
121 454
382 456
464 334
415 413
47 458
464 514
464 44
165 648
381 603
7 531
464 258
381 534
165 396
165 131
420 514
381 211
431 91
47 687
499 201
47 464
189 85
415 132
12 303
381 162
499 128
165 446
415 542
415 24
431 670
565 113
415 367
47 519
499 308
415 318
189 206
165 178
165 180
464 407
381 159
121 688
47 639
464 404
165 647
382 55
7 279
189 253
523 253
420 539
499 521
189 22
499 689
165 435
565 668
415 245
189 27
565 378
189 331
381 119
464 47
523 539
382 688
431 83
47 319
499 93
415 412
382 291
189 232
464 179
431 2
189 307
523 50
431 313
189 523
382 615
499 314
415 42
431 684
431 672
499 163
415 543
189 562
431 527
464 135
420 143
7 577
464 654
431 211
565 504
499 45
523 46
165 566
270 122
431 212
499 625
7 621
7 234
165 676
382 111
382 592
420 576
565 499
270 113
499 548
189 552
415 56
420 152
415 177
189 31
464 507
565 352
431 671
415 114
165 155
499 57
12 615
415 224
464 336
189 593
189 218
415 586
189 75
165 375
382 581
565 356
565 541
464 141
415 140
420 645
523 324
381 487
7 24
381 569
499 175
47 428
523 506
464 359
420 541
565 60
7 237
165 689
415 500
523 334
12 581
189 291
47 424
121 591
415 350
415 480
431 443
189 356
189 285
415 683
431 201
499 94
382 66
431 257
381 140
420 559
523 151
12 181
381 440
189 271
12 426
431 607
499 153
382 608
499 61
47 215
464 323
47 64
382 371
464 521
431 539
415 296
464 22
415 52
565 129
381 209
47 255
431 310
523 220
499 325
382 263
381 129
121 15
415 289
499 631
431 112
415 214
499 86
47 340
415 282
382 372
464 680
165 197
270 304
47 267
47 393
431 10
415 592
415 399
165 421
464 542
464 305
12 113
499 353
415 77
415 84
47 26
165 264
499 543
165 49
7 638
565 607
47 674
464 197
165 296
381 165
270 475
382 75
464 644
415 463
47 87
565 592
189 324
189 81
7 434
165 50
47 682
7 371
565 591
431 654
47 374
464 669
189 691
523 594
523 154
464 428
415 382
565 128
415 221
7 684
12 338
431 362
464 317
7 26
431 563
499 632
431 261
189 338
47 657
415 509
165 447
464 432
499 60
121 614
499 38
415 691
415 667
415 375
381 318
47 630
431 173
523 378
415 403
189 86
381 233
499 558
165 104
499 127
47 392
12 557
189 668
7 146
464 416
420 116
382 179
499 6
7 527
464 181
189 328
523 411
121 256
464 86
431 224
565 166
121 156
464 597
47 501
420 395
464 630
47 493
420 423
189 180
431 676
189 568
121 187
565 417
565 298
523 223
47 471
415 436
415 603
415 319
464 251
12 263
464 260
565 177
47 228
464 660
165 159
464 608
499 36
415 602
565 637
464 587
165 11
499 339
464 159
499 27
382 47
420 233
382 590
47 21
165 328
47 69
47 213
431 648
382 235
464 14
415 409
499 1
431 632
381 253
381 322
12 471
565 150
464 691
415 325
381 504
464 610
189 194
464 424
382 577
431 548
431 525
464 572
499 28
7 609
381 117
523 449
382 668
382 624
420 324
121 679
499 615
382 588
523 229
415 434
523 525
565 542
499 196
499 30
47 269
415 236
189 475
464 188
499 271
381 63
464 134
431 281
431 256
189 318
499 195
189 496
420 38
12 482
431 185
420 624
189 352
189 685
499 5
431 119
189 32
499 288
415 377
499 183
464 367
382 645
382 283
499 428
270 645
415 558
382 493
165 137
47 109
464 611
7 456
121 478
189 617
499 590
189 21
121 7
382 502
381 249
464 190
420 57
565 85
565 259
464 52
565 18
7 449
565 652
165 52
382 623
499 91
189 429
47 653
165 586
431 179
121 229
431 614
165 554
523 511
523 420
565 514
7 116
381 150
381 231
189 644
565 1
47 132
189 249
565 558
464 193
7 414
189 117
381 29
121 238
7 528
464 546
420 594
431 199
165 512
12 679
415 230
464 355
381 471
121 213
12 42
499 566
47 590
415 21
381 521
189 244
464 459
165 279
165 184
382 138
270 234
499 336
565 244
189 207
415 316
523 306
7 509
12 638
464 177
565 290
7 193
270 411
415 223
464 81
382 147
523 586
189 215
382 639
464 144
431 259
431 522
431 205
12 432
7 543
415 150
189 161
7 155
499 233
381 31
420 349
431 679
47 380
431 28
431 439
189 113
47 690
12 457
382 277
499 540
12 57
189 227
565 559
431 68
431 413
415 193
415 46
565 381
499 303
431 245
382 242
415 599
382 552
47 371
165 567
189 157
499 105
415 62
415 328
464 265
47 586
499 152
382 607
382 113
523 156
431 41
499 296
464 375
415 668
415 508
189 77
47 71
12 551
415 643
189 677
464 126
565 70
189 67
431 377
431 336
415 117
382 431
12 503
189 608
431 517
415 437
415 297
165 660
189 314
165 267
165 102
121 672
523 256
12 159
189 223
565 373
565 657
415 122
47 520
464 234
415 164
47 609
382 647
523 670
431 609
189 465
464 358
464 624
464 112
420 154
464 592
189 440
565 211
499 596
565 544
415 154
523 37
499 297
499 538
165 218
7 440
382 229
189 213
381 449
420 123
464 405
47 546
565 476
499 487
499 147
420 277
415 167
431 67
165 399
382 211
47 165
565 679
464 147
165 74
464 508
464 414
565 419
165 59
499 417
464 555
189 3
523 619
47 231
523 512
420 587
381 643
464 101
382 417
165 490
7 688
431 445
381 324
47 34
381 116
381 350
47 188
47 691
7 183
499 144
499 341
382 626
499 287
7 419
464 403
464 210
499 379
464 599
415 168
165 626
464 268
382 193
420 632
382 15
12 26
431 73
47 513
420 633
499 511
121 140
165 126
499 159
415 425
165 109
47 552
7 244
47 452
121 244
415 180
420 440
415 624
523 9
165 91
431 674
189 219
415 172
565 160
12 143
415 70
464 682
420 77
12 496
420 329
382 632
464 490
464 173
382 288
431 159
499 266
499 440
415 535
523 394
431 673
499 626
415 678
165 321
415 638
415 330
382 355
47 288
420 547
464 487
7 284
420 406
431 335
499 256
270 573
121 133
165 12
415 400
464 232
565 155
165 397
165 394
165 273
382 658
499 635
464 347
431 438
47 35
464 238
523 363
165 42
165 467
270 235
12 296
47 123
499 227
189 392
189 390
431 329
47 559
47 245
523 49
523 307
565 539
381 101
523 303
565 485
415 187
47 273
189 430
415 126
431 569
464 601
189 417
499 220
499 44
415 418
7 471
415 35
270 672
464 515
415 196
47 294
121 684
464 410
165 317
565 304
165 384
189 46
464 109
165 21
189 419
382 227
499 108
415 362
499 23
565 216
381 645
415 2
499 145
381 670
47 41
47 12
415 348
382 146
499 245
7 443
189 93
464 54
431 17
565 434
431 587
464 672
565 624
464 122
165 272
420 110
464 237
189 457
189 526
7 57
415 81
165 41
47 369
12 1
47 540
464 438
499 525
165 690
464 523
415 670
12 407
415 219
499 250
565 439
47 449
464 391
565 252
189 99
431 291
165 68
270 244
415 679
189 190
270 193
7 567
12 684
415 109
382 352
523 435
165 576
431 612
189 575
165 177
464 551
523 347
382 461
415 4
565 349
382 322
165 534
381 38
381 537
464 413
499 454
415 504
464 558
464 140
381 614
415 215
431 166
381 666
382 601
47 627
382 305
464 298
415 336
431 255
7 435
47 447
431 243
415 136
270 547
420 117
431 533
464 172
523 679
565 178
464 192
12 606
415 54
415 471
12 255
415 493
189 187
523 7
464 307
47 456
415 159
415 149
165 552
431 6
523 550
420 22
47 7
464 80
565 432
7 30
165 85
382 9
499 407
47 549
189 491
165 194
499 560
7 560
415 580
499 593
47 178
565 109
7 637
565 593
415 404
189 559
464 12
499 412
189 250
270 652
464 231
189 666
189 79
381 461
165 318
464 649
499 674
189 646
382 77
189 612
12 0
415 112
415 497
565 415
565 486
420 679
499 587
7 411
464 500
415 547
415 394
464 437
464 420
431 13
47 51
415 536
431 290
499 678
464 553
165 628
565 611
382 4
420 381
420 528
431 637
431 316
431 415
382 255
415 188
121 371
415 247
415 666
165 373
565 43
431 604
431 222
381 678
420 491
499 12
431 56
464 504
165 562
47 199
415 345
565 636
565 684
499 668
381 496
464 48
499 16
165 286
381 71
47 31
121 555
47 462
189 411
431 378
523 183
499 406
431 253
464 662
165 261
565 5
415 526
189 531
415 384
165 308
415 476
499 258
165 664
47 81
47 61
47 161
382 385
415 359
7 59
7 178
499 54
381 402
565 225
12 411
499 541
47 315
47 270
415 395
121 430
464 74
381 687
499 264
7 60
499 505
381 281
382 171
165 193
47 46
420 447
270 99
499 360
381 338
464 379
381 406
189 252
189 208
165 214
165 129
165 105
7 255
7 557
415 488
415 329
47 146
7 280
464 524
565 22
121 324
499 627
189 589
47 86
431 593
121 264
165 309
381 557
381 435
499 37
382 231
565 365
431 628
431 516
47 647
431 294
270 264
165 551
420 319
415 76
47 174
7 485
464 522
431 571
499 373
415 262
382 452
464 560
12 77
165 220
565 117
382 51
415 606
499 66
382 262
420 113
415 657
7 614
565 57
382 353
415 647
523 574
464 156
565 6
499 657
464 96
47 548
464 269
565 597
464 76
420 159
415 361
270 75
189 659
12 237
523 87
431 123
523 499
499 102
464 103
431 71
47 49
464 583
165 466
565 251
47 102
7 119
189 606
415 464
499 181
415 519
381 538
415 562
382 641
381 501
499 385
189 281
47 579
523 678
415 608
420 554
565 369
415 689
381 452
565 84
464 150
499 663
12 317
431 140
12 225
415 441
420 609
420 264
189 454
499 213
523 162
565 147
415 222
47 678
47 4
499 672
270 146
47 663
565 396
47 280
431 45
565 138
165 204
121 235
415 682
12 474
464 540
464 493
270 154
7 29
189 547
7 643
499 359
47 93
464 498
431 278
415 18
189 349
12 394
7 82
431 551
47 290
420 72
464 409
165 199
415 258
565 494
464 453
499 437
499 203
431 405
189 168
523 17
565 89
464 155
382 145
415 601
415 255
47 675
523 197
47 328
415 63
381 94
415 88
565 627
431 66
382 521
165 294
12 668
47 551
7 624
381 48
565 596
565 229
523 444
499 320
415 613
47 526
565 458
499 109
523 557
499 614
420 255
47 20
7 460
165 679
189 533
415 204
189 633
420 230
189 196
565 452
47 507
420 480
415 360
381 675
464 9
47 179
499 55
415 314
165 324
499 71
7 143
12 208
431 153
382 278
420 659
420 509
189 41
12 461
47 125
464 341
523 250
415 322
382 682
165 412
270 238
165 472
270 324
420 403
523 470
382 389
499 50
382 133
565 253
165 454
189 474
523 237
121 633
381 526
189 82
431 386
415 293
7 128
464 349
165 236
565 237
499 366
523 337
189 443
382 531
165 442
165 76
415 607
165 124
415 530
382 579
165 597
415 173
565 179
464 582
431 8
382 244
499 476
47 207
420 30
499 392
565 268
431 588
415 646
121 28
415 505
431 526
565 82
415 444
415 229
499 133
189 70
415 559
420 478
165 100
431 11
464 518
415 6
7 505
499 350
464 330
165 245
431 196
12 507
415 548
47 613
431 462
431 217
47 227
382 606
415 515
415 617
47 629
464 602
47 607
464 311
47 189
415 315
165 458
499 664
499 171
415 9
382 356
7 591
415 69
189 30
382 597
47 367
431 128
565 263
431 605
431 649
431 663
121 284
431 638
431 488
431 594
565 584
464 361
420 457
47 592
47 500
523 615
431 322
415 517
47 434
415 118
464 447
431 500
431 174
47 481
415 203
464 568
464 429
381 238
165 78
565 562
431 404
47 444
565 330
382 49
565 321
47 258
165 9
47 608
165 291
7 580
165 361
415 417
431 515
431 293
464 149
523 507
464 484
189 687
464 11
464 527
381 560
464 511
47 74
165 604
12 59
47 652
12 133
499 532
381 353
165 289
499 205
381 237
420 369
420 365
121 99
382 349
12 594
382 453
47 554
431 677
382 443
47 654
47 235
381 252
189 294
565 51
7 636
523 166
121 66
464 629
464 661
121 525
7 42
464 402
47 187
381 115
415 19
415 483
270 209
431 547
565 554
189 555
415 91
270 305
47 261
464 664
565 21
464 216
165 6
415 545
381 414
12 288
381 395
415 281
499 218
499 249
499 398
415 372
415 612
382 411
431 207
420 65
431 494
464 233
121 456
189 260
382 672
121 365
165 139
415 385
415 503
189 59
499 351
431 447
499 471
431 270
165 90
464 312
464 131
165 353
47 347
415 569
382 547
499 63
499 33
381 330
565 234
47 402
523 181
47 5
381 268
382 58
415 528
415 474
12 559
420 461
431 324
565 305
382 128
165 685
189 183
47 427
431 573
415 633
464 556
7 579
47 292
431 389
420 209
381 551
189 565
165 33
165 301
12 652
499 231
12 392
47 131
415 50
12 660
189 220
420 46
165 30
7 97
431 289
415 166
415 555
189 620
431 373
464 467
189 193
165 363
464 92
523 319
523 583
565 609
464 38
464 384
47 278
12 475
189 590
189 342
7 478
464 435
12 491
415 339
189 216
464 270
464 637
420 405
382 99
382 365
523 598
464 93
415 29
431 390
270 485
415 421
523 651
47 611
121 557
499 11
415 416
189 528
382 215
464 352
464 45
431 97
189 292
12 620
431 330
420 502
565 658
499 461
499 113
7 394
499 259
499 658
47 419
47 234
464 685
165 95
464 130
499 677
431 319
499 82
189 658
189 458
565 626
189 148
431 314
565 371
464 503
415 342
499 591
189 476
381 310
381 277
189 594
499 167
565 306
464 479
565 161
431 59
420 404
464 344
523 408
523 44
47 324
499 452
415 277
499 200
431 144
189 121
382 489
499 35
189 17
431 182
464 133
499 306
565 193
47 117
499 106
165 251
382 434
121 234
415 38
381 529
565 62
464 328
431 595
381 96
499 235
499 602
431 320
381 291
499 85
499 337
415 45
431 553
381 549
7 644
382 252
499 493
382 550
382 505
47 122
47 203
431 524
464 174
12 13
523 130
499 25
464 279
499 134
165 198
499 272
420 150
47 253
464 628
499 172
47 518
565 666
565 34
415 459
47 10
431 365
464 481
565 482
415 477
165 254
382 660
381 528
464 23
47 504
7 675
464 184
7 372
523 126
189 128
464 606
565 385
499 613
431 426
165 403
464 468
415 405
189 592
47 479
464 17
415 473
189 42
165 398
47 242
189 532
47 308
382 285
431 80
565 430
431 65
464 383
431 585
165 632
415 194
431 639
523 41
381 15
565 65
499 255
165 605
565 484
165 151
47 453
464 67
464 633
415 147
431 9
464 676
121 104
415 269
523 69
523 91
499 507
381 609
464 146
7 401
381 481
189 211
464 18
415 574
464 321
47 78
565 654
431 482
165 592
420 287
382 139
165 302
565 551
189 122
464 340
420 638
165 476
165 336
499 685
499 3
165 94
464 66
464 591
47 636
499 87
431 483
270 49
431 213
189 233
523 443
420 355
189 20
381 306
565 224
165 491
47 547
382 11
464 374
47 53
431 658
165 400
270 550
499 478
431 627
47 275
431 603
189 124
415 419
47 310
431 428
165 344
464 646
165 499
523 213
7 328
121 34
47 430
189 171
464 488
523 279
47 150
381 285
47 556
499 435
381 307
415 450
7 253
165 642
464 471
523 75
464 10
381 66
415 589
565 475
499 292
165 82
464 631
499 293
165 511
415 271
415 656
12 15
381 313
499 168
499 9
420 122
12 276
382 50
499 187
431 599
431 580
499 2
565 175
464 243
499 202
431 346
189 88
7 31
415 597
47 478
420 471
464 364
165 66
47 489
47 66
464 214
565 340
415 507
464 658
165 341
464 280
464 509
165 609
499 126
47 385
565 176
415 631
47 517
189 116
382 59
431 117
499 90
165 570
189 237
415 644
165 31
464 586
270 612
7 502
415 155
431 414
565 687
47 200
464 261
189 603
12 636
165 548
499 642
189 488
523 538
499 484
499 92
431 106
165 211
12 564
464 71
415 301
415 352
382 159
189 426
381 99
415 560
431 167
189 611
381 234
415 266
189 431
565 519
381 661
499 477
565 431
165 320
47 2
165 555
189 471
565 90
47 512
523 15
464 324
499 77
464 351
189 167
165 69
431 122
121 560
165 419
47 157
47 25
565 573
121 401
270 284
565 471
464 415
7 590
415 627
499 315
47 77
47 183
270 46
381 394
420 243
464 16
431 52
431 3
565 192
499 467
464 345
464 605
12 38
189 501
381 408
431 251
381 17
7 166
382 268
415 676
47 112
499 641
431 659
415 596
415 137
415 632
382 120
189 360
270 401
431 269
464 264
47 645
7 324
382 328
499 432
7 361
415 251
47 326
464 469
464 182
420 9
565 200
499 675
382 618
381 434
464 160
415 186
523 601
523 231
565 613
499 364
464 248
7 320
431 304
420 303
189 369
47 230
12 525
464 636
431 113
415 376
270 349
420 672
420 545
47 644
415 57
381 377
499 537
12 306
381 387
121 533
565 3
47 673
464 143
47 172
47 370
270 253
431 218
565 169
464 69
420 263
381 511
464 621
382 154
499 216
420 430
12 464
464 423
165 451
464 595
415 363
47 566
431 505
464 50
499 589
415 600
12 434
523 348
499 283
523 264
415 34
47 426
431 303
523 632
47 499
12 591
464 386
464 578
464 552
189 134
420 660
47 303
165 507
12 147
464 671
464 123
415 686
464 291
12 291
415 533
464 686
464 505
415 337
270 679
165 311
381 166
499 502
47 361
464 510
523 301
189 234
189 395
464 561
420 636
415 96
165 56
431 534
499 188
431 235
382 539
12 178
499 408
523 430
47 398
499 210
121 617
499 262
47 624
523 320
121 48
499 143
121 253
165 7
464 394
189 415
565 681
189 591
565 422
499 269
415 680
12 587
47 443
431 644
270 528
381 668
415 23
7 209
464 119
499 7
415 475
415 635
270 41
381 191
12 528
431 296
464 390
499 131
270 457
565 549
464 559
381 108
415 86
121 75
7 228
499 301
121 76
189 396
382 651
420 317
165 672
165 682
464 203
12 110
381 41
381 243
464 387
382 56
382 471
565 576
270 152
415 37
47 668
415 142
270 533
165 372
464 309
165 522
499 114
165 516
431 371
47 48
381 18
464 520
420 678
420 573
189 5
523 471
565 557
499 515
464 121
499 469
382 416
565 120
464 612
12 583
499 146
420 607
47 626
565 255
499 104
464 285
47 492
189 169
565 243
431 237
431 93
165 244
464 151
499 516
415 353
7 281
415 61
415 103
165 678
565 550
420 360
382 63
165 130
464 339
565 47
431 501
565 617
431 186
431 666
382 161
431 354
165 287
381 112
189 398
464 421
415 465
499 473
431 642
12 549
189 362
415 31
165 338
499 436
464 32
189 238
431 282
565 209
431 136
47 491
499 160
165 72
523 284
165 303
270 291
165 460
270 632
165 146
523 393
565 87
415 131
47 643
381 493
165 571
47 190
165 306
121 481
431 272
47 417
565 444
189 247
464 585
382 308
47 684
415 514
464 548
431 423
464 315
381 178
121 263
499 343
415 387
7 564
382 638
189 127
523 684
382 362
431 391
523 207
189 205
431 380
121 686
499 649
464 663
464 357
415 687
499 606
415 511
499 348
12 17
464 368
47 358
420 15
47 400
165 459
431 536
47 484
565 387
431 465
464 647
415 162
499 307
431 691
464 455
415 634
565 213
565 292
7 545
165 684
47 306
499 17
7 256
431 616
464 642
189 230
189 525
381 361
189 14
464 297
381 104
7 601
499 670
464 619
270 285
189 521
415 264
165 217
565 615
420 42
464 547
415 216
382 27
382 38
523 187
464 338
431 624
189 144
47 89
523 285
565 163
464 620
415 485
431 449
381 632
420 133
415 619
420 550
381 638
415 176
12 312
415 217
565 493
165 475
189 240
189 615
431 191
565 423
189 147
415 156
499 244
189 156
565 190
7 264
415 87
382 664
565 81
415 250
165 649
165 489
420 422
431 403
415 228
165 260
47 587
7 159
565 66
189 277
47 623
121 644
47 685
499 121
523 573
189 348
189 303
464 75
420 581
382 52
415 324
165 188
189 385
464 222
420 34
431 195
12 253
47 581
47 29
464 603
382 60
165 465
12 277
565 144
464 580
464 194
464 87
464 163
7 292
189 502
431 337
189 84
464 566
7 46
431 38
464 64
47 37
270 66
7 305
499 451
415 239
464 236
431 592
47 256
464 95
415 539
47 265
7 99
415 243
165 348
189 672
431 543
382 555
464 363
565 456
165 428
431 411
381 85
12 385
415 198
7 141
464 116
7 90
464 223
189 313
464 218
415 317
420 99
499 394
47 152
165 681
464 200
381 601
565 454
165 349
431 490
565 386
381 591
381 433
47 296
431 105
420 167
499 599
464 668
381 674
499 371
565 391
464 371
415 579
420 432
189 198
499 395
189 339
431 581
431 369
12 30
464 97
565 412
415 163
431 461
382 448
464 0
464 623
464 152
12 401
7 317
420 237
382 563
464 296
431 406
381 525
165 492
189 464
47 42
464 289
165 537
270 306
270 658
165 517
565 643
565 124
165 497
431 656
381 510
464 466
381 138
12 633
47 601
464 27
415 287
431 633
270 577
420 60
165 118
382 19
499 161
420 75
431 90
381 355
382 197
165 387
121 349
464 462
415 431
464 227
7 75
165 498
165 633
382 181
464 439
499 49
12 173
270 59
189 235
189 499
464 78
189 637
499 197
381 76
499 156
523 591
189 554
12 187
12 109
381 392
499 352
431 544
165 171
420 651
382 122
165 595
499 444
165 26
565 426
381 100
189 535
431 88
189 222
565 318
565 11
431 327
415 161
565 100
499 273
431 392
47 219
420 187
47 506
381 26
431 116
499 115
121 328
431 84
12 60
165 386
189 560
420 312
431 168
12 601
464 632
381 342
47 75
47 85
565 26
420 623
189 549
420 5
47 317
415 529
415 502
12 418
189 175
431 103
523 688
381 653
12 436
464 252
415 427
381 64
165 141
565 671
189 425
565 465
165 541
189 300
431 14
165 10
7 34
464 570
431 611
270 256
47 408
415 566
420 371
464 34
499 624
381 399
47 496
415 422
189 19
523 43
381 411
464 545
7 303
47 311
165 207
382 32
47 406
7 491
7 481
464 652
565 594
47 390
47 329
420 481
47 683
565 238
415 146
415 158
464 667
12 360
165 282
420 82
523 290
431 131
523 461
12 405
464 674
165 48
523 22
499 65
121 550
382 684
464 496
565 525
565 632
165 589
431 53
382 141
7 392
165 54
165 346
382 41
565 218
189 377
165 613
415 440
47 529
415 366
47 28
415 675
420 192
431 537
381 70
420 225
415 446
431 388
270 116
464 206
431 1
415 626
415 152
165 181
47 342
499 251
464 626
464 422
431 133
565 395
499 313
565 343
523 427
565 581
47 101
415 298
464 670
12 547
165 659
189 229
464 400
464 396
499 285
165 191
464 220
464 191
415 64
431 96
382 481
381 193
47 662
165 686
12 328
464 118
464 593
420 266
7 167
7 133
431 565
415 44
499 88
431 306
499 485
431 220
381 196
381 303
121 486
499 409
47 382
165 96
431 232
464 241
499 426
189 288
565 480
47 460
165 493
47 56
415 537
415 354
12 310
189 23
381 25
499 611
381 585
381 533
7 233
565 512
165 503
381 293
415 309
565 529
381 60
431 115
47 223
431 317
431 615
415 460
47 508
499 62
464 543
415 43
189 154
381 607
47 52
523 140
47 115
382 320
420 652
499 278
464 169
415 288
165 646
464 209
47 204
47 362
189 623
121 406
431 42
415 53
415 33
381 512
565 135
