7 337
7 570
7 195
7 669
7 390
7 173
7 585
7 630
7 53
7 184
7 602
7 273
7 69
7 160
7 520
7 513
7 310
7 427
7 157
7 677
7 619
7 149
7 36
7 196
7 518
7 89
7 230
7 366
7 19
7 571
7 203
7 186
7 313
7 174
7 239
7 641
7 646
7 223
7 338
7 374
7 6
7 206
7 497
7 551
7 235
7 299
7 300
7 517
7 364
7 409
7 642
7 265
7 342
7 444
7 105
7 217
7 88
7 232
7 147
7 433
7 86
7 316
7 691
7 0
7 286
7 240
7 101
7 483
7 175
7 8
7 512
7 473
7 14
7 241
7 537
7 261
7 472
7 634
7 437
7 185
7 640
7 214
7 464
7 466
7 586
7 477
7 588
7 139
7 604
7 271
7 47
7 356
7 198
7 314
7 165
7 92
7 391
7 177
7 309
7 176
7 336
7 249
7 80
7 558
7 245
7 595
7 600
7 268
7 172
7 524
7 181
7 388
7 670
7 415
7 674
7 340
7 661
7 487
7 425
7 205
7 163
7 584
7 12
7 430
7 275
7 459
7 154
7 618
7 118
7 40
7 529
7 351
7 395
7 578
7 683
7 479
7 201
7 352
7 81
7 655
7 490
7 95
7 93
7 523
7 404
7 575
7 343
7 398
7 680
7 312
7 599
7 103
7 100
7 687
7 91
7 565
7 333
7 448
7 236
7 368
7 416
7 426
7 262
7 469
7 386
7 649
7 431
7 151
7 169
7 121
7 62
7 248
7 51
7 442
7 107
7 393
7 486
7 129
7 625
7 667
7 383
7 247
7 278
7 488
7 597
7 359
7 410
7 682
7 539
7 341
7 544
7 308
7 452
7 663
7 25
7 64
7 283
7 671
7 447
7 480
7 501
7 315
7 211
7 334
7 439
7 162
7 111
7 515
7 583
7 589
7 484
7 506
7 355
7 489
7 297
7 353
7 387
7 78
7 400
7 465
7 33
7 526
7 212
7 27
7 455
7 441
7 71
7 566
7 43
7 377
7 495
7 363
7 70
7 676
7 259
7 83
7 55
7 61
7 199
7 362
7 289
7 52
7 458
7 633
7 267
7 534
7 339
7 689
7 257
7 302
7 23
7 561
7 282
7 332
7 74
7 138
7 492
7 446
7 188
7 532
7 295
7 598
7 58
7 321
7 168
7 653
7 194
7 396
7 50
7 258
7 72
7 389
7 647
7 210
7 326
7 63
7 287
7 294
7 106
7 48
7 347
7 171
7 375
7 420
7 470
12 107
12 214
12 131
12 118
12 453
12 197
12 252
12 466
12 651
12 366
12 618
12 183
12 409
12 216
12 429
12 23
12 562
12 124
12 669
12 451
12 200
12 372
12 647
12 45
12 605
12 102
12 163
12 87
12 655
12 640
12 376
12 427
12 19
12 84
12 592
12 160
12 295
12 201
12 313
12 373
12 630
12 137
12 631
12 258
12 397
12 439
12 579
12 691
12 688
12 542
12 599
12 236
12 586
12 646
12 556
12 271
12 611
12 485
12 625
12 190
12 368
12 132
12 96
12 500
12 578
12 610
12 18
12 125
12 248
12 4
12 108
12 196
12 31
12 602
12 16
12 79
12 75
12 128
12 5
12 129
12 479
12 316
12 235
12 603
12 566
12 262
12 153
12 36
12 239
12 241
12 362
12 487
12 179
12 582
12 494
12 423
12 623
12 384
12 428
12 663
12 674
12 393
12 354
12 53
12 10
12 111
12 361
12 352
12 619
12 138
12 600
12 386
12 431
12 347
12 450
12 477
12 14
12 455
12 265
12 150
12 260
12 326
12 215
12 522
12 117
12 514
12 656
12 58
12 375
12 205
12 342
12 269
12 98
12 307
12 315
12 467
12 189
12 101
12 513
12 245
12 259
12 286
12 480
12 283
12 378
12 343
12 575
12 127
12 164
12 41
12 340
12 548
12 460
12 389
12 151
12 218
12 7
12 212
12 345
12 346
12 438
12 395
12 593
12 495
12 35
12 194
12 521
12 293
12 97
12 568
12 168
12 580
12 231
12 472
12 585
12 165
12 483
12 149
12 445
12 319
12 596
12 470
12 331
12 665
12 506
12 664
12 83
12 532
12 424
12 383
12 558
12 538
12 204
12 356
12 289
12 617
12 270
12 358
12 120
12 489
12 560
12 25
12 333
12 334
12 188
12 650
12 628
12 176
12 100
12 202
12 535
12 145
12 278
12 86
12 561
12 261
12 526
12 297
12 51
12 314
12 351
12 185
12 11
12 78
12 639
12 301
12 589
12 433
12 43
12 444
12 463
12 459
12 170
12 285
12 76
12 420
12 598
12 515
12 169
12 172
12 634
12 55
12 52
12 257
12 624
12 329
12 348
12 421
12 246
12 62
12 224
12 442
12 510
12 446
12 130
12 448
12 653
12 584
12 226
12 254
12 203
12 39
12 182
12 524
12 402
12 27
12 520
12 359
12 106
12 364
12 198
12 648
12 659
12 174
12 370
12 518
47 582
47 198
47 634
47 149
47 83
47 473
47 118
47 346
47 139
47 386
47 448
47 341
47 429
47 236
47 655
47 438
47 88
47 302
47 638
47 689
47 96
47 312
47 577
47 105
47 615
47 145
47 505
47 405
47 168
47 455
47 637
47 169
47 602
47 384
47 578
47 68
47 570
47 650
47 214
47 321
47 680
47 309
47 569
47 486
47 84
47 515
47 498
47 669
47 351
47 222
47 260
47 466
47 667
47 600
47 431
47 585
47 106
47 413
47 510
47 597
47 658
47 360
47 446
47 472
47 206
47 171
47 14
47 335
47 357
47 610
47 137
47 331
47 337
47 332
47 516
47 92
47 233
47 121
47 628
47 208
47 397
47 375
47 140
47 23
47 289
47 595
47 170
47 604
47 333
47 30
47 279
47 423
47 184
47 572
47 412
47 543
47 175
47 6
47 27
47 307
47 323
47 676
47 95
47 440
121 45
121 570
121 330
121 655
121 348
121 422
121 351
121 179
121 255
121 82
121 516
121 440
121 334
121 40
121 451
121 449
121 196
121 397
121 141
121 180
121 542
121 124
121 402
121 372
121 62
121 29
121 660
121 373
121 4
121 676
121 517
121 163
121 71
121 195
121 382
121 524
121 199
121 446
121 56
121 240
121 230
121 370
121 534
121 564
121 300
121 544
121 186
121 219
121 467
121 289
121 671
121 3
121 527
121 157
121 410
121 662
121 27
121 383
121 630
121 139
121 309
121 380
121 484
121 97
121 361
121 173
121 488
121 472
121 506
121 44
121 561
121 251
121 61
121 569
121 231
121 549
121 459
121 32
121 161
121 272
121 670
121 585
121 160
121 489
121 127
121 435
121 254
121 579
121 545
121 400
121 664
121 188
121 276
121 439
121 103
121 677
121 86
121 577
121 73
121 377
121 226
121 648
121 492
121 2
121 189
121 477
121 466
121 119
121 354
121 610
121 120
121 325
121 327
121 355
121 122
121 428
121 142
121 94
121 640
121 687
121 463
121 563
121 314
121 347
121 503
121 14
121 47
121 304
121 606
121 441
121 437
121 91
121 483
121 134
121 164
121 602
121 84
121 232
121 144
121 690
121 242
121 443
121 236
121 332
121 288
121 455
121 460
121 6
121 588
121 436
121 635
121 153
121 680
121 522
121 202
121 571
121 46
121 631
121 194
121 389
121 553
121 245
121 559
121 417
121 88
121 252
121 586
121 170
121 16
121 598
121 626
121 167
121 499
121 457
121 427
121 221
121 482
121 175
121 669
121 64
121 331
121 162
121 629
121 315
121 77
121 268
121 90
121 35
121 558
121 474
121 337
121 448
121 22
121 421
121 215
121 259
121 381
121 666
121 649
121 265
121 682
121 345
121 619
121 295
121 616
121 665
121 476
121 227
121 247
121 10
121 369
121 636
121 656
121 316
121 663
121 174
121 392
121 554
121 108
121 128
121 209
121 172
121 67
121 599
121 282
121 260
121 604
121 246
121 149
121 129
121 36
121 394
121 576
121 387
121 52
121 298
121 19
121 637
121 102
121 169
121 74
121 296
121 530
121 650
121 600
121 290
121 214
121 190
121 109
121 23
121 462
121 504
121 500
121 286
121 378
121 386
121 63
121 210
121 470
121 261
121 681
121 18
121 266
121 415
121 93
121 307
121 519
121 450
121 390
121 158
121 262
121 275
121 248
121 366
121 293
121 60
121 444
121 12
121 184
121 452
121 376
121 628
121 311
121 607
121 329
121 653
121 618
121 339
121 581
121 233
121 540
121 431
121 257
121 413
121 432
121 79
121 72
121 458
121 177
121 341
121 627
121 646
121 423
121 204
121 249
121 168
121 583
121 135
121 165
121 185
121 148
121 55
121 551
121 321
121 96
121 510
121 181
121 485
121 176
121 353
121 364
121 33
121 323
121 53
121 136
121 346
121 291
121 654
121 118
121 342
121 548
121 279
121 69
165 330
165 612
165 480
165 502
165 494
165 101
165 644
165 233
165 60
165 312
165 462
165 67
165 453
165 445
165 509
165 240
165 593
165 423
165 449
165 569
165 606
165 248
165 542
165 601
165 61
165 667
165 457
165 258
165 505
165 128
165 32
165 189
165 575
165 247
165 122
165 666
165 173
165 257
165 390
165 513
165 36
165 313
165 463
165 208
165 587
165 536
165 464
165 213
165 153
165 249
165 145
165 29
165 549
165 22
165 434
165 578
165 209
165 319
165 468
165 292
165 680
165 343
165 138
165 175
165 622
165 527
165 326
165 687
165 295
165 369
165 337
165 219
165 677
165 546
165 246
165 524
165 559
165 0
165 636
165 617
165 596
165 143
165 645
165 160
165 630
165 117
165 276
165 16
165 92
165 352
165 216
165 572
165 250
165 521
165 226
165 407
165 152
165 329
165 581
165 340
165 496
165 370
165 482
165 123
165 190
165 638
165 269
165 520
165 275
165 339
165 392
165 388
165 8
165 414
165 57
165 195
165 450
165 263
165 262
165 88
165 13
165 345
165 241
165 599
165 359
165 271
165 182
165 585
165 448
165 47
165 374
165 420
165 335
165 657
165 163
165 64
165 452
165 367
165 688
165 297
165 201
165 543
165 637
165 196
165 563
165 120
165 14
165 411
189 87
189 337
189 52
189 647
189 334
189 516
189 104
189 326
189 648
189 137
189 451
189 327
189 45
189 671
189 382
189 286
189 455
189 96
189 517
189 74
189 598
189 188
189 595
189 231
189 433
189 332
189 445
189 98
189 224
189 656
189 570
189 538
189 297
189 346
189 361
189 561
189 556
189 572
189 586
189 354
189 530
189 150
189 508
189 441
189 384
189 310
189 132
189 345
189 479
189 576
189 112
189 53
189 191
189 102
189 10
189 373
189 107
189 273
189 664
189 649
189 4
189 316
189 39
189 566
189 26
189 105
189 201
189 574
189 629
189 25
189 174
189 437
189 130
189 48
189 569
189 376
189 142
189 602
189 299
189 265
189 364
189 511
189 221
189 8
189 353
189 571
189 311
189 54
189 383
189 279
189 83
189 106
189 450
189 241
189 442
189 245
189 268
189 676
189 665
189 640
189 36
189 69
189 258
189 68
189 393
189 588
189 583
189 689
189 621
189 114
189 497
189 308
189 681
189 217
189 335
189 158
189 616
189 248
189 540
189 506
189 33
189 467
189 210
189 578
189 522
189 212
189 420
189 410
189 469
189 631
189 409
189 309
189 126
189 358
189 182
189 341
189 466
189 519
270 582
270 199
270 440
270 283
270 386
270 488
270 462
270 40
270 203
270 189
270 35
270 669
270 95
270 120
270 58
270 554
270 662
270 642
270 6
270 492
270 676
270 195
270 540
270 73
270 532
270 521
270 268
270 182
270 198
270 143
270 616
270 22
270 317
270 118
270 680
270 98
270 289
270 394
270 12
270 117
270 625
270 666
270 286
270 534
270 602
270 592
270 201
270 287
270 604
270 446
270 180
270 72
270 455
270 225
270 374
270 140
270 478
270 546
270 502
270 223
270 375
270 593
270 569
270 273
270 605
270 153
270 441
270 500
270 598
270 310
270 346
270 556
270 586
270 212
270 597
270 24
270 640
270 33
270 149
270 11
270 337
270 390
270 526
270 503
270 683
270 571
270 504
270 545
270 125
270 88
270 486
270 656
270 629
270 647
270 403
270 537
270 345
270 484
270 366
270 19
270 543
270 382
270 137
270 657
270 523
270 651
270 271
270 36
270 141
270 690
270 130
270 205
270 321
270 442
270 208
270 48
270 344
270 497
270 71
270 587
270 81
270 431
270 230
270 631
270 295
270 359
270 173
270 429
270 654
270 553
270 603
270 689
270 114
270 388
270 646
270 151
270 611
270 134
270 129
270 319
270 423
270 398
270 409
270 161
270 67
270 581
270 531
270 181
270 266
270 89
270 448
270 515
270 309
270 402
270 217
270 391
270 70
270 326
270 489
270 686
270 63
270 373
270 176
270 280
270 575
270 222
270 45
270 459
270 246
270 102
270 111
270 206
270 426
270 400
270 190
270 437
270 94
270 634
270 479
270 42
270 52
270 276
270 300
270 449
270 329
270 574
270 47
270 460
270 677
270 0
270 558
270 499
270 90
270 450
270 292
270 412
270 241
270 379
270 296
270 188
270 405
270 265
270 10
270 104
270 644
270 25
270 214
270 275
270 148
270 3
270 97
270 622
270 260
270 87
270 590
270 369
270 506
270 327
270 259
270 245
270 331
270 555
270 20
270 473
270 578
270 213
270 512
270 633
270 360
270 425
270 308
270 250
270 247
270 335
270 674
270 61
270 169
270 164
270 516
270 112
270 434
270 542
270 215
270 249
270 311
270 641
270 290
270 352
270 648
270 262
270 204
270 175
270 564
270 179
270 196
270 80
270 681
270 438
270 171
270 255
270 14
270 30
270 69
270 650
270 427
270 82
270 150
270 288
270 103
270 638
270 535
270 507
270 420
270 272
270 498
270 576
270 200
270 108
270 21
270 355
270 127
270 661
270 240
270 370
270 364
270 552
270 600
270 404
270 32
270 688
270 101
270 202
270 165
270 659
270 226
270 318
270 160
270 332
270 447
270 267
270 147
270 583
270 368
270 613
270 252
270 167
270 50
270 302
270 406
270 568
270 428
270 643
270 60
270 224
270 231
270 589
270 96
270 618
270 254
270 627
270 1
270 501
270 105
270 414
270 477
270 131
270 157
270 483
270 376
270 28
270 623
270 509
270 307
270 279
270 480
270 567
270 389
270 630
270 322
270 339
270 274
270 614
270 649
270 505
270 144
270 408
270 170
270 261
270 636
270 606
270 92
270 186
270 519
270 560
270 538
270 297
270 367
270 23
381 282
381 228
381 662
381 520
381 122
381 450
381 563
381 13
381 246
381 581
381 516
381 69
381 393
381 524
381 333
381 441
381 80
381 14
381 382
381 262
381 86
381 157
381 45
381 260
381 163
381 620
381 458
381 412
381 127
381 599
381 374
381 464
381 425
381 212
381 465
381 221
381 500
381 485
381 288
381 445
381 454
381 7
381 618
381 294
381 244
381 173
381 198
381 369
381 62
381 72
381 629
381 682
381 213
381 280
381 403
381 58
381 634
381 568
381 552
381 296
381 633
381 574
381 613
381 505
381 323
381 671
381 164
381 453
381 639
381 21
381 269
381 351
381 546
381 628
381 332
381 103
381 39
381 681
381 135
381 548
381 345
381 473
381 201
381 36
381 457
381 297
381 309
381 428
381 257
381 329
381 248
381 199
381 630
381 655
381 486
381 420
381 413
381 404
381 299
381 124
381 254
381 51
381 483
381 606
381 202
381 373
381 570
381 397
381 459
381 626
381 102
381 522
381 578
381 640
381 651
381 176
381 588
381 289
381 409
381 121
381 616
381 497
381 169
381 81
381 367
381 266
381 205
381 383
381 466
381 126
381 185
381 636
381 89
381 207
381 16
381 172
381 604
381 686
381 168
381 8
381 354
381 649
381 455
381 366
381 259
381 146
381 250
381 582
381 677
381 287
381 419
381 610
381 595
381 506
381 98
381 128
381 545
381 255
381 251
381 239
381 368
381 690
381 83
381 78
381 47
381 142
381 600
381 325
381 656
381 424
381 286
381 247
381 398
381 669
381 480
381 605
381 339
381 30
381 224
381 635
381 357
381 456
381 11
381 216
381 444
381 167
381 657
381 130
381 514
381 360
381 2
381 52
381 245
381 646
381 380
381 448
381 1
381 659
381 84
381 625
381 680
381 12
381 312
381 356
381 390
381 559
381 203
381 460
381 432
381 335
381 267
381 372
381 200
381 182
381 184
381 489
381 319
381 535
381 265
381 554
381 91
381 492
381 555
381 4
381 579
381 153
381 562
381 222
381 597
381 439
381 217
381 523
381 67
381 447
381 226
381 347
381 219
381 593
381 602
381 641
381 232
381 470
381 407
382 359
382 28
382 691
382 435
382 446
382 510
382 149
382 653
382 31
382 558
382 204
382 460
382 300
382 175
382 186
382 383
382 269
382 619
382 454
382 506
382 524
382 458
382 418
382 201
382 447
382 70
382 72
382 490
382 398
382 35
382 408
382 274
382 387
382 73
382 22
382 546
382 488
382 519
382 326
382 103
382 236
382 91
382 290
382 635
382 282
382 665
382 559
382 117
382 254
382 332
382 185
382 207
382 286
382 10
382 260
382 250
382 292
382 157
382 100
382 206
382 132
382 189
382 574
382 275
382 504
382 690
382 261
382 293
382 496
382 366
382 238
382 462
382 650
382 241
382 567
382 450
382 440
382 173
382 680
382 553
382 199
382 219
382 437
382 412
382 105
382 484
382 196
382 463
382 554
382 565
382 405
382 218
382 337
382 248
382 526
382 212
382 595
382 438
382 634
382 36
382 646
382 580
382 583
382 330
382 164
382 153
382 439
382 397
382 345
382 223
382 5
382 247
382 3
382 410
382 270
382 671
382 162
382 532
382 403
382 604
382 325
382 200
382 409
382 445
382 677
382 518
382 176
382 158
382 392
382 311
382 500
382 80
382 323
382 538
382 556
382 625
382 384
382 39
382 96
382 513
382 343
382 92
382 457
382 425
382 335
382 309
382 669
382 150
382 433
382 630
382 127
382 346
382 535
382 561
382 321
382 299
382 107
382 386
382 272
382 441
382 429
382 130
382 221
382 358
382 119
382 487
382 226
382 257
382 172
382 370
382 598
382 589
382 390
382 25
382 511
382 317
382 614
382 126
382 210
382 420
382 369
382 14
382 42
382 281
382 198
382 249
382 94
382 125
382 572
382 21
382 170
382 289
382 357
382 180
382 424
382 498
382 276
382 395
382 602
382 430
382 575
382 44
382 400
382 562
382 64
382 582
382 297
382 12
382 596
382 169
382 442
382 388
382 377
382 108
382 375
382 472
382 494
382 167
382 374
382 214
382 225
382 203
382 78
382 137
382 616
382 222
382 184
415 153
415 398
415 498
415 286
415 127
415 651
415 254
415 556
415 495
415 191
415 14
415 628
415 565
415 455
415 690
415 260
415 36
415 610
415 386
415 466
415 604
415 420
415 618
415 257
415 94
415 106
415 665
415 629
415 12
415 451
415 467
415 677
415 241
415 170
415 129
420 270
420 205
420 500
420 257
420 311
420 81
420 655
420 186
420 391
420 286
420 603
420 247
420 526
420 504
420 656
420 357
420 650
420 444
420 540
420 531
420 585
420 310
420 479
420 451
420 165
420 137
420 653
420 628
420 558
420 604
420 55
420 579
420 363
420 45
420 534
420 88
420 412
420 105
420 91
420 394
420 157
420 548
420 114
420 142
420 527
420 433
420 464
420 382
420 501
420 304
420 515
420 582
420 54
420 619
420 246
420 674
420 185
420 454
420 350
420 180
420 227
420 686
420 468
420 78
420 339
420 254
420 224
420 495
420 352
420 67
420 23
420 688
420 148
420 606
420 249
420 477
420 128
420 568
420 618
420 109
420 427
420 429
420 690
420 168
420 465
420 476
420 677
420 301
420 121
420 103
420 43
420 293
420 149
420 366
420 242
420 583
420 487
420 490
420 453
420 521
420 446
420 511
420 199
420 517
420 297
420 240
420 337
420 212
420 593
420 275
420 635
420 552
420 567
420 62
420 156
420 19
420 520
420 21
420 87
420 438
420 647
420 601
420 100
420 441
420 584
420 232
420 145
420 637
420 616
420 191
420 158
420 151
420 13
420 397
420 198
420 589
420 435
420 18
420 626
420 340
420 307
420 35
420 250
420 79
420 68
420 294
420 93
420 362
420 283
420 425
420 181
420 410
420 368
420 49
420 144
420 513
420 47
420 190
420 566
420 173
420 445
420 179
420 315
420 470
420 506
420 538
420 130
420 599
420 85
420 124
420 295
420 665
420 620
420 488
420 389
420 8
420 388
420 359
420 89
420 258
420 17
420 106
420 622
420 163
420 160
420 671
420 39
420 345
420 574
420 484
420 417
420 300
420 492
420 676
420 549
420 379
420 86
420 97
420 575
420 174
420 373
420 76
420 452
420 176
420 195
420 546
420 561
420 372
420 222
420 219
420 617
420 415
420 53
420 361
420 101
420 52
420 497
420 400
420 613
420 48
420 614
420 80
420 188
420 107
420 265
420 680
420 11
420 486
420 215
420 472
420 621
420 685
420 182
420 383
420 95
420 61
420 402
420 134
420 570
420 396
420 129
420 276
420 667
420 424
420 309
420 248
420 393
420 456
420 127
420 131
420 334
420 413
420 612
420 282
420 519
420 206
420 384
420 448
420 466
420 641
420 7
420 524
420 92
420 577
420 503
420 333
420 346
420 535
420 533
420 94
420 562
420 314
420 200
420 683
420 691
420 578
420 325
420 407
420 428
420 597
431 497
431 50
431 538
431 578
431 647
431 484
431 258
431 39
431 625
431 363
431 634
431 162
431 382
431 309
431 570
431 499
431 665
431 523
431 267
431 139
431 385
431 215
431 540
431 410
431 74
431 181
431 437
431 467
431 35
431 101
431 398
431 682
431 54
431 311
431 602
431 301
431 520
431 460
431 150
431 137
431 450
431 400
431 297
431 590
431 530
431 197
431 26
431 509
431 130
431 479
431 408
431 223
431 441
431 132
431 248
431 681
431 629
431 110
431 535
431 219
431 189
431 342
431 332
431 454
431 16
431 200
431 512
431 302
431 236
431 435
431 188
431 183
431 567
431 421
431 254
431 424
431 170
431 598
431 470
431 69
431 420
431 12
431 471
431 498
431 586
431 171
431 180
431 265
431 25
431 600
431 102
431 651
431 582
431 4
431 383
431 402
431 242
431 300
431 492
431 33
431 455
431 351
431 126
431 344
431 125
431 448
431 51
431 76
431 86
464 451
499 321
499 191
499 78
499 10
499 387
499 386
499 240
499 125
499 72
499 326
499 586
499 450
499 279
499 111
499 212
499 282
499 98
499 442
499 132
499 170
499 605
499 671
499 526
499 393
499 535
499 629
499 334
499 194
499 460
499 149
499 275
499 214
499 68
499 617
499 441
499 232
499 561
499 309
499 647
499 376
499 327
499 389
499 19
499 135
499 204
499 580
499 358
499 332
499 420
499 357
499 610
499 682
499 439
499 206
499 630
499 524
499 73
499 466
499 298
499 8
499 508
499 556
499 661
499 509
499 84
499 621
499 14
499 302
499 503
499 289
499 300
499 246
499 618
499 40
499 221
499 588
499 124
499 118
499 270
499 479
499 583
499 384
499 380
499 470
499 523
499 576
499 344
499 331
499 345
499 162
499 527
499 676
499 463
499 410
499 248
523 521
523 474
523 546
523 93
523 383
523 624
523 549
523 40
523 146
523 627
523 291
523 2
523 57
523 336
523 448
523 38
523 595
523 532
523 160
523 90
523 72
523 343
523 172
523 530
523 501
523 445
523 96
523 650
523 646
523 660
523 132
523 368
523 568
523 589
523 86
523 423
523 514
523 92
523 361
523 157
523 572
523 384
523 484
523 629
523 462
523 603
523 288
523 432
523 543
523 571
523 495
523 297
523 641
523 198
523 665
523 21
523 581
523 144
523 469
523 269
523 513
523 209
523 621
523 666
523 294
523 548
523 85
523 263
523 439
523 11
523 272
523 8
523 414
523 475
523 317
523 147
523 219
523 687
523 691
523 345
523 604
523 340
523 222
523 47
523 48
523 316
523 221
523 310
523 351
523 35
523 58
523 158
523 616
523 170
523 20
523 314
523 559
523 145
523 577
523 631
523 281
523 367
523 497
523 289
523 194
523 205
523 491
523 690
523 325
523 661
523 61
523 680
523 369
523 60
523 298
523 236
523 39
523 535
523 19
523 508
523 117
523 490
523 463
523 71
523 137
523 129
523 483
523 3
523 5
523 552
523 114
523 396
523 230
523 62
523 587
523 606
523 664
523 260
523 271
523 121
523 689
523 417
523 65
523 386
523 416
523 385
523 590
523 139
523 259
523 32
523 551
523 556
523 554
523 441
523 182
523 553
523 169
523 225
523 184
523 657
523 202
523 357
523 565
523 79
523 524
523 610
523 570
523 563
523 84
523 534
523 492
523 12
523 485
523 379
523 410
523 107
523 190
523 542
523 322
523 81
523 465
523 100
523 168
523 16
523 247
523 387
523 455
523 212
523 63
523 564
523 312
523 191
523 625
523 409
523 569
523 296
523 278
523 350
523 332
523 275
523 42
523 392
523 56
523 88
523 244
523 614
523 233
523 655
523 397
523 262
523 119
523 452
523 217
523 504
523 602
523 612
523 509
523 440
523 6
523 83
523 123
523 282
523 215
523 482
523 265
523 425
523 373
523 98
523 266
523 149
523 359
523 200
523 429
523 358
523 326
523 575
523 238
523 527
523 618
523 588
523 451
523 498
523 454
523 496
523 248
523 637
523 174
523 152
523 370
523 592
523 372
523 211
523 1
523 315
523 321
523 488
523 95
523 382
523 520
523 390
523 562
523 52
523 375
523 671
523 134
523 477
523 561
523 459
523 141
523 585
523 405
523 196
523 636
523 478
523 364
523 164
523 480
523 362
523 377
523 66
523 515
523 545
523 51
523 529
523 54
523 415
523 276
523 381
565 153
565 598
565 214
565 25
565 206
565 162
565 121
565 651
565 498
565 616
565 497
565 262
565 283
565 448
565 536
565 353
565 310
565 372
565 186
565 441
565 508
565 333
565 606
565 134
565 683
565 366
565 570
565 8
565 535
565 451
565 556
565 518
565 71
565 367
565 359
565 442
565 299
565 344
565 548
565 194
565 437
565 380
565 348
565 538
565 219
565 383
565 416
565 54
565 95
565 336
565 273
565 287
565 10
565 49
565 35
565 151
565 622
565 17
565 631
565 132
565 282
565 316
565 463
565 231
565 686
565 201
565 217
565 164
565 641
565 102
565 354
565 661
565 646
565 398
565 467
565 105
565 472
565 309
565 156
565 332
565 239
565 393
565 522
565 78
565 582
565 260
565 307
565 610
565 258
565 479
565 103
565 106
565 286
565 12
565 468
565 86
565 566
565 647
565 418
565 254
565 226
565 112
565 149
565 427
565 656
565 561
565 446
565 503
565 572
565 362
565 524
565 600
565 96
565 36
565 450
565 586
565 118
565 377
565 339
565 595
565 267
565 52
565 605
565 682
565 466
565 40
565 4
565 172
565 265
565 274
565 517
565 614
565 363
565 571
565 257
565 110
565 510
565 397
565 470
565 358
565 500
565 228
565 279
565 413
565 158
565 513
565 400
565 189
565 314
565 625
565 473
565 27
565 604
565 691
565 41
565 662
565 350
565 628
565 375
565 677
565 368
565 634
565 516
565 80
565 680
565 285
565 521
565 574
565 583
565 588
565 92
565 145
565 345
565 302
565 94
565 667
565 409
565 639
565 76
565 114
565 171
565 351
