3 274
6 631
27 293
27 109
27 251
27 536
28 480
28 226
28 299
28 351
29 410
29 261
29 587
29 318
29 413
29 475
34 363
42 30
42 204
42 500
42 323
42 361
42 554
42 345
42 478
50 475
64 277
64 232
64 57
64 27
64 79
67 439
67 29
67 292
67 410
67 486
73 216
78 360
78 38
78 333
78 557
78 327
78 607
78 306
78 560
78 167
78 331
78 572
78 192
78 84
78 559
78 134
79 631
79 293
79 208
81 292
82 323
82 536
82 363
82 263
82 53
82 561
82 299
82 67
82 554
99 396
134 210
137 364
137 256
137 227
137 62
137 488
137 570
137 545
137 217
137 417
137 279
137 512
137 300
137 347
137 122
137 589
137 369
137 345
137 482
137 480
137 596
137 424
137 222
137 484
137 258
137 24
137 464
137 577
137 463
137 215
137 98
137 301
137 131
137 154
137 315
137 496
137 104
137 440
137 67
137 392
137 165
137 134
137 508
137 497
137 164
137 381
137 336
137 376
137 168
161 534
165 28
177 363
177 437
189 299
189 411
198 450
198 363
199 82
199 198
199 363
199 190
204 273
204 290
204 323
204 266
204 182
204 399
204 620
204 350
204 82
204 30
204 497
204 21
204 500
204 610
204 279
204 407
204 554
204 74
209 523
209 74
209 216
226 28
226 375
226 351
251 109
251 420
251 232
263 104
263 564
263 20
263 270
263 232
263 367
263 453
263 175
263 622
263 331
263 575
263 177
263 394
263 536
263 503
263 72
263 590
263 410
263 546
263 441
263 315
270 196
276 216
276 262
276 73
276 613
276 253
276 232
276 50
276 590
276 363
276 177
283 590
283 315
283 445
283 133
283 276
283 128
283 538
283 84
283 141
283 78
283 532
283 363
283 472
283 28
283 263
292 34
293 251
293 183
293 109
293 277
293 609
293 57
293 504
299 240
299 350
299 28
299 604
299 53
299 204
299 561
299 182
299 554
323 350
323 411
323 42
323 102
323 299
323 361
323 82
323 30
323 246
323 290
323 240
323 204
323 610
323 74
323 266
323 21
323 554
323 561
333 466
350 561
350 554
350 273
350 407
350 53
350 279
350 30
350 620
350 323
350 266
350 204
350 497
350 74
350 82
350 290
350 411
350 399
350 42
351 226
351 392
351 28
357 331
357 91
357 139
357 422
357 226
357 198
357 212
357 410
358 347
360 315
360 184
360 94
360 389
360 550
360 538
360 429
360 299
360 559
363 186
363 497
363 564
363 484
363 224
363 414
363 3
363 376
363 475
363 34
363 631
363 67
363 485
363 131
363 154
363 274
363 389
363 58
363 217
363 165
363 166
363 261
363 351
363 442
363 533
363 347
363 315
363 400
363 488
363 589
363 562
363 64
363 368
363 577
363 440
363 570
363 472
363 197
363 220
367 198
371 182
375 226
375 33
394 590
410 29
410 263
414 86
414 547
414 279
414 102
414 118
429 67
433 351
433 240
435 409
436 263
437 423
437 524
437 396
437 128
437 136
437 559
437 23
437 514
437 210
437 526
437 363
437 595
437 161
437 318
437 209
437 614
437 494
437 464
437 516
437 422
437 488
437 475
437 519
437 0
439 67
439 259
453 15
453 52
453 213
453 292
453 304
453 338
482 224
482 435
482 117
485 82
486 276
500 361
500 30
500 497
500 561
500 345
500 21
500 620
500 204
500 299
500 610
500 478
500 266
500 182
500 350
500 411
500 102
500 240
500 53
518 410
536 48
536 515
536 278
536 27
536 477
550 475
557 475
561 350
561 299
561 323
561 478
561 411
561 361
561 21
561 266
561 500
561 345
561 102
561 554
561 82
561 273
561 620
561 42
561 30
561 290
575 33
575 375
631 79
