139 255
226 576
139 609
177 433
27 553
439 349
561 195
189 503
73 60
436 450
396 128
283 530
73 613
471 403
353 245
510 299
485 514
414 14
518 105
78 152
485 266
293 344
270 385
433 64
34 343
42 95
99 259
358 40
436 89
500 317
157 32
67 219
34 420
363 110
28 441
68 302
482 357
293 16
79 318
437 35
6 313
621 513
73 242
631 579
204 230
631 25
199 578
375 461
3 253
78 591
304 392
621 351
209 519
410 395
99 322
536 29
226 310
81 337
50 541
333 275
304 586
283 381
299 327
557 410
79 200
621 272
561 628
199 90
73 305
226 35
439 51
367 619
161 68
283 322
299 103
224 0
621 595
27 447
589 286
323 201
177 320
209 13
139 114
510 41
209 425
557 115
360 503
631 360
64 535
471 310
134 373
27 474
137 355
198 318
453 372
189 42
79 426
550 8
134 182
500 483
78 315
270 191
429 158
471 6
81 46
435 628
557 117
518 306
50 578
439 72
137 53
276 227
82 528
367 173
437 558
78 345
134 520
394 59
510 67
550 376
81 91
276 593
436 478
357 306
414 257
559 136
429 610
414 406
377 1
34 59
34 309
510 227
81 312
414 442
510 600
292 147
64 386
209 582
99 577
139 333
631 521
224 310
360 602
323 132
559 296
429 399
50 367
34 295
34 5
367 281
293 151
621 355
204 255
226 271
34 594
6 367
64 550
6 211
357 67
375 11
433 234
323 618
304 217
471 185
29 269
137 214
161 525
73 618
518 462
276 312
437 351
550 493
575 599
161 258
351 246
536 530
436 273
206 387
134 615
589 187
81 494
396 93
165 592
50 555
34 71
486 293
50 290
429 396
3 99
198 585
550 14
396 345
575 9
561 292
29 478
589 439
81 219
177 434
29 188
263 89
6 298
436 239
350 260
589 124
482 457
28 419
161 625
396 78
68 359
251 60
439 183
79 162
68 373
589 83
177 533
304 222
42 94
394 275
139 73
550 7
165 47
536 32
224 179
137 491
99 21
293 370
42 258
293 126
360 588
621 334
304 154
437 135
414 184
482 290
357 36
323 419
482 329
139 616
3 362
561 434
137 490
439 163
437 355
631 193
559 210
134 123
433 306
371 436
518 80
589 401
79 120
209 424
414 316
557 511
50 517
29 311
360 619
299 217
68 320
486 125
270 322
165 204
73 251
410 10
134 558
500 57
559 500
350 328
433 62
323 241
209 177
199 500
394 502
410 526
485 496
79 347
139 107
299 201
561 486
177 152
394 595
42 606
78 215
226 403
429 138
206 461
367 586
435 41
350 46
27 594
439 344
394 579
471 486
536 400
29 208
64 439
410 18
358 117
482 43
6 616
251 498
333 235
64 120
139 473
99 544
589 567
78 46
137 155
42 166
68 458
28 37
357 489
375 549
270 392
357 50
204 137
394 581
50 309
589 75
165 442
621 396
209 202
589 0
557 485
99 339
396 480
363 387
206 572
198 430
429 63
485 22
482 304
436 558
64 6
204 464
333 620
199 22
270 468
204 402
347 103
485 620
157 491
224 149
589 266
631 610
34 323
3 621
137 534
518 405
437 434
589 582
410 48
486 342
621 78
67 224
357 42
358 448
157 607
270 296
453 87
363 558
353 442
333 502
67 368
304 311
453 91
293 346
323 408
139 93
67 266
360 507
42 520
198 461
471 73
482 66
631 620
251 515
224 548
134 592
410 352
6 464
621 87
351 285
134 472
561 329
621 257
67 256
224 184
439 588
333 393
73 253
367 578
276 65
224 25
367 260
333 550
50 386
557 233
224 439
206 464
410 245
377 258
139 400
396 195
3 54
82 332
435 174
226 465
436 326
437 244
371 268
360 146
251 423
177 71
358 33
589 319
363 158
482 410
198 497
347 414
78 342
439 452
471 481
347 168
437 511
198 93
226 188
557 58
67 48
410 594
292 148
165 627
435 236
50 135
357 190
631 434
78 232
206 346
510 505
621 118
64 380
482 283
67 104
561 296
347 391
251 319
189 128
621 403
471 187
165 620
283 217
299 88
292 255
433 276
204 90
375 154
510 313
206 592
396 595
67 132
375 502
64 269
371 312
437 452
224 547
589 294
50 264
350 54
206 120
270 526
189 371
350 459
323 64
471 76
453 277
536 51
64 212
429 24
360 529
561 33
429 49
410 92
42 5
199 202
367 308
396 309
377 365
224 84
68 191
67 441
357 294
64 608
510 294
82 404
68 267
251 589
621 113
224 185
436 411
42 56
351 242
377 626
299 321
64 308
414 93
68 23
79 463
559 24
82 480
500 461
371 489
559 130
367 128
536 111
68 303
500 504
333 114
353 61
209 187
550 51
353 255
363 180
198 499
518 164
518 78
42 151
29 179
559 9
27 497
137 237
589 344
6 441
575 342
270 371
299 550
377 475
3 558
536 326
536 153
270 573
557 600
510 351
67 295
206 535
510 614
6 51
510 450
575 105
292 620
226 43
29 85
486 631
189 611
28 138
536 558
486 465
353 208
360 624
414 82
485 250
377 480
82 486
82 123
34 511
292 350
209 457
304 198
536 210
165 194
351 34
3 143
42 548
226 472
292 542
367 626
161 8
350 587
270 540
50 143
435 262
209 24
510 155
437 302
27 180
510 624
486 442
414 370
224 122
42 530
367 202
435 124
67 624
270 517
34 156
206 583
550 604
68 277
371 143
550 259
371 34
360 89
34 459
375 446
363 79
631 612
81 466
204 108
29 9
536 188
371 432
67 6
165 132
575 175
276 582
471 143
323 245
358 341
270 528
351 609
292 594
204 365
226 274
81 538
304 573
189 406
550 593
137 218
439 298
353 572
350 293
50 528
99 170
350 2
161 257
357 470
81 389
631 484
589 90
157 586
224 189
358 252
333 59
270 554
270 348
429 143
206 372
371 158
375 469
209 485
199 324
410 429
29 409
561 396
79 391
276 264
347 589
518 14
367 566
471 133
78 77
536 149
161 513
471 434
559 264
99 192
518 439
34 22
433 477
177 191
283 170
276 565
347 250
575 119
485 415
510 338
99 358
27 392
559 310
377 337
557 126
353 260
299 105
436 148
226 16
224 69
482 4
99 558
206 101
500 112
263 446
631 159
510 537
375 596
292 295
251 35
377 15
482 174
394 460
510 276
414 490
575 448
589 202
500 13
367 44
333 173
589 106
189 292
276 130
304 579
561 22
357 338
99 251
371 363
429 566
358 594
435 378
81 115
575 377
34 89
29 177
283 571
209 91
198 392
333 245
204 79
589 520
414 604
436 259
410 520
209 342
358 236
165 34
198 418
68 339
357 166
42 279
251 51
410 236
204 482
276 34
198 465
304 449
226 267
99 19
79 258
410 70
510 607
283 143
304 175
50 182
165 222
394 122
64 513
28 501
439 442
347 324
536 181
363 358
621 205
557 168
28 279
333 92
3 9
139 404
631 137
6 60
99 630
82 135
165 484
276 160
64 446
270 142
510 185
304 538
68 228
377 449
575 131
536 591
482 276
304 139
414 198
436 494
360 583
304 128
433 186
28 251
433 298
226 478
270 589
561 138
357 630
363 563
500 168
206 537
518 67
377 341
209 12
410 288
34 615
333 86
50 626
137 514
410 234
199 626
453 432
165 21
199 409
79 137
561 531
367 200
198 359
263 50
360 247
27 601
161 628
3 67
42 286
67 7
293 33
283 292
363 584
283 524
510 226
435 175
304 34
189 408
410 2
3 317
68 44
561 96
350 609
550 212
29 136
199 236
485 131
79 36
371 141
436 437
621 483
299 575
351 565
550 408
429 144
453 94
575 148
34 546
29 299
394 288
371 482
482 53
575 104
631 298
79 195
350 420
377 542
439 87
161 606
73 290
485 572
226 114
367 375
134 169
394 212
189 199
224 13
377 622
226 246
134 378
482 1
165 617
550 311
293 304
557 218
414 499
377 389
27 435
471 591
429 7
377 379
139 567
276 156
500 270
323 136
631 229
435 92
81 510
350 386
292 316
482 169
29 146
358 216
27 597
29 167
367 371
485 418
377 345
414 131
299 218
198 28
500 457
293 182
396 158
333 273
435 333
50 579
137 405
435 156
482 137
206 264
347 352
67 269
157 557
270 104
276 82
206 309
410 257
436 509
439 372
78 250
433 603
323 216
73 145
34 163
28 467
350 94
453 289
189 434
358 199
42 281
79 378
81 68
6 3
67 105
304 84
64 527
536 599
396 140
263 49
28 23
42 557
137 418
161 272
293 399
559 284
357 355
224 464
350 394
631 339
435 466
436 254
559 51
439 223
536 393
42 395
347 537
139 252
351 410
270 279
350 387
351 480
299 336
42 275
485 285
42 582
435 99
292 19
293 264
357 543
199 196
433 130
78 230
471 628
206 539
165 156
209 221
482 116
621 548
161 175
536 370
367 475
358 475
3 148
429 543
198 221
68 95
165 551
82 573
510 623
189 223
510 219
510 508
6 78
536 506
276 98
357 332
137 322
350 86
353 237
79 47
82 37
99 66
263 70
453 190
224 629
518 88
436 52
78 14
134 154
375 63
270 547
363 430
631 416
353 137
360 90
518 222
276 528
485 282
99 17
304 418
358 375
177 564
299 431
485 348
375 618
29 111
29 106
471 395
439 295
485 137
139 503
134 602
224 446
485 452
437 421
347 258
375 124
471 288
134 24
631 571
292 577
439 129
351 302
439 219
161 146
224 466
353 373
73 70
304 452
27 513
99 556
559 519
198 143
363 85
396 35
283 377
575 514
199 113
73 292
199 215
414 28
367 433
68 418
292 218
29 463
437 88
435 397
371 608
510 285
394 144
293 594
482 249
68 461
371 13
323 81
161 599
360 107
360 341
435 189
367 241
396 183
204 558
177 417
429 40
3 94
357 555
42 451
81 165
347 601
437 504
82 88
270 419
360 421
137 30
536 62
414 19
367 172
559 513
50 474
550 508
375 296
64 40
68 489
482 288
165 195
371 607
377 281
486 612
559 61
50 13
396 175
199 297
198 347
414 67
177 447
28 281
78 472
206 321
394 393
396 497
561 443
42 178
439 456
439 212
50 88
73 374
137 566
42 625
81 564
27 626
78 266
189 546
323 236
283 32
28 315
177 64
42 111
363 40
358 599
209 258
27 381
6 99
82 540
198 37
367 193
251 11
347 64
165 486
139 92
436 162
435 256
589 367
27 166
471 15
429 214
367 204
276 542
363 265
99 623
177 554
270 450
371 85
206 111
453 274
226 340
358 81
621 451
436 126
27 365
81 419
433 621
299 435
292 470
500 555
347 379
293 393
358 480
270 587
561 221
73 590
358 127
358 351
485 43
224 40
439 392
139 485
226 91
471 240
357 84
81 25
79 464
6 239
453 343
358 193
439 49
510 76
99 581
161 574
137 378
82 142
436 468
42 490
99 464
559 398
433 550
67 582
28 399
333 180
28 599
199 276
323 520
435 473
79 609
42 297
485 481
358 45
81 84
204 414
64 346
357 35
375 116
67 209
78 402
161 174
42 202
292 272
134 551
189 79
299 108
42 81
299 569
510 122
251 478
621 391
437 338
161 363
414 286
34 298
251 321
518 310
299 365
559 298
557 531
396 425
199 513
224 64
283 337
371 417
360 171
199 308
410 466
64 490
437 534
439 587
64 341
471 360
137 549
333 244
559 602
482 89
536 503
198 301
367 284
557 54
81 536
410 529
439 140
161 152
589 419
283 136
73 404
206 199
621 107
377 107
347 400
283 443
161 455
557 30
64 48
206 471
351 106
42 233
536 138
485 167
485 411
198 253
137 249
518 157
323 60
437 101
561 154
414 330
621 467
79 112
189 310
82 288
557 613
589 48
437 400
157 243
226 475
518 242
283 373
559 569
485 548
536 91
559 623
251 620
73 244
50 26
589 550
414 441
81 415
99 326
453 35
226 94
437 50
631 414
371 367
353 333
27 628
6 351
204 573
34 620
414 167
371 181
189 560
482 184
453 546
353 390
358 289
323 475
360 467
621 259
81 445
436 569
358 354
78 20
165 313
226 163
206 494
157 137
500 528
485 456
82 532
589 499
557 558
536 220
561 101
28 530
78 298
276 461
64 296
67 479
263 71
165 136
165 247
377 497
263 475
137 126
371 11
518 151
433 437
68 312
137 335
283 366
437 4
363 301
79 239
189 82
351 322
435 497
333 246
414 254
396 301
161 398
435 630
42 594
82 355
64 226
518 235
377 423
283 122
557 231
500 123
437 300
482 215
161 110
429 154
82 291
276 353
510 369
157 474
394 0
292 461
518 289
206 13
157 454
621 496
204 533
353 276
375 94
67 244
471 560
351 545
631 305
82 305
414 310
486 201
139 498
27 165
510 462
550 223
377 501
347 76
510 424
73 224
189 452
486 511
396 404
50 42
226 490
28 323
536 365
559 380
396 346
396 5
6 75
157 28
304 338
510 567
28 70
471 16
263 27
394 539
28 280
575 452
27 151
358 122
161 130
453 193
347 36
64 33
79 374
371 277
199 610
486 503
358 429
510 531
283 37
621 104
28 306
27 233
550 180
68 47
500 140
351 398
251 345
198 72
263 105
363 282
323 369
357 99
198 451
323 207
375 588
375 241
304 305
50 609
99 75
453 542
292 154
353 540
377 96
64 424
226 532
27 354
351 439
42 242
139 1
439 367
139 595
371 521
437 600
224 354
27 457
78 142
435 125
79 619
3 488
79 523
283 113
161 154
375 286
437 160
435 554
134 566
437 328
435 15
363 367
377 441
292 558
394 497
161 497
436 198
453 581
360 99
347 545
139 104
375 177
367 417
293 496
500 48
67 275
6 437
3 103
631 2
333 569
99 363
209 38
263 539
575 544
283 155
323 626
485 405
299 287
99 329
486 381
347 176
485 478
410 24
270 71
64 193
68 335
621 61
350 199
323 244
482 567
561 516
42 441
433 66
350 155
500 133
50 527
396 250
435 232
439 533
251 86
304 509
28 569
353 239
394 49
304 144
6 163
27 275
453 323
64 137
263 422
81 170
304 71
139 307
276 298
518 40
439 28
439 241
482 545
371 529
439 469
550 226
199 490
414 12
161 122
64 557
137 51
165 522
50 335
209 156
347 315
435 223
68 152
367 180
429 349
536 233
34 509
557 41
429 126
396 132
276 235
439 211
575 199
139 607
42 342
559 401
79 527
177 307
209 220
293 353
81 411
333 122
536 15
482 55
68 364
471 517
6 536
99 310
293 545
226 622
198 239
292 382
209 249
251 371
333 167
78 153
429 11
323 130
350 479
559 389
206 190
224 591
137 302
500 79
561 426
3 32
6 95
81 104
482 622
561 31
410 190
350 239
34 322
429 430
439 585
471 214
64 94
293 495
363 390
377 102
251 192
433 536
536 631
198 201
357 585
557 187
292 516
293 389
510 323
360 104
137 329
439 351
350 122
79 386
453 309
410 177
189 388
50 75
357 476
78 396
6 193
293 40
204 133
631 411
64 90
518 313
375 65
414 424
293 296
350 218
323 334
81 41
165 112
137 360
189 629
631 188
28 155
293 366
263 82
510 513
351 153
189 495
561 457
226 458
28 450
293 618
299 257
226 39
293 472
270 375
360 307
410 255
206 404
510 461
34 516
363 322
3 316
518 171
28 581
177 354
350 425
353 523
81 569
358 280
198 259
561 428
550 6
510 444
429 374
429 373
439 578
353 336
363 66
394 435
485 158
410 181
199 267
377 147
435 255
177 580
436 291
64 316
518 399
550 503
189 232
333 356
6 291
486 284
631 221
137 150
439 564
486 553
78 44
68 77
224 458
429 182
299 281
500 606
189 81
42 540
283 227
353 193
350 35
360 508
500 73
358 100
367 361
29 77
28 44
435 463
500 43
350 316
351 498
226 244
206 596
486 375
3 302
64 20
436 568
500 289
429 410
518 382
3 78
363 360
357 560
323 450
486 491
500 165
137 276
251 195
485 516
81 454
157 528
557 82
50 254
367 395
471 112
224 463
82 406
198 45
68 210
270 132
283 20
64 234
251 315
433 617
198 597
189 372
377 405
189 330
482 24
283 497
50 97
510 630
414 275
414 361
371 231
79 21
199 201
251 10
177 344
353 256
363 578
198 176
42 369
81 366
206 266
137 293
134 427
226 252
283 305
414 315
429 108
276 435
429 557
333 298
371 195
333 171
29 522
78 377
414 427
198 77
575 548
6 212
81 388
283 561
367 311
3 565
78 545
50 395
561 245
34 120
28 363
518 607
323 261
377 68
79 106
157 126
299 516
79 372
433 609
68 218
367 346
435 7
78 195
251 473
429 447
410 483
199 527
350 415
510 221
78 296
333 410
621 144
439 509
414 52
433 400
367 459
589 157
500 219
177 419
224 531
437 612
292 54
410 573
165 121
485 71
559 60
453 302
206 338
99 167
482 22
433 2
433 260
6 133
139 488
283 380
414 177
396 135
42 97
500 126
323 483
206 540
375 345
73 505
350 349
67 51
439 58
293 438
453 84
347 145
559 73
437 29
347 591
631 290
251 421
204 310
485 39
165 281
199 499
575 323
67 176
536 132
99 482
134 211
360 464
482 378
64 528
3 350
204 118
251 9
621 308
251 55
482 434
631 241
575 379
518 548
42 605
631 53
357 58
64 216
204 7
631 39
518 457
199 424
3 549
34 84
73 250
375 300
347 544
323 328
198 485
6 402
3 31
292 430
64 383
137 600
198 297
453 189
536 241
333 174
64 10
263 176
226 547
518 160
79 419
437 344
485 182
439 137
375 499
189 454
68 198
67 517
518 96
360 9
292 609
293 548
34 68
439 355
357 232
371 27
226 591
224 205
64 609
276 597
139 419
29 88
453 603
6 456
439 549
81 463
251 290
360 319
323 442
589 257
292 379
575 211
358 242
81 15
375 482
323 519
333 192
81 187
360 321
561 44
206 622
34 625
436 541
429 599
559 368
453 353
377 488
410 330
299 309
99 18
353 526
621 229
429 508
486 548
358 597
394 297
224 493
137 61
410 602
199 41
353 456
485 608
371 157
304 312
353 187
161 503
485 299
283 349
251 233
27 112
414 363
34 159
353 241
198 195
304 422
28 240
139 187
575 219
270 449
510 202
73 200
34 221
276 618
435 614
429 210
251 119
27 274
500 434
486 557
371 273
323 69
226 329
82 327
375 487
439 282
283 415
299 530
224 272
436 171
73 50
293 195
471 64
536 405
358 579
270 52
28 565
292 602
485 539
375 362
73 211
486 153
42 409
589 527
453 431
34 474
283 565
304 48
73 324
557 92
351 40
433 493
323 70
323 54
435 70
333 514
394 578
575 331
435 433
485 324
134 25
28 470
500 373
500 110
292 164
6 108
453 239
536 283
435 337
29 207
67 411
198 163
64 471
550 554
394 208
263 127
292 547
134 294
99 59
367 226
471 199
251 586
199 97
99 219
453 178
79 543
357 615
226 118
50 275
293 403
73 592
67 541
42 541
139 430
561 622
510 340
437 546
559 337
189 168
28 273
436 516
292 585
42 588
177 364
189 308
433 531
270 281
429 560
189 250
437 254
436 615
206 299
165 19
139 381
79 407
276 111
251 278
561 379
161 72
353 320
561 276
64 125
64 233
82 527
429 559
293 454
394 97
304 186
209 55
518 281
350 141
429 522
621 241
437 629
6 62
204 318
304 187
557 404
433 445
165 213
347 605
351 50
224 8
621 409
251 25
435 403
589 629
394 110
198 219
82 626
439 395
177 128
396 200
198 306
6 238
485 575
161 515
429 330
34 308
299 224
363 582
377 8
3 181
360 325
351 591
485 12
199 366
276 448
518 589
206 507
28 316
437 574
293 116
204 356
206 118
631 330
157 103
3 504
631 51
99 611
439 504
139 538
367 518
358 132
439 110
157 66
78 32
304 575
394 624
375 230
414 489
82 497
536 322
73 577
453 235
631 442
34 74
82 395
357 17
351 217
293 155
283 96
561 433
510 217
226 347
453 252
358 523
304 137
367 427
263 517
99 248
28 601
429 4
414 582
377 66
161 566
79 270
375 93
276 504
198 17
292 58
42 463
42 288
78 148
293 259
251 42
206 155
137 578
224 554
50 234
410 567
410 332
283 466
485 399
209 479
589 562
165 86
367 327
536 425
42 321
283 47
471 38
226 88
283 308
209 313
78 56
323 239
410 302
82 586
550 148
396 53
50 421
209 145
292 238
429 398
270 194
333 539
199 568
433 524
453 407
79 211
589 29
27 10
371 266
50 306
435 220
394 96
485 367
589 404
29 173
81 574
536 574
34 51
6 130
283 469
161 145
377 33
323 502
198 227
471 79
157 196
206 34
27 413
436 124
198 308
358 355
263 566
621 27
559 104
64 333
410 405
263 483
293 180
79 281
81 513
28 261
42 617
82 245
81 433
414 583
79 70
414 10
293 38
28 285
485 222
283 487
29 466
561 608
68 150
485 116
518 438
439 302
486 508
550 158
198 509
363 90
206 298
78 631
550 310
292 274
34 406
204 194
177 103
429 80
621 51
134 374
358 4
371 226
394 147
28 62
371 166
536 608
283 117
589 415
433 419
157 627
292 324
436 212
204 341
99 161
28 403
621 514
396 32
270 533
414 439
293 458
485 382
139 390
550 436
157 499
453 208
435 292
435 248
68 86
293 56
371 566
435 507
518 452
293 613
263 552
631 494
486 377
50 90
485 542
410 394
34 138
82 2
34 380
276 165
64 219
251 393
436 332
137 349
99 91
414 189
3 492
375 164
224 511
134 620
42 524
6 518
394 220
204 597
371 205
360 465
621 562
377 34
396 69
436 506
27 158
377 323
358 215
3 536
561 364
433 386
394 249
471 92
482 504
557 274
157 391
270 448
485 482
198 194
437 425
589 383
410 402
29 510
292 520
27 443
439 234
177 453
3 332
204 417
518 303
293 75
350 93
396 254
485 228
204 462
353 421
29 19
435 610
34 535
550 620
299 552
283 149
536 614
347 171
68 255
437 280
224 141
437 556
177 503
27 113
204 436
79 240
27 453
353 527
396 475
67 554
589 194
429 271
550 488
81 452
263 154
73 161
439 412
292 234
518 492
536 274
99 559
358 427
396 203
292 146
165 296
557 595
621 137
204 611
34 280
435 93
224 424
81 630
589 546
139 152
81 308
82 479
165 97
429 437
226 402
439 197
347 288
396 588
81 255
518 62
377 518
161 572
27 317
396 113
64 480
377 293
157 260
621 442
99 214
82 176
410 270
263 198
