77 180
181 9
82 141
547 235
532 358
552 12
522 117
518 234
488 500
552 511
242 203
349 100
349 32
10 177
506 528
522 206
532 430
522 503
329 449
376 312
422 163
329 271
349 122
131 60
24 130
422 381
422 418
275 476
383 36
138 74
523 445
329 205
522 96
349 219
182 436
181 355
240 45
131 58
383 243
77 531
316 180
316 95
242 162
376 291
57 433
138 178
376 510
82 488
98 534
65 288
480 320
383 418
488 169
65 387
313 316
316 208
57 106
63 512
376 315
82 470
532 373
532 387
140 175
140 290
77 201
316 556
506 57
131 96
488 251
547 403
422 421
518 28
57 319
182 95
552 205
488 63
24 88
547 484
240 457
488 6
532 64
508 220
349 101
480 378
5 534
349 250
7 163
182 394
63 199
24 360
349 138
547 487
518 532
182 152
77 240
292 106
420 131
63 527
98 458
24 524
313 124
532 280
182 104
77 175
523 534
523 292
82 224
65 301
422 350
63 228
420 522
131 469
313 96
5 515
422 255
399 551
506 441
242 183
63 289
316 337
329 266
63 26
552 138
420 51
10 238
547 517
63 136
240 99
523 232
349 78
488 36
540 452
518 308
506 76
349 111
313 203
480 485
240 278
508 139
10 33
329 535
77 429
77 424
5 451
488 474
383 135
275 335
480 406
275 551
140 87
182 309
10 189
82 251
138 228
182 241
98 9
488 293
138 137
422 0
77 482
508 102
540 137
5 544
292 38
508 488
7 133
329 268
98 252
182 499
10 454
63 329
523 43
65 292
422 138
292 369
552 76
292 453
313 289
316 376
399 227
131 28
316 515
376 10
552 530
77 330
138 172
77 401
518 140
383 178
329 348
292 327
540 524
422 71
316 463
329 187
329 279
422 434
422 103
77 49
240 29
518 297
138 106
181 430
10 439
422 130
140 33
422 461
242 387
240 66
57 536
131 241
518 146
57 232
138 223
316 375
98 174
138 321
242 12
138 193
508 75
420 210
10 88
316 210
63 282
508 79
10 355
383 557
399 34
7 339
140 454
547 212
140 527
138 241
488 367
508 89
488 214
7 420
7 381
138 25
57 325
24 544
181 206
316 495
182 321
480 465
349 30
242 191
63 472
65 42
523 458
98 165
329 2
292 549
292 79
292 156
181 194
532 433
63 294
480 342
240 381
57 76
7 363
518 444
63 165
540 168
349 213
131 128
399 506
316 496
552 266
292 135
313 128
65 35
383 84
488 43
422 541
420 201
63 263
420 70
313 218
82 453
506 469
523 538
181 470
552 419
182 120
376 546
376 322
7 257
65 84
399 30
508 389
63 25
532 424
98 503
316 529
275 186
24 47
65 190
82 376
547 549
540 132
138 396
182 235
5 217
488 412
422 302
399 409
552 276
508 559
506 144
98 258
422 477
57 273
313 261
138 12
383 228
10 125
131 111
7 382
349 220
547 412
182 133
65 333
480 302
138 307
182 149
552 468
5 506
57 271
24 480
7 162
480 222
547 89
506 45
522 196
65 0
240 84
313 468
349 52
518 67
399 295
24 476
480 299
488 551
532 257
181 50
5 184
77 363
182 161
242 185
138 324
240 448
65 124
329 549
540 68
292 513
540 158
292 463
10 544
488 245
98 50
140 74
376 121
329 128
5 535
98 472
131 117
399 23
383 436
376 382
349 552
399 75
547 231
316 186
508 236
422 154
532 187
523 401
518 327
181 59
131 194
140 173
552 448
547 57
181 454
82 240
82 374
518 406
138 510
65 273
63 81
399 522
57 141
376 45
488 308
552 385
131 359
240 303
140 40
77 5
240 488
