623 190
0 198
266 534
145 311
160 213
145 572
83 1
623 553
623 298
623 213
80 591
516 448
514 212
83 45
80 423
80 146
96 390
268 380
145 577
145 477
12 193
535 148
83 445
623 365
623 154
125 216
535 245
80 412
387 550
623 482
232 622
266 539
339 305
145 86
12 346
339 135
125 33
387 84
0 104
206 604
12 178
145 373
0 45
0 493
145 600
387 299
516 270
0 34
206 524
387 404
0 339
80 234
0 408
0 203
514 149
0 121
514 598
83 245
516 534
125 248
83 442
83 292
516 105
514 135
226 197
339 248
180 159
387 331
623 425
145 42
83 108
339 2
535 460
80 319
80 337
268 311
623 428
339 19
516 170
80 291
80 525
516 355
339 119
623 583
12 470
83 59
329 265
96 48
514 606
387 306
514 50
623 463
387 478
12 265
339 133
80 407
125 49
387 451
339 96
145 523
339 55
145 179
387 598
80 610
514 260
339 244
339 251
12 159
80 305
623 53
206 91
339 68
80 356
12 334
0 184
83 198
0 397
387 604
80 444
80 342
623 60
80 458
0 461
145 520
80 272
535 229
125 316
80 218
387 249
232 454
145 201
266 137
96 213
339 531
0 74
232 29
0 543
0 106
145 188
516 95
623 397
339 129
516 606
0 67
145 165
339 132
80 547
125 159
514 95
516 244
12 357
516 402
516 83
206 50
0 487
160 351
623 520
232 497
12 539
80 51
516 178
516 217
80 304
387 52
83 129
623 75
387 388
387 574
0 23
339 580
339 10
387 265
145 37
0 240
516 139
623 67
514 202
387 213
83 135
514 85
80 142
80 157
232 137
339 460
623 507
145 74
160 336
232 159
83 446
80 189
339 614
514 278
387 194
516 631
329 283
535 349
516 272
12 330
535 325
535 410
145 504
387 510
0 341
145 491
514 371
80 290
145 353
623 474
329 294
387 260
160 204
516 198
535 508
160 433
160 149
516 425
339 436
160 371
623 484
0 585
514 307
0 168
623 378
329 382
514 445
0 287
83 527
160 429
232 318
387 169
232 567
80 33
329 317
514 109
514 564
145 598
623 140
329 547
0 561
12 87
83 277
535 222
232 563
339 442
535 533
232 470
125 197
516 591
329 451
623 234
387 457
0 344
160 440
145 116
83 300
12 51
268 260
83 252
0 471
80 320
514 343
339 604
150 148
80 497
206 536
387 449
206 35
339 236
339 372
266 429
339 115
160 620
145 395
80 402
0 410
623 251
623 181
232 410
232 213
339 11
0 422
0 94
339 288
387 625
623 164
339 6
516 284
83 203
0 528
514 583
145 422
516 93
266 374
387 553
232 613
339 518
226 249
329 90
387 374
83 215
145 518
145 184
83 543
387 460
516 483
387 20
387 196
535 138
339 56
232 477
226 148
80 134
83 589
339 36
145 104
623 223
535 484
12 459
623 485
0 305
80 93
0 418
623 374
623 341
83 539
83 107
80 426
145 497
387 352
387 222
623 233
268 483
0 338
387 438
0 603
268 302
232 123
0 279
339 112
514 368
232 509
387 568
12 203
0 303
80 545
339 416
226 212
266 289
339 23
516 570
514 387
339 501
80 492
516 282
0 388
514 142
0 181
516 563
387 349
0 473
83 46
516 561
0 2
232 294
83 168
80 39
339 407
514 269
96 382
516 215
145 177
206 479
125 564
535 126
623 605
83 119
206 63
623 390
514 453
206 393
387 282
0 478
232 561
339 32
12 327
535 40
516 301
83 22
329 371
12 430
145 307
339 242
83 579
83 150
83 584
12 127
80 450
12 40
339 461
266 483
535 541
83 17
83 373
623 151
145 91
339 172
516 390
80 188
339 422
535 298
535 618
339 63
83 453
145 397
266 622
339 392
125 78
623 244
387 245
623 126
516 530
623 376
80 611
80 252
0 115
0 448
96 351
125 625
83 463
387 389
83 459
623 366
516 258
145 161
387 622
339 323
514 525
145 79
516 15
83 95
268 305
12 545
268 257
623 377
623 540
150 509
125 67
80 388
339 396
160 322
226 547
387 371
80 467
387 14
125 520
535 314
145 582
387 26
329 204
516 416
12 613
623 571
80 211
387 454
80 550
516 225
80 620
0 511
83 27
339 577
623 269
329 563
180 148
145 385
514 131
145 182
160 92
96 39
387 30
0 178
339 374
232 210
623 148
12 150
96 406
387 612
387 24
387 370
12 389
535 380
83 496
80 96
96 613
516 192
339 107
145 227
0 55
535 178
0 207
125 179
83 548
80 161
0 324
12 280
12 186
268 263
339 52
145 558
83 167
0 27
206 318
80 335
387 292
206 264
80 539
514 69
12 333
387 295
145 454
232 535
206 371
125 455
12 466
150 483
80 98
623 237
623 333
145 418
12 397
516 404
516 14
125 371
145 436
0 37
0 215
96 471
387 355
80 618
125 141
339 42
339 346
514 592
516 53
0 155
623 173
623 84
80 123
339 200
12 42
0 219
180 568
339 190
160 52
329 221
160 33
516 18
268 197
516 613
145 224
80 370
145 246
514 411
623 575
339 553
329 455
206 83
339 533
387 55
80 334
0 535
0 285
387 394
232 256
516 466
516 180
96 87
514 291
0 192
160 524
623 279
0 281
83 74
83 375
180 254
150 204
232 114
125 46
226 55
232 292
96 593
145 6
83 262
0 11
339 487
96 11
535 597
516 392
514 502
339 232
387 8
623 324
516 277
80 425
0 629
0 457
12 507
516 333
387 258
12 302
206 75
623 412
623 535
83 294
145 63
160 383
387 159
516 441
268 259
80 248
339 201
623 606
0 562
12 43
387 251
514 581
12 211
623 264
516 87
80 100
80 125
145 69
516 100
0 524
0 444
339 403
206 302
145 313
160 358
516 46
387 578
12 572
339 424
387 5
80 203
0 318
12 568
80 52
339 603
0 264
268 388
268 460
83 624
516 314
623 66
12 276
339 320
0 159
516 75
516 526
160 72
12 527
160 229
339 286
80 353
80 420
80 279
83 489
387 420
80 390
0 139
339 256
206 433
125 113
145 333
339 205
145 372
516 306
0 269
339 341
516 149
535 137
623 600
145 28
80 395
514 303
96 197
339 584
387 288
80 602
268 254
83 554
83 594
80 296
0 48
623 548
83 51
516 414
623 558
0 485
514 457
514 1
160 56
160 356
145 562
329 183
83 598
145 138
80 106
339 102
0 431
145 77
535 254
516 459
266 89
0 332
12 161
145 102
0 325
83 36
12 37
516 273
145 563
339 170
516 39
206 154
0 327
516 417
206 349
387 63
516 579
12 605
623 242
0 391
516 108
80 209
80 5
80 483
387 317
80 449
387 555
232 212
83 604
387 525
623 147
516 574
80 443
160 622
623 37
339 250
514 240
516 126
516 58
83 346
516 475
387 224
0 502
83 20
623 102
339 440
125 39
516 550
516 179
514 351
232 376
0 63
145 337
125 390
80 66
83 102
83 260
623 511
516 0
145 509
150 182
160 334
12 482
83 397
80 130
125 206
80 104
516 104
0 322
339 5
339 459
387 89
83 43
80 251
0 297
623 499
623 231
160 464
83 479
145 608
0 625
160 270
80 441
339 207
145 479
387 543
206 19
83 306
387 356
83 494
339 67
0 123
145 622
232 298
623 339
339 613
226 137
339 561
12 559
623 346
12 316
329 257
80 287
80 53
125 227
268 264
83 162
80 582
516 136
0 80
387 439
145 318
514 195
387 289
514 188
387 444
83 557
339 151
268 419
387 631
12 404
516 581
623 620
12 133
232 211
125 366
83 513
206 12
80 309
206 606
83 401
83 116
535 534
145 144
339 24
387 135
623 44
623 20
623 274
516 385
329 207
96 614
0 119
339 54
329 313
12 106
125 334
514 426
83 585
12 299
232 260
83 282
387 147
83 386
514 33
83 161
0 362
516 37
623 441
80 120
226 317
12 321
0 336
83 259
145 458
329 256
125 265
160 45
12 372
0 464
125 482
206 94
623 301
514 100
145 148
339 271
329 160
339 296
12 356
514 173
514 137
516 182
96 325
83 125
514 178
329 416
387 338
516 575
145 359
12 476
0 154
514 313
514 331
83 183
83 68
516 508
0 249
514 518
80 440
232 451
514 211
516 592
12 326
226 351
387 567
83 519
266 188
387 143
12 53
516 418
514 542
339 8
516 474
387 581
206 204
0 93
516 330
180 183
12 419
516 138
387 193
623 518
623 628
387 217
206 562
516 336
83 240
387 195
0 234
516 449
160 155
387 109
0 381
623 259
387 219
125 16
80 535
226 260
516 423
232 565
12 388
516 480
0 550
516 186
83 32
514 527
125 178
80 345
145 327
83 439
80 219
623 509
339 149
387 551
514 243
12 10
12 46
387 336
83 19
80 280
387 110
80 183
387 344
268 204
516 33
96 259
80 294
80 480
623 544
623 291
387 186
623 235
339 364
329 219
0 255
268 541
83 619
145 466
516 359
0 482
206 534
266 51
80 250
514 179
232 576
125 114
535 471
150 219
0 568
80 410
12 55
206 331
206 292
83 429
0 205
535 224
12 71
83 174
387 512
145 132
623 111
387 50
206 149
387 373
516 529
623 56
339 3
387 358
623 622
145 23
623 261
80 56
329 52
329 197
180 388
0 558
0 612
516 44
339 127
80 90
623 227
387 111
516 296
387 602
145 33
387 468
623 534
623 618
206 39
80 462
83 178
623 493
145 358
0 91
268 443
232 113
623 609
516 54
206 570
623 568
623 572
206 541
516 229
83 11
339 154
516 196
339 547
514 276
516 580
160 436
516 565
623 208
339 627
329 509
387 626
145 355
180 154
80 596
516 205
80 347
623 592
12 310
12 375
387 326
339 38
80 408
387 236
80 103
516 442
145 57
83 54
514 11
232 173
339 546
268 221
339 50
0 311
623 257
387 405
535 572
145 519
83 136
623 599
125 90
339 466
623 617
0 148
0 581
516 130
0 373
232 349
83 109
266 122
0 31
329 358
83 290
514 3
96 52
387 346
12 376
387 539
83 456
12 215
80 357
160 573
516 428
339 217
516 514
206 613
339 211
0 284
623 74
83 309
516 247
623 141
160 225
83 192
80 6
623 197
516 69
516 350
145 282
125 8
329 12
387 238
387 123
83 271
96 429
387 406
83 237
232 493
0 377
623 152
535 390
514 567
339 174
0 465
0 33
80 282
206 561
516 71
0 367
268 39
339 503
125 290
0 245
12 428
83 412
329 186
125 525
387 481
80 377
0 237
125 11
96 606
180 256
83 272
83 483
145 168
339 1
145 11
0 260
0 599
387 506
535 216
514 553
206 45
80 592
514 23
339 66
80 236
387 613
535 462
80 198
0 180
339 369
226 622
0 435
387 239
516 337
387 563
80 73
623 296
623 6
12 496
125 257
623 297
0 143
125 492
80 25
339 513
145 186
514 315
535 424
339 465
226 349
623 45
623 320
0 598
339 601
339 110
516 504
387 372
12 570
514 160
339 318
516 80
535 350
206 458
80 348
339 20
516 356
12 241
623 554
145 366
145 84
339 522
339 145
145 538
516 598
339 599
180 302
232 1
145 263
623 283
623 547
12 564
329 39
160 59
80 512
232 382
12 481
80 60
226 298
226 182
83 7
12 255
339 505
387 204
80 264
83 56
80 101
145 529
387 514
145 277
80 147
0 263
145 375
623 630
387 207
160 131
80 216
339 228
514 162
516 254
387 229
516 117
12 616
339 592
339 426
83 622
516 415
329 206
387 556
339 120
83 613
623 473
12 154
623 352
232 503
12 358
232 186
266 613
623 146
339 563
339 511
226 606
160 478
516 437
387 396
80 604
206 116
387 489
83 53
0 145
516 67
80 428
206 109
535 385
535 100
145 357
516 436
80 273
232 385
83 302
145 485
96 122
0 459
339 252
535 32
0 165
387 597
387 385
623 316
514 237
83 420
516 513
83 196
160 142
12 392
0 44
387 57
96 532
125 149
329 41
0 272
516 40
83 270
516 251
516 512
12 562
339 285
516 113
80 538
623 276
514 487
623 305
329 613
160 8
0 608
206 449
232 45
150 270
514 227
0 304
266 1
0 179
180 606
80 457
125 530
623 567
12 412
268 613
514 217
329 356
339 598
387 466
83 440
516 203
0 515
623 68
339 61
12 99
535 339
226 385
206 11
80 472
206 533
339 439
12 427
623 443
516 619
12 436
232 219
339 457
516 559
206 351
80 303
226 515
0 586
514 216
514 153
80 394
160 156
268 256
623 149
623 589
96 568
83 199
145 536
516 602
516 300
0 583
145 237
516 353
339 497
387 203
80 185
80 293
0 573
160 451
80 58
80 363
623 27
339 566
80 330
339 453
514 565
12 250
0 147
516 34
339 315
516 610
623 89
387 531
623 108
623 188
623 321
339 418
0 82
623 159
80 468
339 450
83 111
387 230
0 126
623 203
0 98
12 630
125 302
387 534
623 582
150 39
80 469
535 419
268 581
339 275
83 468
516 339
83 163
339 361
516 241
0 20
339 131
180 429
145 478
0 47
226 179
80 482
516 399
516 152
83 293
0 615
516 233
623 93
80 230
266 311
516 47
145 131
80 613
80 516
514 39
83 15
83 298
339 59
329 619
329 608
516 596
83 507
339 376
145 305
514 405
206 303
160 206
266 533
80 212
12 314
160 264
0 73
83 79
516 564
80 340
206 379
623 597
623 303
329 311
145 169
339 146
0 124
516 324
83 541
206 55
80 389
516 292
80 57
516 276
80 554
12 460
623 551
0 424
12 111
80 164
387 329
80 34
12 278
80 243
83 148
535 316
516 107
0 368
516 518
0 609
83 335
12 474
339 405
623 142
516 531
83 234
623 375
266 365
145 268
125 322
83 84
0 544
514 522
535 263
0 211
387 628
516 288
232 266
160 590
329 259
0 100
206 257
83 304
0 246
623 268
125 145
516 246
516 98
514 301
339 573
232 436
80 372
339 186
145 351
145 346
339 335
0 316
83 172
0 411
226 188
83 476
387 523
516 532
339 314
80 415
80 493
80 398
206 20
387 220
0 483
80 133
0 175
150 534
339 365
96 265
623 356
516 407
80 152
516 158
145 602
83 205
125 565
387 279
0 270
516 248
516 595
83 382
0 492
387 34
83 426
623 96
339 545
339 512
232 400
339 111
516 155
80 150
206 87
535 24
329 460
387 432
0 129
516 344
150 531
12 546
387 308
535 454
180 525
125 45
80 569
623 310
80 366
80 384
329 570
339 572
339 448
516 331
623 248
83 603
535 277
12 623
125 317
266 531
516 1
387 424
623 385
96 572
514 235
80 84
145 60
339 152
514 168
623 501
623 498
145 465
387 579
12 33
206 298
516 562
339 162
623 355
514 113
145 125
0 445
12 18
12 448
145 597
80 359
206 385
514 89
387 108
145 171
339 165
83 523
232 259
12 406
268 122
535 366
83 230
516 473
83 243
514 335
145 332
514 543
339 313
387 270
516 432
80 520
83 117
232 464
339 344
0 606
12 394
623 70
12 301
339 77
12 139
160 341
329 385
623 429
387 587
80 167
516 259
83 410
339 310
145 370
80 510
623 492
339 289
145 20
226 531
145 269
516 298
0 590
12 509
125 570
96 204
339 351
0 611
160 220
83 241
516 422
80 176
80 253
83 408
516 90
96 366
514 299
80 109
623 69
623 144
0 530
0 103
339 491
145 446
329 345
80 192
329 581
83 82
96 307
0 565
83 130
387 400
387 509
339 58
387 74
339 373
387 90
387 3
516 110
160 374
387 570
329 575
0 484
329 260
83 536
535 51
145 499
329 55
0 96
0 323
623 40
268 58
516 481
145 9
206 576
339 559
339 90
535 315
12 342
387 629
232 236
12 228
339 258
232 179
83 469
387 255
516 120
80 228
387 318
160 260
339 81
516 106
125 263
12 309
516 465
12 281
145 470
160 373
12 61
83 384
80 580
516 283
535 434
514 464
516 99
145 579
12 182
516 38
535 458
339 470
535 479
387 102
80 173
12 602
535 464
80 3
339 73
226 154
145 109
535 219
12 579
206 258
514 64
206 429
80 494
145 367
80 220
232 433
0 81
83 537
0 430
206 547
0 239
623 265
83 516
145 341
535 478
387 488
0 221
145 231
145 137
125 434
329 565
516 5
0 162
12 497
12 477
516 173
0 415
83 115
339 195
125 581
339 381
0 204
0 527
80 418
339 192
160 515
387 416
12 315
514 45
268 203
387 19
514 145
0 167
516 7
145 310
12 162
83 344
12 586
232 85
145 610
232 630
0 268
329 105
0 151
145 542
96 522
206 135
226 1
266 221
623 246
80 221
232 307
339 49
623 359
83 16
516 445
150 464
339 69
80 341
180 536
206 506
623 83
516 604
83 110
268 316
83 419
623 556
145 256
623 247
145 453
339 189
232 317
387 452
12 151
0 248
125 87
12 461
125 351
96 188
145 514
206 29
516 521
339 474
12 285
387 580
232 390
125 236
160 553
206 509
0 508
329 410
160 362
0 66
623 369
387 440
623 523
0 529
0 114
80 603
387 262
125 74
516 470
145 490
226 376
80 247
339 462
516 55
0 24
387 215
266 126
516 599
83 528
206 467
232 416
206 485
387 377
83 590
339 17
339 259
180 204
80 205
83 517
387 493
80 187
514 394
339 98
80 478
339 282
387 103
160 325
160 312
0 400
623 250
516 132
516 243
0 97
387 538
268 50
516 308
514 105
623 624
12 109
0 494
160 387
83 362
516 56
516 452
160 23
0 253
514 334
145 464
232 89
623 183
516 453
0 333
514 255
80 204
0 452
387 562
145 442
516 154
387 529
96 380
80 24
80 522
516 162
387 595
516 309
339 488
339 303
80 175
80 447
83 289
623 407
226 52
516 381
145 623
387 284
516 228
516 351
80 105
623 99
387 433
125 443
226 483
0 238
160 504
339 486
0 158
516 467
339 411
206 276
514 443
339 215
623 453
516 410
12 225
339 208
83 189
83 133
535 256
145 580
516 27
387 363
160 574
0 36
232 608
387 235
160 276
0 390
387 337
145 1
623 538
516 274
623 564
339 298
80 361
125 89
160 370
329 126
0 442
623 531
514 97
516 278
387 507
12 341
145 394
339 485
83 520
12 108
516 485
145 524
80 40
387 274
387 455
125 441
125 359
387 415
535 67
516 16
125 292
145 207
516 199
83 303
160 12
514 534
80 23
623 289
516 305
339 451
268 441
160 453
516 267
623 439
339 160
516 59
387 188
232 423
516 307
387 392
232 126
80 265
80 606
623 143
516 471
339 141
516 245
206 627
80 452
83 417
0 49
206 315
145 39
0 509
623 12
226 216
12 77
80 237
387 429
268 471
339 579
339 243
80 274
387 328
516 157
516 135
266 216
0 402
535 192
268 416
80 352
329 85
232 483
268 385
339 377
0 489
339 389
329 343
206 380
12 378
387 287
339 556
329 276
516 545
226 265
80 47
206 630
387 450
160 42
206 622
516 146
160 532
145 300
83 495
623 471
232 564
339 616
623 41
339 446
0 26
145 462
0 602
83 591
83 279
339 467
514 344
516 354
80 612
83 327
0 616
339 564
125 532
623 267
83 511
623 8
516 405
535 429
96 237
387 384
80 128
83 363
80 404
339 609
387 426
339 510
514 404
12 479
339 29
0 385
83 454
387 11
339 295
145 249
83 478
206 111
339 500
0 256
623 395
0 56
623 494
623 483
0 417
623 480
516 184
206 568
80 311
0 161
0 582
516 224
623 118
266 74
339 574
206 183
83 503
226 457
83 450
387 497
12 440
387 189
0 308
535 23
516 446
516 593
535 287
535 600
80 42
387 126
623 128
145 200
83 567
339 235
535 344
535 27
0 190
0 556
12 166
514 492
83 588
80 571
180 89
80 166
226 276
516 597
145 463
80 463
0 65
535 55
516 299
83 407
232 77
0 479
516 207
339 130
12 308
80 12
514 32
266 385
516 378
80 88
0 54
268 292
268 159
516 50
266 143
80 400
180 534
0 228
83 9
0 136
160 263
514 471
80 49
623 478
339 79
12 522
80 200
12 581
0 200
339 274
206 229
516 585
516 607
83 530
514 373
516 568
0 137
0 197
83 525
535 2
516 43
339 409
80 316
516 143
12 529
623 202
145 197
0 176
0 1
232 148
12 540
83 546
232 612
516 19
80 122
339 169
12 68
80 95
83 524
339 438
80 499
339 57
516 213
206 48
12 441
329 216
339 437
80 503
339 126
516 373
80 495
516 295
145 88
160 281
329 173
125 493
339 156
83 626
387 411
0 455
339 255
0 601
339 565
339 472
80 578
623 562
623 110
516 520
145 371
266 178
387 244
329 89
514 275
160 623
12 385
516 310
80 27
516 31
516 454
0 355
160 414
514 245
535 511
80 111
516 112
145 411
535 204
535 265
145 410
12 377
145 167
83 350
329 553
623 340
266 619
514 563
12 380
80 172
268 434
80 59
145 219
623 533
266 586
83 29
0 425
623 573
339 432
80 144
145 50
516 612
514 285
387 487
12 464
339 138
160 422
160 619
623 576
387 41
12 371
623 361
12 499
232 347
514 129
125 568
232 221
80 594
232 460
387 151
516 397
339 28
387 606
268 487
125 305
0 398
83 487
80 270
83 485
12 455
145 218
12 400
80 597
206 213
387 607
96 206
83 392
12 305
339 309
125 426
387 172
125 536
623 249
83 37
96 89
387 104
339 625
83 490
329 231
623 328
206 275
125 604
623 563
623 450
160 197
535 124
80 346
232 371
339 237
0 405
96 385
516 137
150 606
387 256
387 218
12 253
514 108
0 337
80 169
160 530
339 400
623 1
339 476
387 536
12 373
12 353
387 314
516 231
160 148
80 327
160 394
339 619
80 397
83 518
268 186
80 9
232 138
80 179
80 260
160 604
80 136
387 221
83 67
226 11
339 527
232 33
516 145
623 123
0 416
80 135
80 127
80 224
96 624
623 150
339 391
329 147
12 486
387 515
80 235
12 296
329 208
145 196
0 584
232 22
80 318
125 630
0 572
387 549
516 421
83 618
516 472
339 105
623 420
160 237
80 262
516 393
80 339
0 534
623 508
516 586
145 233
339 284
0 275
268 451
623 566
0 16
387 322
516 439
12 458
516 25
226 203
12 258
160 570
623 536
96 276
12 533
226 227
339 555
12 143
145 467
0 230
268 294
387 33
623 331
268 206
145 406
516 372
80 258
387 441
387 54
623 399
160 46
145 100
145 568
329 302
232 458
80 517
80 229
516 73
339 108
623 436
514 627
339 334
12 289
80 344
387 297
12 257
0 335
145 97
80 338
0 61
96 310
0 375
125 293
80 4
0 366
339 363
535 578
514 161
514 452
623 364
514 221
339 615
514 259
232 154
387 623
339 496
387 28
623 114
387 617
0 538
339 347
83 99
329 600
80 355
387 572
160 493
516 383
387 293
125 40
83 413
0 313
12 23
80 367
0 134
387 1
83 132
514 600
12 352
516 85
516 319
12 298
83 216
268 377
232 422
514 455
232 624
339 230
12 192
0 261
535 97
623 281
80 491
0 449
206 484
0 542
12 528
12 449
80 567
226 509
12 607
339 265
516 587
0 301
339 125
387 202
535 307
623 626
83 137
514 18
268 484
125 471
145 265
80 149
145 391
0 351
80 600
83 409
387 98
339 499
623 424
160 342
80 481
535 338
160 39
623 472
83 44
0 291
387 436
0 481
0 266
516 261
83 434
12 363
387 47
329 11
339 585
387 17
160 81
387 546
83 195
623 57
232 512
339 196
516 371
0 12
535 515
80 70
387 51
339 175
145 135
160 583
339 12
387 524
232 471
0 3
387 393
0 83
387 31
514 180
339 478
387 402
80 317
145 625
145 234
516 522
206 434
145 105
12 67
0 57
387 60
0 229
125 144
80 194
145 488
145 431
339 408
516 303
0 156
516 141
0 102
232 231
160 303
83 287
514 182
145 258
83 421
145 210
80 326
0 208
0 213
535 574
535 358
339 368
180 351
516 223
12 563
516 156
387 540
339 278
623 30
83 621
516 560
160 376
160 150
387 212
339 607
516 464
339 245
12 288
80 599
160 267
180 541
145 510
80 459
83 381
12 136
80 297
232 74
339 337
232 11
0 419
339 587
339 543
387 37
387 492
145 127
145 142
160 534
329 22
339 249
0 596
12 541
145 275
12 624
268 277
0 59
125 623
150 460
12 95
226 539
145 476
0 512
145 521
623 80
387 228
83 223
623 185
514 177
0 17
80 471
387 443
180 443
516 266
206 69
514 247
80 630
83 441
0 569
232 365
160 182
80 117
514 539
0 531
83 569
339 272
12 320
339 489
80 558
150 547
145 260
329 64
339 548
516 590
12 561
83 355
12 592
96 292
339 358
125 380
83 3
339 246
387 250
232 541
232 429
623 503
387 390
387 156
516 334
160 265
12 557
145 374
535 469
516 406
623 287
339 366
329 254
516 408
0 193
160 567
145 377
125 183
0 164
80 378
83 47
387 353
0 163
232 606
12 191
80 528
83 368
387 72
206 420
329 50
83 348
80 55
623 221
514 432
339 213
387 448
80 617
96 448
623 615
339 21
514 206
80 213
387 241
514 116
516 212
206 551
226 218
535 87
125 624
623 182
83 329
387 362
80 15
516 210
516 361
80 271
516 264
80 549
623 465
329 51
160 474
160 11
387 112
514 316
0 380
80 148
535 175
12 488
516 118
80 199
83 319
0 552
387 311
387 56
516 201
80 429
145 58
80 541
514 126
83 26
329 487
339 517
623 584
339 222
83 62
83 482
387 40
145 272
12 467
387 81
80 598
12 201
0 225
623 506
535 518
339 46
623 419
12 243
535 567
0 201
339 571
535 194
514 13
206 581
387 39
160 274
80 102
339 197
387 410
80 269
80 625
80 331
387 472
516 622
12 237
125 311
125 574
0 58
12 26
80 387
80 369
160 292
0 76
339 7
339 398
12 457
535 221
145 85
623 302
96 225
125 358
160 256
145 502
96 263
387 294
387 171
0 108
514 509
623 201
339 209
145 515
232 406
12 367
12 495
0 631
12 606
623 51
83 448
514 90
623 431
145 112
145 122
329 154
0 356
535 420
329 318
387 67
623 59
0 406
83 360
329 298
339 93
160 517
387 138
145 317
514 111
514 213
12 209
80 595
12 41
80 401
145 203
96 178
80 631
516 630
623 167
145 340
535 295
329 48
83 284
232 522
339 394
0 554
150 155
387 334
83 352
12 246
535 443
206 159
387 360
0 13
180 325
80 160
125 51
12 366
387 367
232 188
516 275
623 470
0 160
80 365
623 29
125 535
80 519
232 325
516 584
206 164
145 38
329 325
12 471
125 212
623 127
12 36
80 99
623 58
160 85
339 375
516 161
125 41
0 307
339 262
80 266
0 578
226 416
339 234
83 405
12 84
83 81
339 390
516 411
0 86
80 1
0 451
232 52
232 311
266 159
145 532
125 606
516 379
516 588
96 16
80 386
80 399
160 105
623 55
516 20
80 583
83 593
0 173
516 290
387 434
623 421
145 383
623 14
535 499
206 489
232 508
83 416
514 477
514 428
268 143
145 334
339 494
83 562
623 414
12 185
160 380
80 45
80 438
83 55
387 535
80 222
12 403
339 83
80 2
514 297
12 425
0 244
80 35
387 290
339 194
514 602
12 626
268 298
145 280
329 390
516 232
339 618
83 580
0 247
266 147
206 348
226 294
514 419
387 312
80 406
96 105
623 304
0 75
232 380
339 384
80 626
387 280
623 349
339 219
339 504
96 45
339 187
329 87
12 263
0 575
0 321
125 456
83 354
329 551
80 154
387 316
160 439
339 221
206 542
266 608
339 220
387 227
150 137
516 395
339 153
0 295
623 186
387 518
125 154
160 257
80 445
80 530
339 106
80 619
96 46
516 12
623 52
160 509
12 575
514 479
0 220
516 440
145 368
125 547
339 594
160 104
623 332
0 271
329 388
387 233
516 86
514 317
232 482
516 540
623 175
514 184
226 89
80 464
623 408
12 137
0 347
160 278
623 447
516 576
232 331
387 191
623 131
12 578
232 161
516 500
516 51
232 248
339 549
232 263
80 506
80 314
80 159
83 347
516 450
268 55
339 468
83 210
80 71
516 552
125 347
0 174
145 157
80 241
80 609
80 607
387 547
516 240
516 340
150 138
387 149
516 403
145 222
535 394
339 520
516 594
623 565
125 297
387 58
12 5
80 489
145 527
339 401
145 303
339 605
516 524
516 578
125 531
160 406
339 9
160 259
80 307
160 122
83 301
387 357
339 301
623 619
516 618
145 163
160 419
0 404
12 312
339 327
339 260
329 63
80 476
516 317
339 293
145 78
339 264
232 305
516 347
0 620
387 85
145 190
516 287
623 357
535 289
80 119
0 171
206 245
387 114
160 499
514 382
0 617
339 316
160 547
387 474
516 494
83 204
0 604
339 576
516 78
623 314
83 314
516 539
80 162
387 134
516 302
96 483
180 216
387 419
145 187
160 183
83 286
232 63
516 140
514 569
80 421
83 285
12 52
339 325
623 112
516 368
516 185
160 188
12 331
232 520
516 82
514 209
0 113
387 59
226 292
339 583
268 588
145 630
226 390
339 415
516 605
516 26
516 479
516 89
83 269
232 362
387 614
83 71
623 410
516 517
12 93
535 386
145 425
0 14
180 289
145 44
514 465
180 460
125 52
329 141
339 333
516 623
339 479
516 17
145 259
80 112
516 72
83 209
535 186
339 569
339 419
268 349
339 179
387 283
339 35
80 68
0 125
83 358
268 493
516 341
160 126
12 532
514 341
516 364
83 466
516 22
339 629
83 571
145 393
516 194
516 567
516 84
83 325
145 403
226 149
623 241
125 230
83 113
339 177
145 407
160 624
623 76
83 220
0 434
387 300
339 452
160 386
0 231
145 46
0 607
125 454
226 551
83 612
516 624
387 615
12 216
145 143
387 119
12 487
268 218
0 235
80 256
80 380
339 114
0 30
80 488
206 67
12 398
0 169
516 250
0 500
329 419
535 20
516 68
623 47
145 590
339 268
0 64
12 223
80 446
623 468
145 212
535 405
514 123
514 434
0 242
0 593
80 382
160 161
339 360
623 122
516 238
339 378
339 406
514 456
339 158
80 486
516 620
623 546
83 581
387 350
623 521
80 485
145 304
232 87
145 214
623 504
125 561
0 7
339 33
0 587
0 592
516 548
0 363
80 526
0 499
0 498
83 73
268 154
160 531
232 90
339 157
516 190
0 329
83 438
125 1
125 374
206 470
12 515
623 330
387 342
160 258
83 515
206 565
232 72
266 186
80 94
514 147
339 481
268 534
83 315
80 255
12 156
516 52
12 508
339 263
387 469
268 42
516 375
339 444
12 387
80 114
12 148
516 271
83 151
516 507
516 608
339 435
516 187
206 265
80 496
387 339
339 608
387 482
226 374
150 265
83 338
339 427
339 13
83 484
329 471
12 259
0 150
80 498
387 464
80 529
12 261
0 258
339 387
339 370
83 498
516 165
0 101
12 510
160 137
516 366
83 444
514 340
339 168
80 140
226 343
0 537
0 458
387 107
145 424
339 350
514 197
145 276
623 464
623 232
80 470
0 526
12 168
125 237
80 532
0 41
535 483
80 475
206 251
387 158
516 74
516 478
145 208
83 337
145 8
145 266
0 533
0 393
0 623
516 10
80 11
387 421
387 286
339 212
339 380
12 399
80 292
0 170
145 80
83 321
0 202
339 492
160 457
80 126
0 521
266 567
0 409
329 458
339 128
329 442
339 458
623 256
623 39
0 105
339 85
516 346
514 144
535 206
339 429
206 255
160 244
339 307
623 117
226 388
125 587
339 71
83 559
516 457
0 614
0 257
516 123
83 374
623 489
0 233
180 259
80 227
160 138
0 490
160 78
339 281
387 120
145 348
514 515
339 473
0 440
80 259
226 259
80 375
514 561
12 8
514 5
125 22
80 466
387 267
12 391
535 232
329 400
12 90
514 379
96 216
80 191
145 472
80 143
0 116
80 542
516 553
145 49
12 7
80 190
150 453
80 223
80 139
535 123
535 45
339 502
387 247
96 8
206 161
268 410
339 352
516 456
623 61
145 448
514 236
516 386
12 32
516 489
0 510
0 25
80 417
535 218
125 276
232 291
12 130
0 536
226 484
514 623
0 576
83 175
83 8
514 16
516 527
339 371
514 314
516 227
623 405
12 543
83 471
516 255
12 227
145 545
387 366
145 379
125 600
80 511
535 135
83 225
80 368
12 332
83 345
125 328
96 420
329 630
83 169
145 213
339 103
516 62
266 349
226 305
125 247
516 9
12 295
266 90
83 114
516 573
514 148
0 522
206 455
232 289
0 141
387 386
0 371
206 195
206 225
623 542
387 133
516 131
12 483
514 399
514 298
80 92
623 585
516 328
268 572
83 310
0 298
12 17
12 525
206 221
206 311
339 210
514 545
339 78
145 270
80 77
535 512
80 170
83 123
145 338
12 267
80 392
206 451
516 2
83 467
145 204
514 325
125 85
339 247
145 326
623 180
83 387
535 613
623 469
80 64
516 506
125 270
12 335
145 612
83 103
339 356
160 212
0 290
516 239
0 467
387 380
268 289
80 524
623 46
125 499
125 503
514 289
80 67
623 225
387 166
623 496
160 310
12 198
329 576
