0 276
12 420
12 555
12 273
12 518
12 194
12 589
12 54
12 140
12 469
12 350
12 446
12 73
12 484
12 94
12 337
12 544
12 347
12 254
12 224
12 384
12 14
12 266
12 537
12 75
12 81
12 122
12 146
12 119
12 355
12 233
12 123
12 132
12 252
12 604
12 207
12 22
12 475
12 311
12 521
12 181
12 21
12 576
12 226
12 269
12 271
12 118
12 608
12 145
12 279
12 218
12 3
12 247
12 345
12 618
12 395
12 569
12 442
12 62
12 98
12 287
12 114
12 620
12 29
12 272
12 454
12 324
12 283
12 235
12 202
12 402
12 19
12 28
12 124
12 365
12 72
12 231
12 348
12 328
12 169
12 129
12 304
12 35
12 435
12 219
12 631
12 558
12 121
12 625
12 512
12 437
12 343
12 535
12 290
12 439
12 34
12 232
12 9
12 20
12 70
12 407
12 577
12 164
12 490
12 364
12 208
12 0
12 47
12 268
12 451
12 423
12 491
12 147
12 116
12 44
12 79
12 599
12 360
12 153
12 115
12 260
12 426
12 56
12 120
12 551
12 500
12 493
12 611
12 472
12 405
12 58
12 82
12 24
12 199
12 588
12 619
12 135
80 490
80 323
80 333
83 388
83 538
83 266
83 226
83 267
83 575
83 166
83 80
83 61
83 372
83 391
83 565
83 596
83 623
83 512
83 296
83 283
83 278
83 545
83 462
83 371
83 334
83 330
83 246
83 85
83 112
83 332
83 25
83 403
83 98
83 212
83 508
83 227
83 291
83 126
83 180
83 312
83 146
83 228
83 353
83 364
83 186
83 544
83 592
83 447
83 377
83 307
83 70
83 140
83 427
83 502
83 323
83 627
83 532
83 336
83 274
83 87
83 433
83 378
83 14
83 550
83 514
83 313
83 249
83 340
83 96
83 154
83 224
83 39
83 399
83 458
83 535
83 97
83 542
83 273
83 185
83 211
83 33
83 564
83 171
83 281
83 248
83 131
83 105
83 255
83 481
83 343
83 521
83 182
83 379
83 563
83 179
83 297
83 77
83 573
83 214
83 138
83 222
83 400
83 376
83 533
83 206
83 253
96 526
96 84
96 347
96 472
96 201
96 199
96 40
96 387
96 413
96 210
96 102
96 564
96 586
96 6
96 300
96 222
96 266
96 506
96 124
96 146
96 498
96 180
96 476
96 507
96 545
96 51
96 157
96 438
96 464
96 239
96 277
96 90
96 398
96 345
96 101
96 458
96 502
96 529
96 330
96 334
96 262
96 5
96 57
96 58
96 2
96 116
96 492
96 392
96 318
96 443
96 447
96 168
96 587
96 65
96 294
96 69
96 196
96 321
96 627
96 527
96 64
96 231
96 424
96 450
96 132
96 142
96 218
96 354
96 360
96 75
96 77
96 619
96 417
96 590
96 402
96 561
96 133
96 621
96 373
96 285
96 535
96 454
96 25
96 1
96 309
96 489
96 257
96 437
96 320
96 418
96 440
96 35
96 4
96 243
96 156
96 150
96 214
96 240
96 579
96 83
96 17
96 258
96 602
96 500
96 246
96 241
96 456
96 165
96 297
96 149
96 566
96 436
96 144
96 128
96 67
96 615
96 256
96 179
96 212
96 467
96 504
96 433
96 342
96 474
96 369
96 229
96 217
96 120
96 252
96 93
96 267
96 399
96 304
96 612
96 200
96 465
96 112
96 293
96 567
96 71
96 273
96 610
96 193
96 423
96 408
96 261
96 182
96 512
96 76
96 594
96 30
96 475
96 72
96 56
96 625
96 576
96 439
96 254
96 363
96 513
96 451
96 59
96 542
96 10
96 110
96 605
96 161
96 269
96 384
96 444
96 181
96 147
96 130
96 173
96 422
96 407
96 275
96 158
96 511
96 91
96 186
96 23
96 597
96 419
96 629
96 295
96 403
96 291
96 121
96 626
96 189
96 284
96 336
96 548
96 12
96 140
96 525
96 409
96 68
96 557
96 427
96 428
96 415
96 73
96 123
96 430
96 28
96 355
96 282
96 226
96 401
96 215
96 100
96 541
96 306
96 153
96 74
96 80
96 331
96 170
96 268
96 470
96 145
96 555
96 592
96 13
96 36
96 588
96 41
96 319
96 396
96 238
96 581
96 234
96 361
96 235
96 584
96 432
96 391
96 117
96 414
96 457
96 79
96 490
96 253
96 139
96 563
96 445
96 42
96 389
96 174
96 368
96 496
96 461
96 364
96 131
96 301
96 283
96 375
96 425
96 505
96 95
96 607
96 521
96 19
96 208
96 372
96 358
96 27
96 190
96 86
96 53
96 435
96 66
96 184
96 125
96 322
96 129
96 616
96 233
96 618
96 141
96 394
96 395
96 255
96 280
96 578
96 18
96 459
96 350
96 49
96 478
96 455
96 43
96 503
96 570
96 328
96 61
96 601
96 171
96 528
96 393
96 63
96 603
96 0
96 367
96 341
96 609
96 600
96 431
96 446
96 497
96 556
96 288
96 554
96 22
96 312
96 317
96 386
96 211
96 81
96 411
96 151
96 192
96 44
96 107
125 412
125 47
125 551
125 30
125 555
125 596
125 320
125 9
125 281
125 544
125 44
125 498
125 36
125 518
125 627
125 18
125 262
125 497
125 162
125 424
125 15
125 147
125 229
125 235
125 116
125 529
125 123
125 261
125 433
125 446
125 367
125 375
125 20
125 566
125 192
125 3
125 223
125 174
125 98
125 139
125 214
125 537
125 577
125 233
125 185
125 411
125 171
125 621
125 466
125 432
125 450
125 271
125 576
125 324
125 440
125 57
125 612
125 164
125 104
125 603
125 284
125 321
125 327
125 31
125 470
125 92
125 14
125 391
125 303
125 277
125 296
125 475
125 34
125 121
125 169
125 55
125 421
125 342
125 252
125 43
125 586
125 387
125 238
125 177
125 26
125 589
125 370
125 514
125 508
125 153
125 553
125 219
125 88
125 479
125 616
125 626
125 407
125 269
125 198
125 557
125 100
125 152
125 54
125 172
125 163
125 352
125 299
125 495
125 82
125 413
125 507
125 243
125 232
125 286
125 81
125 519
125 487
125 115
125 231
125 225
125 418
125 472
125 4
125 295
125 65
125 448
125 94
125 392
125 402
125 62
125 340
125 502
125 109
125 21
125 102
125 491
125 167
125 318
125 595
125 377
125 400
125 101
125 469
125 256
125 13
125 611
125 458
125 69
125 134
125 462
125 207
125 398
125 399
125 562
125 516
125 631
125 184
125 615
125 124
125 279
125 117
125 313
125 427
125 542
125 463
125 24
125 459
125 582
125 244
125 251
125 523
125 405
125 199
125 548
125 239
125 103
125 501
125 618
125 310
125 200
125 118
125 511
125 291
125 287
125 416
125 425
125 209
125 132
125 467
125 558
125 580
125 567
125 436
125 84
125 513
125 439
125 319
125 86
125 136
125 468
125 96
125 304
125 449
125 93
125 585
125 285
125 267
125 112
125 538
125 158
125 552
125 510
125 32
125 187
125 201
125 373
125 333
125 23
125 512
125 539
125 140
125 478
125 415
125 504
125 588
125 76
125 217
125 283
125 60
125 423
125 583
125 354
125 56
125 105
125 571
125 494
125 362
125 108
125 272
125 7
125 560
125 35
125 258
125 500
125 205
125 447
125 378
125 379
125 435
125 527
125 38
125 401
125 550
125 395
125 226
125 119
125 282
125 77
125 80
125 528
125 451
125 68
125 517
125 406
125 157
125 396
125 584
125 430
125 181
145 452
145 342
145 426
145 309
145 113
145 252
145 526
145 559
145 247
145 18
145 444
145 123
145 110
145 245
145 30
145 511
145 387
145 605
145 291
145 299
145 134
145 101
145 620
145 330
145 284
145 5
145 503
145 347
145 522
145 96
145 294
145 415
145 193
145 589
145 278
145 409
145 390
145 564
145 369
145 350
145 273
145 151
145 281
145 314
145 81
145 561
145 423
145 173
145 601
145 40
145 238
145 553
145 449
145 386
145 150
145 274
145 631
145 118
145 516
145 45
145 93
145 405
145 584
145 481
145 287
145 414
145 541
145 82
145 288
145 17
145 549
145 21
145 506
145 498
145 543
145 599
145 117
145 114
145 618
145 175
145 492
145 629
145 244
145 128
145 119
145 76
145 164
145 505
145 507
145 242
145 420
145 540
145 594
145 603
145 428
145 26
145 229
145 473
145 286
145 447
145 628
145 95
145 155
145 19
145 103
145 156
145 53
145 621
145 153
145 13
145 554
145 312
145 578
145 560
145 180
145 528
145 445
145 140
145 392
145 12
145 323
145 493
145 261
145 378
145 35
145 480
145 27
145 54
145 583
145 205
145 4
145 243
145 235
145 595
145 70
145 162
145 469
145 384
145 166
145 569
150 352
150 26
150 378
150 497
150 615
150 315
150 33
150 20
150 587
150 158
150 438
150 332
150 211
150 1
150 149
150 274
150 513
150 507
150 569
150 348
150 32
150 116
150 167
150 410
150 580
150 590
150 495
150 3
150 188
150 616
150 55
150 233
150 359
150 65
150 552
150 115
150 562
150 133
150 500
150 455
150 79
150 257
150 207
150 99
150 13
150 543
150 244
150 621
150 286
150 529
150 549
150 260
150 7
150 30
150 50
150 69
150 197
150 174
150 17
150 342
150 235
150 304
150 157
150 15
150 242
150 168
150 469
150 542
150 477
150 36
150 251
150 29
150 397
150 243
150 83
150 418
150 367
150 217
150 317
150 369
150 27
150 546
150 256
150 345
150 394
150 95
150 582
150 180
150 411
150 328
150 387
150 423
150 114
150 154
150 77
150 264
150 379
150 202
150 474
150 560
150 232
150 230
150 596
150 439
150 425
150 298
150 45
150 611
150 361
150 291
150 252
150 422
150 78
150 398
150 191
150 343
150 58
150 110
150 628
150 555
150 106
150 19
150 296
150 259
150 112
150 316
150 196
150 589
150 426
150 375
150 312
150 532
150 365
150 9
150 598
150 82
150 545
150 442
150 142
150 166
150 223
150 35
150 279
150 631
150 617
150 227
150 363
150 604
150 593
150 203
150 237
150 185
150 23
150 44
150 445
150 588
150 97
150 630
150 199
150 492
150 403
150 234
150 380
150 98
150 499
150 187
150 591
150 501
150 225
150 189
150 313
150 172
150 59
150 38
150 566
150 618
150 261
150 344
150 550
150 473
150 54
150 614
150 554
150 101
150 508
150 612
150 479
150 517
150 586
150 355
150 181
150 135
150 159
150 66
150 461
150 356
150 250
150 319
150 295
150 538
150 427
150 527
150 2
150 161
150 436
150 358
150 412
150 193
150 122
150 321
150 465
150 623
150 34
150 117
150 573
150 43
150 524
150 73
150 505
150 292
150 57
150 435
150 86
150 238
150 151
150 572
150 119
150 578
150 283
150 305
150 440
150 249
150 222
150 287
150 253
150 504
150 451
150 625
150 87
150 268
150 563
150 559
150 241
150 320
150 152
150 300
150 169
150 448
150 434
150 63
150 184
150 340
150 144
150 310
150 416
150 415
150 515
150 90
150 407
150 18
150 170
150 373
150 198
150 558
150 124
150 539
150 333
150 231
150 240
150 236
150 56
150 430
150 561
150 428
150 132
150 53
150 147
150 462
150 31
150 314
150 393
150 128
150 553
150 306
150 89
150 8
150 457
150 602
150 280
150 459
150 510
150 164
150 396
150 528
150 487
150 176
150 548
150 470
150 163
150 214
150 417
150 153
150 485
150 374
150 585
150 382
150 482
150 498
150 208
150 25
150 92
150 494
150 111
150 14
150 267
150 383
150 484
150 557
150 281
150 201
150 626
150 480
150 401
150 511
150 620
150 41
150 627
150 126
150 381
150 331
150 525
150 609
150 303
150 600
150 108
150 177
150 143
150 206
150 540
150 576
150 40
150 255
150 46
150 360
150 541
150 386
150 581
150 399
150 372
150 125
150 388
150 338
150 224
150 366
150 447
150 409
150 297
150 105
150 443
160 99
160 18
160 116
160 607
160 348
160 364
160 523
160 140
160 24
160 19
160 542
160 572
160 185
160 367
160 543
160 496
160 65
160 68
160 445
160 625
160 95
160 151
160 47
160 302
160 235
160 174
160 208
160 540
160 219
160 599
160 490
160 421
160 417
160 556
160 91
160 209
160 146
160 544
160 410
160 585
160 527
160 375
160 14
160 90
160 93
160 378
160 323
160 508
160 27
160 466
160 268
160 463
160 261
160 552
160 170
160 361
160 539
160 254
160 108
160 83
160 199
160 565
160 107
160 447
160 26
160 245
160 294
160 71
160 117
160 621
160 350
160 337
160 372
160 418
160 468
160 489
160 384
160 141
160 381
160 187
160 299
160 309
160 282
160 175
160 226
160 157
160 247
160 611
160 550
160 130
160 465
160 286
160 67
160 357
160 194
160 32
160 435
160 526
160 470
160 28
160 205
160 529
160 528
160 618
160 426
160 43
160 231
160 217
160 69
160 427
160 479
160 345
160 428
160 434
160 518
160 7
160 328
160 363
160 631
160 507
160 321
160 20
160 192
160 200
160 272
160 31
160 437
160 167
160 86
160 111
160 513
160 416
160 476
160 306
160 472
160 319
160 480
160 301
160 53
160 2
160 415
160 255
160 70
160 0
160 462
160 64
160 162
160 494
160 280
160 29
160 250
160 152
160 401
160 218
160 230
160 397
160 497
160 233
160 58
160 612
160 30
160 452
160 266
160 17
160 202
160 168
160 214
160 44
160 60
160 215
160 352
160 77
160 449
160 627
160 521
160 582
160 498
160 101
160 324
160 114
160 166
160 559
160 609
160 610
160 589
160 172
160 62
160 290
160 391
160 128
160 557
160 605
160 287
160 335
160 536
160 469
160 569
160 608
160 399
160 404
160 438
160 307
160 628
160 314
160 389
160 400
160 562
160 409
160 629
160 269
160 587
160 473
160 467
160 512
160 505
160 49
160 295
160 1
160 228
160 297
160 178
160 596
160 575
160 103
160 115
160 420
160 165
160 133
160 600
160 502
160 615
160 520
160 21
160 593
160 369
160 488
160 123
160 339
160 353
160 144
160 403
160 601
160 617
160 223
160 485
160 15
160 519
160 366
160 430
160 616
180 446
180 186
180 532
180 372
180 39
180 508
180 165
180 251
180 116
180 319
180 44
180 206
180 2
180 359
180 147
180 468
180 232
180 619
180 417
180 40
180 563
180 491
180 185
180 59
180 627
180 17
180 546
180 433
180 383
180 313
180 514
180 136
180 379
180 270
180 343
180 337
180 374
180 119
180 326
180 467
180 391
180 100
180 500
180 432
180 20
180 189
180 363
180 127
180 198
180 286
180 472
180 365
180 528
180 187
180 105
180 361
180 177
180 126
180 178
180 463
180 221
180 63
180 519
180 456
180 370
180 368
180 231
180 584
180 23
180 339
180 268
180 485
180 249
180 600
180 591
180 350
180 90
180 437
180 570
180 34
180 561
180 150
180 217
180 342
180 392
180 201
180 554
180 3
180 615
180 138
180 582
180 577
180 574
180 529
180 48
180 593
180 172
180 427
180 610
180 237
180 26
180 174
180 266
180 18
180 223
180 569
180 441
180 115
180 400
180 573
180 581
180 54
180 311
180 410
180 158
180 506
180 553
180 284
180 495
180 399
180 583
180 269
180 77
180 378
180 169
180 347
180 540
180 623
180 297
180 348
180 301
180 565
180 394
180 293
180 271
180 299
180 121
180 487
180 550
180 38
180 551
180 492
180 587
180 171
180 355
180 242
180 243
180 603
180 241
180 230
180 122
180 381
180 331
180 518
180 318
180 621
180 69
180 288
180 322
180 338
180 199
180 283
180 15
180 11
180 461
180 146
180 571
180 244
180 316
180 55
180 99
180 104
180 413
180 93
180 280
180 161
180 549
180 367
180 12
180 480
180 397
180 516
180 377
180 71
180 418
180 308
180 617
180 5
180 408
180 470
180 586
180 512
180 557
180 424
180 457
180 94
180 545
180 224
180 412
180 354
180 285
180 14
180 102
180 341
180 566
180 205
180 51
180 87
180 125
180 358
180 576
180 192
180 442
180 103
180 564
180 49
180 113
180 219
180 533
180 340
180 215
180 290
180 314
180 248
180 210
180 585
180 579
180 309
180 543
180 475
180 76
180 227
180 50
180 98
180 596
180 575
180 83
180 140
180 630
180 208
180 117
180 616
180 228
180 440
180 503
180 296
180 544
180 78
180 428
180 609
180 411
180 327
180 304
180 29
180 527
180 555
180 357
180 521
180 10
180 273
180 75
180 580
180 277
180 608
180 542
180 329
180 141
180 73
180 507
180 389
180 128
180 133
180 398
180 239
180 416
180 631
180 559
180 53
180 421
180 599
180 402
180 66
180 200
180 469
180 447
180 562
180 214
180 558
180 489
180 403
180 139
180 30
180 502
180 567
180 612
180 142
180 452
180 255
180 371
180 349
180 465
180 520
180 423
180 253
180 607
180 181
180 79
180 605
180 478
180 332
180 353
180 498
180 409
180 335
180 57
180 245
180 295
180 157
180 407
180 42
180 420
180 479
180 604
180 384
180 449
180 260
180 317
180 233
180 481
180 72
180 226
180 362
180 501
180 504
180 191
180 439
180 310
180 611
180 106
180 401
180 234
180 267
180 238
180 36
180 250
180 356
180 387
180 264
180 306
206 281
206 416
206 521
206 133
206 358
206 352
206 330
206 326
206 322
206 466
206 528
206 372
206 274
206 223
206 74
206 272
206 308
206 178
206 123
206 137
206 517
206 234
206 3
206 505
206 490
206 461
206 201
206 593
206 103
206 525
206 98
206 240
206 241
206 9
206 118
206 320
206 456
206 283
206 187
206 615
206 583
206 23
206 582
206 224
206 13
206 104
206 169
206 477
206 496
206 550
206 621
206 591
206 413
206 469
206 262
206 115
206 473
206 76
206 127
206 410
206 150
206 584
206 399
206 180
206 80
206 569
206 210
206 553
206 369
206 381
206 307
206 242
206 405
206 375
206 421
206 49
206 325
206 146
206 319
206 450
206 179
206 70
206 2
206 408
206 585
206 157
206 14
206 43
206 85
206 407
206 532
206 487
206 81
206 280
206 368
206 233
206 518
206 296
206 36
206 132
206 317
206 217
206 464
206 462
206 321
206 414
206 0
206 230
206 291
206 507
206 574
206 446
206 160
206 64
206 396
206 279
206 285
206 86
206 599
206 119
206 100
206 56
206 341
206 548
206 344
206 155
206 121
206 619
206 594
206 342
206 398
206 215
206 545
206 184
206 474
206 212
206 174
206 597
206 559
206 572
206 443
206 391
206 172
206 41
206 566
206 65
206 514
206 356
206 168
206 208
206 151
206 40
206 611
206 185
206 563
206 114
206 235
206 282
206 105
206 71
206 527
206 53
206 68
206 526
206 486
206 395
206 214
206 271
206 5
206 543
206 617
206 500
206 481
206 624
206 437
206 110
206 343
206 44
206 329
206 463
206 427
206 345
206 440
206 306
206 328
206 552
206 261
206 243
206 415
206 136
206 295
206 609
206 510
206 15
206 246
206 244
206 10
206 603
206 546
206 72
206 357
206 166
206 586
206 387
206 558
206 47
206 431
206 142
206 529
206 236
206 7
206 323
206 158
206 30
206 614
206 377
206 618
206 435
206 152
206 131
206 313
206 403
206 88
206 167
206 189
206 205
206 425
206 378
206 266
206 515
206 459
206 338
206 24
206 492
206 231
206 99
206 227
206 192
206 465
206 269
206 31
206 620
206 207
206 502
206 33
206 337
206 523
206 239
206 364
206 193
206 263
206 457
206 504
206 589
206 163
206 494
206 34
206 588
206 54
206 592
206 288
206 226
206 520
206 278
206 573
206 18
206 250
206 612
206 516
206 359
206 629
206 128
206 297
206 426
206 175
206 286
206 300
206 129
226 125
226 243
226 111
226 88
226 222
226 524
226 237
226 71
226 631
226 209
226 579
226 307
226 455
226 123
226 147
226 263
226 572
226 494
226 450
226 314
226 191
226 485
226 224
226 54
226 66
226 454
226 546
226 107
226 381
226 98
226 462
226 170
226 423
226 134
226 49
226 266
226 198
226 271
226 620
226 18
226 332
226 342
226 503
226 469
226 313
226 150
226 369
226 165
226 465
226 279
226 625
226 575
226 160
226 25
226 48
226 341
226 540
226 108
226 286
226 340
226 324
226 299
226 479
226 488
226 156
226 220
226 386
226 612
226 552
226 514
226 199
226 321
226 277
226 193
226 257
226 456
226 576
226 56
226 589
226 592
226 120
226 282
226 619
226 511
226 370
226 407
226 425
226 451
226 233
226 177
226 283
226 415
226 146
226 90
226 242
226 234
226 372
226 5
226 59
226 464
226 300
226 398
226 466
226 627
226 362
226 267
226 355
226 323
226 37
226 121
226 309
226 543
226 578
226 587
226 354
226 334
226 225
226 181
226 93
226 100
226 467
226 187
226 573
226 21
226 327
226 559
226 161
226 463
226 458
226 281
226 141
226 549
226 163
226 512
226 422
226 232
226 231
226 598
226 584
226 345
226 591
226 496
226 288
226 555
226 532
226 365
226 20
226 70
226 104
226 399
226 195
226 84
226 439
226 138
226 394
226 557
226 545
226 501
226 505
226 322
226 548
226 130
226 6
226 396
226 461
226 519
226 68
226 470
226 3
226 78
226 175
226 510
226 42
226 117
226 251
226 14
226 139
226 253
226 357
226 518
226 590
226 419
226 521
226 364
226 116
226 358
226 445
226 76
226 560
226 57
226 297
226 331
226 487
226 597
226 122
226 417
226 280
226 40
226 60
226 196
226 353
226 184
226 152
226 13
226 523
226 285
226 403
226 436
226 447
226 588
226 81
226 135
226 421
226 145
226 119
226 554
226 529
226 101
226 30
226 420
226 452
226 63
226 79
226 33
226 238
226 91
226 525
226 418
226 577
226 31
226 574
226 301
226 453
226 384
226 201
226 114
226 328
226 115
226 476
226 28
226 536
226 211
226 594
226 377
226 105
226 61
226 500
226 269
226 402
226 189
226 97
226 404
226 110
226 608
226 64
226 410
226 356
226 102
226 449
226 131
226 85
226 628
226 311
226 438
226 614
226 36
226 395
226 246
226 235
226 361
226 261
226 392
226 459
226 304
226 468
226 41
226 72
226 333
226 427
226 144
226 535
226 10
226 250
226 481
226 387
226 112
226 486
226 344
226 413
226 495
226 502
226 73
226 287
226 617
226 268
226 22
226 335
226 569
226 132
226 352
226 272
226 296
226 255
226 393
226 360
226 499
226 169
226 157
226 51
226 517
226 208
226 12
226 291
226 412
226 214
226 83
226 43
226 240
226 580
226 498
226 202
226 542
226 426
226 526
226 86
226 601
226 378
226 603
226 629
232 10
232 340
232 31
232 558
232 381
232 71
232 479
232 244
232 58
232 386
232 116
232 275
232 589
232 220
232 17
232 586
232 620
232 437
232 199
232 112
232 607
232 450
232 334
232 587
232 452
232 180
232 12
232 602
232 619
232 498
232 25
232 228
232 146
232 417
232 96
232 394
232 369
232 549
232 51
232 352
232 543
232 421
232 57
232 3
232 526
232 109
232 449
232 283
232 170
232 445
232 49
232 141
232 271
232 64
232 604
232 585
232 408
232 367
232 627
232 166
232 329
232 312
232 396
232 30
232 196
232 208
232 295
232 399
232 264
232 19
232 596
232 16
232 513
232 474
232 478
232 368
232 253
232 432
232 580
232 623
232 618
232 528
232 505
232 603
232 357
232 197
232 88
232 107
232 538
232 518
232 239
232 469
232 598
232 261
232 372
232 611
232 393
232 144
232 62
232 162
232 521
232 174
232 428
232 134
232 191
232 243
232 82
232 548
232 489
232 511
232 488
232 527
232 61
232 554
232 157
232 103
232 250
232 160
232 24
232 409
232 125
232 235
232 183
232 551
232 176
232 151
232 279
232 4
232 67
232 164
232 361
232 129
232 120
232 281
232 550
232 532
232 614
232 135
232 153
232 510
232 584
232 106
232 310
232 242
232 37
232 44
232 225
232 466
232 578
232 468
232 21
232 218
232 364
232 440
232 434
232 405
232 282
232 326
232 53
232 401
232 360
232 150
232 115
232 195
232 577
232 167
232 214
232 514
232 269
232 131
232 501
232 187
232 616
232 201
232 240
232 35
232 431
232 251
232 132
232 579
232 582
232 69
232 476
232 323
232 504
232 591
232 41
232 496
232 309
232 562
232 354
232 0
232 395
232 557
232 457
232 94
232 402
232 418
232 590
232 227
232 23
232 583
232 424
232 545
232 363
232 529
232 152
232 102
232 356
232 555
232 238
232 403
232 530
232 430
232 453
232 571
232 165
232 234
232 427
232 185
232 14
232 301
232 342
232 320
232 15
232 299
232 605
232 407
232 177
232 384
232 594
232 245
232 272
232 472
232 609
232 615
232 617
232 348
232 490
232 456
232 491
232 2
232 75
232 353
232 32
232 194
232 98
232 189
232 397
232 36
232 273
232 247
232 467
232 241
232 359
232 332
232 50
232 9
232 524
232 54
232 190
232 155
232 378
232 313
232 481
232 462
232 439
232 60
266 545
266 181
266 612
266 0
266 346
266 130
266 396
266 362
266 428
266 504
266 420
266 206
266 623
266 241
266 392
266 33
266 335
266 338
266 517
266 407
266 339
266 418
266 361
266 486
266 375
266 515
266 455
266 261
266 435
266 470
266 457
266 603
266 296
266 456
266 505
266 220
266 328
266 13
266 154
266 347
266 48
266 2
266 246
266 44
266 144
266 459
266 251
266 583
266 589
266 212
266 523
266 437
266 521
266 152
266 562
266 253
266 142
266 579
266 157
266 282
266 566
266 304
266 310
266 132
266 498
266 191
266 323
266 121
266 175
266 414
266 438
266 599
266 237
266 71
266 249
266 450
266 99
266 95
266 54
266 343
266 53
266 394
266 598
266 363
266 422
266 82
266 167
266 285
266 342
266 16
266 125
266 112
266 516
266 41
266 21
266 307
266 326
266 513
266 67
266 389
266 277
266 76
266 97
266 621
266 135
266 451
266 171
266 476
266 530
266 255
266 487
266 573
266 601
266 124
266 284
266 208
266 336
266 485
266 370
266 588
266 540
266 535
266 140
266 529
266 150
266 412
266 314
266 11
266 45
266 489
266 254
266 57
266 182
266 315
266 56
266 492
266 464
266 605
266 264
266 554
266 528
266 94
266 582
266 360
266 543
266 145
266 268
266 19
266 555
266 84
266 321
266 163
266 236
266 293
266 518
266 617
266 401
266 364
266 278
266 320
266 35
266 390
266 275
266 510
266 610
266 625
266 425
266 479
266 40
266 434
266 524
266 388
266 26
266 39
266 115
266 449
266 281
266 243
266 146
266 514
266 262
266 106
266 382
266 507
266 272
266 199
266 440
266 614
266 103
266 151
266 626
266 494
266 522
266 128
266 595
266 119
266 27
266 4
266 192
266 600
266 116
266 413
266 174
266 410
266 134
266 98
266 79
266 260
266 399
266 469
266 34
266 31
266 480
266 189
266 466
266 169
266 629
266 6
266 398
266 123
266 306
266 213
266 458
266 332
266 616
266 245
266 549
266 64
266 256
266 379
266 453
266 493
266 248
266 194
266 380
266 496
266 506
266 312
266 548
266 118
266 309
266 628
266 520
266 448
266 288
266 570
266 442
266 553
266 177
266 238
266 231
266 475
266 474
266 590
266 371
266 607
266 161
266 83
266 18
266 77
266 274
266 408
266 30
266 558
266 184
266 193
266 337
266 17
266 81
266 127
266 200
266 32
266 29
266 279
266 107
266 300
266 444
266 104
266 217
266 215
266 235
266 65
266 465
266 111
266 333
266 270
266 283
266 141
266 509
266 552
266 391
266 168
266 575
266 162
266 190
266 551
266 308
266 133
266 207
266 372
266 395
266 560
266 12
266 313
266 446
266 267
266 10
266 25
266 454
266 47
266 43
266 131
266 96
266 240
266 185
266 205
266 197
266 559
266 481
266 164
266 129
266 386
266 218
266 230
266 602
266 179
266 109
266 596
266 397
266 585
266 525
266 214
266 271
266 508
266 72
266 327
266 620
266 631
266 317
266 108
266 344
266 564
266 421
268 266
268 167
268 144
268 66
268 554
268 620
268 29
268 515
268 428
268 172
268 168
268 366
268 43
268 278
268 60
268 297
268 504
268 505
268 57
268 540
268 356
268 284
268 442
268 326
268 92
268 567
268 184
268 249
268 538
268 67
268 41
268 21
268 475
268 217
268 501
268 107
268 571
268 78
268 473
268 164
268 163
268 196
268 324
268 220
268 409
268 4
268 251
268 192
268 593
268 355
268 397
268 54
268 272
268 63
268 9
268 240
268 427
268 459
268 476
268 97
268 239
268 88
268 347
268 361
268 37
268 100
268 31
268 255
268 104
268 250
268 379
268 190
268 575
268 530
268 580
268 121
268 105
268 345
268 120
268 76
268 523
268 605
268 418
268 510
268 452
268 625
268 115
268 195
268 99
268 351
268 498
268 114
268 336
268 354
268 507
268 362
268 12
268 392
268 291
268 527
268 36
268 20
268 627
268 529
268 629
268 598
268 219
268 33
268 166
268 353
268 319
268 173
268 3
268 358
268 56
268 386
268 403
268 117
268 94
268 533
268 235
268 68
268 231
268 61
268 24
268 364
268 26
268 132
268 181
268 27
268 290
268 525
268 518
268 350
268 71
268 45
268 426
268 281
268 393
268 583
268 544
268 535
268 89
268 352
268 270
268 333
268 550
268 331
268 23
268 449
268 178
268 601
268 112
268 430
268 17
268 387
268 553
268 631
268 51
268 187
268 329
268 508
268 411
268 124
268 381
268 189
268 491
268 448
268 577
268 594
268 200
268 153
268 391
268 457
268 477
268 0
268 461
268 216
268 458
268 237
268 209
268 62
268 110
268 398
268 32
268 59
268 198
268 589
268 557
268 151
268 359
268 303
268 332
268 478
268 328
268 537
268 7
268 75
268 226
268 185
268 365
268 464
268 453
268 342
268 296
268 262
268 212
268 80
268 313
268 437
268 98
268 559
268 150
268 566
268 600
268 422
268 337
268 48
268 82
268 524
268 548
268 384
268 470
268 208
268 242
268 111
268 47
268 497
268 371
268 225
268 405
268 412
268 469
268 400
268 621
268 465
268 432
268 156
268 317
268 447
268 417
268 357
268 334
268 395
268 346
268 623
268 287
268 213
268 592
268 389
268 496
268 348
268 211
268 77
268 119
268 103
268 614
268 70
268 368
268 413
268 95
268 232
268 84
268 440
268 330
268 528
268 378
268 383
268 343
268 285
268 139
268 414
268 40
268 125
268 499
268 199
268 141
268 603
268 193
268 394
268 253
268 446
268 325
268 543
268 367
268 433
268 306
268 474
268 157
268 128
268 513
268 74
268 339
268 321
268 596
268 602
268 489
268 479
268 404
268 344
268 519
268 439
268 396
268 616
268 494
268 310
268 555
268 327
268 587
268 607
268 415
268 485
268 488
268 140
268 375
268 238
268 129
268 299
268 304
329 38
329 262
329 444
329 0
329 44
329 155
329 432
329 397
329 591
329 129
329 368
329 478
329 468
329 381
329 631
329 475
329 37
329 454
329 297
329 465
329 71
329 370
329 466
329 146
329 20
329 445
329 395
329 612
329 165
329 321
329 195
329 17
329 407
329 423
329 30
329 412
329 103
329 291
329 225
329 82
329 253
329 109
329 309
329 267
329 169
329 582
329 514
329 543
329 36
329 496
329 66
329 279
329 579
329 215
329 190
329 108
329 383
329 521
329 341
329 144
329 526
329 315
329 251
329 489
329 75
329 516
329 275
329 538
329 198
329 440
329 393
329 330
329 359
329 517
329 380
329 438
329 153
329 615
329 128
329 614
329 339
329 194
329 404
329 21
329 480
329 353
329 121
329 469
329 84
329 67
329 97
329 446
329 546
329 284
329 411
329 357
329 4
329 290
329 346
329 336
329 34
329 110
329 623
329 326
329 350
329 463
329 592
329 78
329 340
329 5
329 556
329 296
329 16
329 59
329 586
329 589
329 23
329 512
329 133
329 27
329 228
329 515
329 629
329 88
329 212
329 241
329 362
329 131
329 201
329 364
329 508
329 481
329 132
329 77
329 354
329 274
329 184
329 57
329 176
329 163
329 125
329 31
329 45
329 15
329 518
329 127
329 185
329 104
329 179
329 621
329 187
329 369
329 490
329 427
329 373
329 499
329 513
329 199
329 70
329 112
329 119
329 79
329 626
329 80
329 456
329 238
329 595
329 573
329 448
329 332
329 278
329 572
329 40
329 437
329 529
329 584
329 152
329 246
329 323
329 136
329 304
329 247
329 394
329 58
329 348
329 548
329 56
329 522
329 135
329 602
329 618
329 628
329 485
329 552
329 9
329 443
329 409
329 2
329 60
329 561
329 242
329 295
329 525
329 271
329 13
329 181
329 249
329 191
329 230
329 511
329 269
329 101
329 139
329 272
329 439
329 281
329 363
329 452
329 322
329 537
329 461
329 156
329 500
329 124
329 462
329 140
329 607
329 424
329 288
329 585
329 342
329 498
329 211
329 235
329 435
329 426
329 378
329 252
329 495
329 54
329 406
329 408
329 459
329 248
329 417
329 441
329 145
329 69
329 436
329 158
329 28
329 596
329 401
329 544
329 217
329 114
329 151
329 93
329 555
329 240
329 7
329 609
329 91
329 535
329 171
329 164
329 264
329 431
329 554
329 402
329 177
329 142
329 558
329 307
329 540
329 569
329 523
329 29
329 192
329 486
329 560
329 180
329 285
329 243
329 167
329 337
329 26
329 334
329 361
339 508
387 409
387 417
387 427
387 95
387 115
387 21
387 480
387 252
387 240
387 214
387 475
387 592
387 80
387 459
387 485
387 521
387 403
387 184
387 528
387 500
387 291
387 48
387 2
387 32
387 611
387 38
387 437
387 341
387 79
387 49
387 442
387 584
387 359
387 164
387 266
387 605
387 621
387 378
387 43
387 559
387 66
387 369
387 610
387 591
387 209
387 187
387 200
387 465
387 327
387 544
387 152
387 16
387 170
387 271
387 502
387 160
387 53
387 395
387 180
387 569
387 381
387 36
387 118
387 246
387 505
387 526
387 27
387 62
387 519
514 461
514 538
514 348
514 467
514 391
514 205
514 181
514 510
514 490
514 511
514 541
514 115
514 14
514 158
514 157
514 480
514 251
514 40
514 132
514 165
514 7
514 326
514 529
514 136
514 121
514 628
514 51
514 215
514 383
514 120
514 459
514 381
514 72
514 498
514 493
514 0
514 281
514 254
514 350
514 279
514 596
514 65
514 273
514 29
514 172
514 448
514 118
514 339
514 117
514 321
514 327
514 290
514 573
514 257
514 223
514 620
514 166
514 386
514 615
514 579
514 544
514 631
514 210
514 595
514 447
514 454
514 48
514 309
514 164
514 57
514 156
514 352
514 555
514 333
514 491
514 185
514 253
514 43
514 134
514 441
514 125
514 140
514 412
514 576
514 37
514 308
514 114
514 332
514 189
514 196
514 476
514 594
514 231
514 91
514 486
514 519
514 294
514 293
514 31
514 174
514 252
514 589
514 489
514 500
514 218
514 96
514 549
514 232
514 548
514 323
514 508
514 169
514 106
514 468
514 552
514 306
514 566
514 439
514 61
514 499
514 128
514 481
514 558
514 287
514 99
514 520
514 503
514 329
514 170
514 133
514 271
514 451
514 607
514 466
514 438
514 345
514 38
514 409
514 4
514 372
514 73
514 242
514 367
514 530
514 362
514 295
514 418
514 582
514 626
514 363
514 274
514 190
514 560
514 506
514 63
514 283
514 80
514 347
514 417
514 446
514 513
514 397
514 82
514 146
514 66
514 15
514 54
514 268
514 369
514 21
514 608
514 478
514 152
514 535
514 28
514 617
514 244
514 228
514 67
514 300
514 124
514 201
514 437
514 62
514 507
514 585
514 56
514 444
514 256
514 575
514 199
514 238
514 571
514 104
514 241
514 421
514 406
514 365
514 431
514 605
514 167
514 92
514 414
514 423
514 577
514 621
514 30
514 420
514 233
514 580
516 172
516 435
516 629
516 589
535 79
535 90
535 214
535 402
535 115
535 438
535 355
535 279
535 359
535 239
535 300
535 530
535 529
535 406
535 110
535 435
535 488
535 103
535 228
535 264
535 312
535 284
535 50
535 184
535 198
535 86
535 352
535 584
535 144
535 54
535 26
535 411
535 142
535 400
535 274
535 389
535 163
535 155
535 540
535 450
535 465
535 301
535 15
535 48
535 226
535 6
535 141
535 441
535 288
535 415
535 29
535 401
535 459
535 158
535 169
535 49
535 629
535 341
535 196
535 174
535 30
535 293
535 134
535 125
535 543
535 317
535 13
535 610
535 243
535 176
535 234
535 601
535 526
535 616
535 21
535 94
535 285
535 348
535 557
535 217
535 230
535 172
535 334
535 281
535 491
535 208
535 140
535 171
535 413
535 588
535 369
535 387
535 507
535 492
535 19
535 475
535 34
535 241
535 335
535 457
535 576
535 581
535 504
535 157
535 89
535 473
535 166
535 187
535 474
535 346
535 549
535 480
535 364
535 377
535 521
535 267
535 233
535 510
535 74
535 437
535 170
535 423
535 128
535 36
535 306
535 3
535 303
535 139
535 375
535 602
535 308
535 58
535 71
535 320
535 253
535 538
535 41
535 343
535 76
535 77
535 82
535 592
535 262
535 560
535 553
535 482
535 372
535 548
535 10
535 154
535 342
535 189
535 129
535 251
535 590
535 430
535 143
535 619
535 340
535 332
535 353
535 107
535 164
535 327
535 628
535 381
535 347
535 625
535 147
535 368
535 323
535 331
535 131
535 73
535 357
535 202
535 297
535 431
535 502
535 467
535 272
535 468
535 532
535 121
535 580
535 422
535 282
535 392
535 522
535 463
535 397
535 235
535 494
535 152
535 582
535 489
535 498
535 201
535 516
535 451
535 383
535 283
535 617
535 237
535 500
535 559
535 407
535 199
535 446
535 275
535 571
535 351
535 173
535 356
535 231
535 43
535 250
535 193
535 324
535 109
535 595
535 238
535 593
535 59
535 412
535 68
535 236
535 98
535 111
535 587
535 319
535 336
535 503
535 290
535 328
535 268
535 544
535 391
535 373
535 329
535 603
535 106
535 42
535 195
535 38
535 105
535 594
535 209
535 398
535 104
535 8
535 146
535 75
535 270
535 330
535 5
535 258
535 113
535 528
535 101
535 151
535 525
535 583
535 244
535 470
535 403
535 17
535 252
535 210
535 481
535 570
535 177
535 408
535 61
535 127
623 353
623 184
623 168
623 199
623 177
623 448
623 362
623 580
623 371
623 158
623 505
623 315
623 87
623 500
623 528
623 552
623 15
623 222
623 145
623 386
623 11
623 345
623 0
623 467
623 228
623 432
623 77
623 286
623 603
623 334
623 451
623 398
623 532
623 113
623 284
623 115
623 308
623 78
623 348
623 236
623 373
623 594
623 219
623 196
623 211
623 524
623 215
623 33
623 442
623 5
623 285
623 116
623 317
623 449
623 218
623 577
623 423
623 417
623 440
623 430
623 293
623 172
623 26
623 586
623 591
623 3
623 16
623 253
623 245
623 31
623 312
623 24
623 210
623 614
623 587
623 226
623 517
623 263
623 81
623 370
623 458
623 621
623 205
623 578
623 588
623 309
623 174
623 230
