8 371
39 454
97 470
97 128
97 590
107 435
109 580
122 583
148 384
148 655
148 560
150 649
193 246
208 649
229 621
229 499
229 400
229 368
229 133
229 546
229 580
291 331
330 463
331 691
331 291
333 494
368 189
368 340
368 133
368 229
368 571
368 580
368 400
371 8
384 517
384 148
384 691
389 589
400 463
400 189
400 229
400 550
400 546
400 571
400 499
406 208
435 262
435 655
435 549
435 331
436 25
436 560
442 109
462 384
494 333
494 691
506 40
560 407
560 195
560 607
560 690
560 155
560 41
560 115
560 617
560 432
560 651
583 208
589 389
632 435
649 208
649 40
649 583
655 517
655 580
655 435
655 691
687 454
690 560
691 147
691 580
691 494
691 384
