442 632
632 239
687 306
208 659
148 74
506 132
107 337
109 582
368 331
384 445
436 350
560 687
368 167
400 154
229 489
333 582
371 395
8 656
8 56
371 32
655 171
506 410
291 138
122 418
436 70
8 430
148 412
583 365
109 609
649 191
229 553
229 330
560 660
583 44
122 339
690 207
436 161
291 602
122 101
229 5
333 249
107 186
589 234
435 654
655 306
148 121
687 63
506 388
333 606
371 155
589 304
109 537
368 174
691 201
148 494
406 62
442 484
435 303
494 28
150 489
436 502
368 283
291 453
291 653
610 539
462 646
442 394
632 160
368 253
389 548
632 395
632 469
632 346
291 239
589 286
406 42
97 516
384 646
331 37
583 442
208 677
331 40
331 402
229 603
442 343
589 40
589 543
107 360
330 123
97 614
229 434
331 22
590 426
589 485
375 487
649 459
150 480
610 157
589 71
229 297
610 597
193 206
632 317
617 324
333 638
617 42
291 569
333 14
109 383
406 427
291 84
384 2
442 48
375 437
330 91
506 286
148 30
406 613
148 449
442 550
375 669
368 389
229 571
148 389
655 122
333 72
333 245
193 554
649 52
589 374
560 685
583 572
97 624
97 19
368 485
208 45
8 61
39 535
494 265
330 637
400 658
462 271
208 353
109 228
583 63
371 311
690 30
690 314
435 174
150 158
371 432
610 615
333 264
406 403
107 230
632 291
122 422
649 141
193 263
406 134
560 587
291 588
435 377
330 673
583 543
506 39
691 501
368 428
494 649
655 642
375 619
435 494
617 94
494 184
687 143
400 122
331 152
150 455
655 386
560 425
331 247
208 685
333 520
462 597
389 604
97 172
148 490
384 97
109 552
687 354
687 182
687 429
435 61
462 172
442 178
406 469
330 292
617 606
583 602
690 93
406 311
384 505
384 521
506 332
97 433
590 462
406 365
690 32
610 0
107 104
229 465
330 398
208 330
400 476
109 642
400 665
690 288
690 612
632 368
122 51
442 60
368 231
229 367
208 207
687 353
655 579
291 184
208 598
649 5
107 557
560 597
39 442
406 391
632 281
330 285
389 426
435 105
400 576
229 316
494 310
375 26
330 39
690 155
8 488
229 659
632 425
122 306
442 357
590 92
506 52
148 518
148 185
368 565
371 682
690 123
389 262
333 192
400 398
333 88
506 264
462 357
331 332
122 118
506 566
506 557
687 565
150 362
330 283
39 323
208 638
589 136
506 305
655 179
97 50
691 404
690 423
150 352
375 353
368 482
583 439
690 401
462 601
389 644
371 674
8 270
560 340
375 125
39 14
97 399
331 203
333 343
691 24
649 565
208 32
632 13
691 213
583 567
649 148
39 667
610 234
107 133
687 292
617 111
560 211
462 427
330 83
193 371
583 275
122 485
291 673
632 195
368 542
8 225
442 416
109 248
150 652
122 98
589 432
39 80
371 274
435 545
107 447
436 89
375 100
97 546
333 136
560 654
109 690
632 511
617 435
8 634
687 439
39 562
333 492
655 188
39 428
617 496
371 661
97 656
406 667
632 286
371 614
193 261
494 97
389 417
560 624
8 424
389 328
389 57
375 33
406 355
690 482
8 17
109 178
589 179
291 123
148 391
617 303
148 180
649 575
462 198
690 547
389 369
406 571
150 503
655 90
193 260
107 135
368 256
193 499
442 642
150 552
384 406
368 249
368 481
506 25
494 624
462 478
109 83
291 114
229 41
649 446
690 29
690 105
208 520
8 547
687 111
193 632
389 196
39 150
368 342
8 51
107 202
589 563
406 386
291 326
122 558
371 197
560 150
97 478
406 648
435 267
229 591
687 590
687 270
442 323
442 611
330 564
687 509
655 488
291 20
442 164
589 682
122 20
107 398
494 160
208 620
109 406
109 361
122 523
148 499
8 103
406 68
589 150
690 148
436 124
560 648
589 202
97 411
583 511
333 316
39 344
435 527
39 294
462 362
435 65
590 394
148 597
122 414
435 96
436 549
589 47
406 17
368 300
148 578
39 296
632 188
462 316
384 536
330 251
590 568
583 446
617 24
375 349
655 151
462 379
506 139
229 497
435 18
208 276
208 560
589 647
8 181
384 584
436 553
333 623
610 274
583 499
97 44
406 70
560 269
617 235
691 92
687 536
442 3
400 487
691 286
193 245
590 127
617 281
371 443
690 600
97 607
435 244
655 333
148 368
435 450
97 89
229 8
8 649
193 527
122 277
436 586
655 294
150 654
435 505
368 673
649 355
