0 1234
3 1044
3 1271
3 360
3 405
3 1261
3 1389
3 730
3 1546
3 854
4 1329
4 1093
4 581
9 1305
9 967
9 287
9 961
9 1329
9 217
9 1373
9 96
9 520
9 1418
9 1457
9 417
9 390
9 1152
9 254
9 1133
9 205
9 45
9 1070
12 856
12 639
12 741
12 131
12 1034
12 955
12 794
21 1230
26 624
26 1470
26 1522
26 581
26 108
26 1204
26 27
26 1086
26 1380
26 417
26 885
26 1513
26 1280
26 1060
26 161
26 729
26 717
26 1116
26 1329
26 294
26 1170
26 1589
26 73
26 381
26 1036
26 641
26 1382
26 1158
26 754
26 687
26 18
27 56
27 191
27 1329
27 1571
27 409
27 389
27 164
27 834
27 631
27 641
27 648
27 990
27 26
27 392
27 1457
27 299
27 611
27 76
27 729
27 687
27 692
27 817
27 480
27 972
27 1093
27 233
27 1354
27 390
27 1158
27 563
27 995
27 1085
33 775
33 786
33 383
33 1571
33 729
33 131
33 1513
33 754
33 1317
45 1240
45 581
45 421
45 96
45 576
45 1334
45 1329
45 1373
45 463
45 669
45 1418
45 646
45 649
45 413
45 417
45 1133
45 73
45 1305
45 1078
45 727
45 217
49 649
52 75
52 1432
52 210
52 1258
54 1513
54 1220
54 209
54 1261
56 493
56 27
56 817
56 74
56 1181
56 1230
56 1473
60 1501
61 1516
61 859
61 1261
61 262
61 357
61 730
61 911
61 182
61 428
61 665
61 1036
61 554
61 910
61 1326
63 182
73 89
73 576
73 1093
73 1206
73 836
73 164
73 775
73 741
73 1577
73 445
73 834
73 493
73 1159
73 1261
73 687
73 474
73 955
73 1389
73 76
73 1473
73 82
73 26
73 281
73 1303
73 1125
73 1533
73 730
73 1280
73 1329
73 417
73 581
73 267
73 1458
73 845
73 1589
73 1165
73 1204
73 579
73 1111
73 161
73 329
73 233
73 1565
73 278
73 1425
73 1517
73 1470
73 1332
73 866
73 1506
75 1458
75 383
75 834
75 859
75 1577
75 1436
75 381
75 52
75 1284
76 1513
76 250
76 1332
76 377
76 412
76 1319
76 164
76 963
76 73
76 528
76 1088
76 815
76 1473
76 804
76 1477
76 89
76 379
76 1013
76 493
76 1566
76 729
76 355
76 1389
76 329
76 3
76 96
76 1207
76 82
79 1445
79 141
79 1268
79 856
79 658
79 164
79 1552
82 1533
82 1261
82 1102
82 76
82 373
82 665
82 579
82 807
82 1473
82 1157
82 474
82 1617
82 808
82 300
82 108
82 384
82 172
82 578
82 652
82 886
89 73
89 1477
89 1183
89 294
89 360
89 300
89 1518
89 1591
89 140
89 355
89 173
89 379
89 1473
89 1261
89 82
89 560
89 639
89 815
89 116
89 1244
89 650
89 76
89 775
89 730
89 1101
89 729
93 351
93 1154
93 362
93 406
104 991
104 1395
104 1174
104 841
107 871
107 659
107 881
107 1136
107 854
107 1091
108 300
108 1157
108 161
108 940
108 1589
108 730
108 445
108 73
108 278
108 1310
108 381
108 741
108 182
108 955
108 560
108 1204
108 1577
108 775
108 687
108 116
108 1473
108 493
108 26
108 89
108 1093
108 1506
108 1513
108 1565
110 646
122 1298
122 299
122 773
122 250
122 73
122 533
122 1261
122 547
122 561
122 1373
122 275
122 834
122 493
122 1170
122 1140
122 576
122 417
123 360
123 1133
123 196
123 856
123 1278
123 754
130 475
131 911
131 33
131 233
131 929
131 786
131 1402
131 836
131 299
131 74
131 383
131 1022
131 169
131 618
131 794
131 1473
131 1552
131 27
131 817
131 741
131 1156
131 1034
131 502
131 955
131 172
136 975
136 754
136 701
136 1307
136 502
136 1571
140 729
140 1517
140 116
140 300
140 164
140 233
140 494
140 89
140 1111
140 73
140 1165
140 886
140 1332
140 281
140 355
140 294
141 269
141 1445
141 1230
141 916
152 1452
157 942
157 291
157 863
157 1288
157 631
161 1093
161 1329
161 1280
161 1506
161 108
161 294
161 173
161 687
161 494
161 1589
161 730
161 381
161 1470
161 902
161 1382
161 73
161 576
162 1591
162 1365
162 180
162 979
162 878
162 1570
162 1261
162 602
162 598
162 1304
162 1063
162 1232
162 1460
162 1387
162 749
162 571
162 708
162 1180
162 1298
164 805
164 329
164 729
164 1111
164 76
164 294
164 281
164 1165
164 82
164 269
164 886
164 836
164 494
164 1280
164 355
164 1065
164 1513
164 233
164 1125
168 983
168 193
168 1477
168 467
168 1395
169 1402
169 1491
169 61
169 131
169 911
169 1146
169 1228
169 193
169 658
169 191
169 544
169 767
169 631
169 493
169 209
169 1547
171 1491
171 927
171 1362
171 1083
171 620
171 1245
171 633
171 934
171 384
172 1034
172 1577
172 82
172 1458
173 817
173 26
173 687
173 417
173 1204
173 381
173 1329
173 108
173 1034
173 517
173 1140
173 804
173 1577
173 294
173 1006
173 1470
173 1093
173 576
173 579
173 445
173 1280
173 730
173 581
173 794
173 493
173 1473
174 470
174 603
174 834
174 493
174 658
174 355
174 169
174 377
174 209
174 817
174 300
174 1181
174 381
174 1473
174 544
179 1345
179 1101
179 1371
179 1147
179 1395
179 475
179 658
179 1481
179 788
180 943
180 878
180 1016
180 1591
180 882
180 162
180 1244
180 403
180 1304
180 89
180 1286
180 602
180 571
180 397
180 598
180 773
180 1365
180 749
182 63
182 776
182 1261
182 108
185 407
185 1116
185 963
186 233
191 389
191 493
191 27
191 1354
191 648
192 359
193 1362
193 1188
193 946
193 423
193 360
193 1290
193 825
193 1116
193 1491
193 983
193 169
193 168
193 815
193 1477
193 1257
193 1513
193 530
193 467
193 1220
193 1354
193 1228
193 209
195 581
195 1140
195 1329
197 754
197 287
197 3
197 976
205 9
205 1093
205 417
205 967
205 1070
205 1301
205 581
205 1329
209 1481
209 610
209 228
209 983
209 963
209 360
209 815
209 911
209 342
209 1261
209 423
209 665
209 1228
209 1230
209 54
209 1345
209 193
209 825
209 1257
209 174
209 1491
209 553
210 1116
210 360
210 1188
210 963
210 52
210 905
210 1408
210 1432
210 407
210 817
210 1375
210 493
216 381
217 254
217 1418
217 1093
217 1373
217 1329
217 976
217 576
217 45
217 520
217 1162
217 1133
217 1078
217 1305
217 9
217 421
219 1345
227 1261
227 674
227 1101
227 481
227 1249
227 1426
227 193
233 1261
233 1165
233 1513
233 89
233 1332
233 1468
233 1449
233 300
233 186
233 164
233 550
233 665
233 131
233 329
233 27
233 1204
233 456
233 805
233 116
233 817
233 494
233 886
233 836
233 140
233 281
233 261
238 1145
250 76
250 817
250 1261
250 1460
250 397
250 1002
250 815
250 371
250 1374
250 940
250 1467
254 45
254 649
254 1373
254 1133
254 520
254 576
254 1457
254 1140
254 1305
254 1162
254 217
254 727
254 275
254 417
261 1261
267 1425
267 493
267 73
267 1591
267 250
267 547
267 581
267 1374
267 866
267 379
267 576
267 122
267 417
267 561
267 397
269 141
269 916
269 1389
269 658
269 493
269 79
269 1268
269 1230
269 1128
272 1288
273 1342
273 927
273 951
273 1044
275 217
275 267
275 493
275 197
275 417
275 976
275 754
275 1140
275 649
275 254
275 547
275 773
275 1329
275 1418
275 1162
275 645
275 45
275 561
275 122
275 520
275 1093
276 1589
278 794
278 639
278 955
278 1183
278 1006
278 355
278 73
278 75
278 741
278 730
281 140
281 1111
281 355
281 1332
281 73
281 805
281 1125
281 294
281 1517
281 1468
281 1521
281 329
288 1300
291 1315
291 1280
291 1319
291 493
291 598
291 863
294 794
294 639
294 874
294 76
294 415
294 576
294 886
294 26
294 1332
294 140
294 1006
294 161
294 1533
294 281
294 493
294 817
294 836
294 579
294 729
294 164
294 355
294 1028
294 1577
294 1614
294 1165
294 1261
294 73
294 1517
294 1140
294 741
294 1125
294 834
294 1468
294 1589
294 1513
294 233
294 1310
294 417
294 445
294 1565
294 1204
294 730
294 687
294 381
294 754
294 581
294 805
294 1473
294 528
300 140
300 108
300 1261
300 1518
300 1234
300 1072
300 193
300 1204
300 173
300 817
300 836
300 804
300 210
300 1513
300 380
300 834
300 729
300 116
300 1571
300 1468
300 281
300 1165
300 1280
300 730
300 82
300 1496
300 1481
300 1473
300 1332
300 1317
300 911
300 389
300 474
300 74
300 1378
300 174
300 1206
300 983
300 415
300 631
300 164
300 1013
300 1181
300 554
300 805
300 423
300 1101
300 233
300 1232
300 658
300 89
300 1159
300 1111
302 1116
302 68
302 1261
302 911
302 625
302 432
302 360
303 102
303 1133
307 131
309 481
312 715
312 673
312 1188
312 1395
313 299
313 773
313 27
313 480
313 1085
313 834
313 392
315 569
315 238
315 721
315 1088
315 530
315 590
322 1524
322 493
322 883
322 1088
326 463
326 45
326 649
326 669
329 294
329 76
329 73
329 886
329 1111
329 300
329 890
329 494
329 233
329 887
329 1125
329 1280
329 1332
329 1165
332 687
332 475
332 910
332 1395
335 606
336 233
341 611
341 762
342 355
342 1230
347 1345
347 1161
347 277
347 1091
347 553
347 789
347 429
347 260
347 1105
347 1546
347 375
347 594
347 844
347 428
347 1171
347 1543
348 1521
348 1230
348 191
348 389
348 1354
349 219
350 691
350 168
350 1477
350 373
350 1261
351 362
351 370
351 93
351 1154
355 1468
355 108
355 1571
355 704
355 76
355 278
355 1378
355 474
355 1517
355 528
355 1280
355 89
355 1332
355 233
355 1111
355 1072
355 955
355 702
355 1101
355 1577
355 1473
355 300
355 1006
355 1389
355 741
355 502
355 1261
355 639
355 294
355 27
355 342
355 74
355 794
355 786
355 1204
355 1518
355 1317
355 1449
355 389
355 804
355 1165
355 329
355 754
355 281
360 1232
360 196
360 655
360 628
360 1167
360 1513
360 730
360 1558
360 1207
360 83
360 16
360 631
360 273
360 350
360 210
360 379
360 1188
360 626
360 639
360 1200
360 1071
360 714
360 467
360 373
360 1351
360 302
360 1257
360 938
360 68
360 1358
360 1371
360 883
360 726
360 1290
360 1120
360 691
360 432
360 209
360 553
360 859
360 1395
360 1553
360 268
360 1013
360 1088
360 815
360 61
360 483
360 89
360 731
360 856
360 1422
362 351
362 1503
362 1515
368 429
368 1402
368 1275
368 141
368 1389
370 93
370 504
370 351
371 250
371 1473
371 397
371 1142
371 1477
371 940
371 650
371 817
371 485
371 379
371 598
371 979
371 1374
371 1095
371 1460
371 1234
371 704
372 427
372 641
372 1169
372 1564
372 717
372 1086
373 82
373 1101
373 1257
373 611
373 475
373 360
373 193
373 1351
373 730
373 350
373 1449
373 1395
377 76
377 174
377 911
377 530
377 1371
379 360
379 730
379 1374
379 1211
379 136
379 76
379 628
379 250
379 639
379 1085
379 598
379 1092
379 815
379 1473
379 1261
379 665
379 817
379 489
379 122
379 1591
379 773
379 210
379 397
380 1013
380 999
380 300
381 1093
381 108
381 493
381 116
381 173
381 131
381 1284
381 559
381 972
381 1458
381 161
381 174
381 75
381 1329
381 1382
381 26
381 658
381 390
381 1116
381 1513
381 470
381 300
381 417
381 56
381 687
381 27
381 1577
381 1310
381 834
382 1378
382 475
382 104
382 432
382 1395
383 754
383 299
383 33
383 929
383 1261
383 480
383 1317
383 142
383 1571
383 775
389 169
389 1181
389 27
389 300
389 191
389 762
389 348
389 341
389 611
389 355
390 1458
390 547
390 1140
390 1329
390 205
390 961
390 27
390 581
390 967
390 450
390 9
390 834
390 417
390 972
390 1093
390 561
390 1152
390 75
390 1070
390 1577
390 1056
392 972
392 27
392 480
392 719
392 450
392 313
392 1085
392 1336
392 299
394 1513
405 3
405 1368
405 1131
406 351
407 1406
407 360
407 1116
407 553
407 1188
407 185
407 210
407 856
407 1261
409 1169
409 641
409 1473
409 18
409 27
409 563
409 493
409 729
409 1308
409 26
412 76
412 389
413 1516
413 326
413 520
413 1305
414 1250
415 1261
415 300
415 1317
415 360
415 355
415 886
415 804
415 493
417 1506
417 1116
417 649
417 1303
417 532
417 26
417 1605
417 1113
417 1343
417 627
417 1373
417 581
417 1269
417 1162
417 493
417 1513
417 773
417 96
417 4
417 1380
417 1133
417 576
417 1093
417 727
417 687
417 267
417 294
417 520
417 381
417 1457
417 1280
417 116
417 205
417 108
417 1070
417 73
417 1204
417 967
417 817
417 754
417 195
417 1056
417 1155
417 1382
417 730
417 161
421 217
421 649
421 754
421 45
423 209
423 300
427 1169
427 1060
427 865
427 1564
427 372
427 717
427 1140
427 1522
429 347
429 1230
429 141
429 368
432 1188
432 382
432 1515
443 976
443 1261
443 287
445 294
445 775
445 89
445 650
445 108
445 73
445 173
448 470
450 990
450 313
450 1336
450 834
450 392
450 299
450 1437
450 1070
450 1261
450 390
450 27
452 377
456 836
456 233
463 915
463 649
463 334
463 594
463 426
463 1427
463 754
463 1240
463 326
465 1001
468 1316
470 1438
470 1268
470 1481
470 658
470 1181
470 834
470 1085
470 381
474 1093
474 1169
474 1329
474 1086
474 1533
474 1206
474 1170
474 1473
474 1158
474 1188
474 73
474 561
474 886
474 300
475 760
475 715
475 1345
475 1378
475 652
475 373
475 1589
475 467
475 1371
475 1457
475 1518
475 1379
475 1183
475 179
475 873
475 665
475 479
475 620
475 89
475 841
475 658
475 991
475 104
475 1101
475 639
475 1395
475 921
475 1188
478 1343
478 1155
478 1093
478 493
478 491
478 1280
480 674
480 227
480 1571
480 1272
480 719
480 299
480 313
480 1336
480 450
480 493
480 995
480 1085
480 27
489 1467
489 571
489 1374
489 371
489 708
489 384
489 162
489 397
489 1304
489 1286
489 1142
489 940
489 1244
489 1387
489 833
489 1591
489 628
489 1261
489 1128
491 858
491 1343
491 687
491 848
491 1155
493 916
493 1258
493 480
493 1389
493 300
493 692
493 665
493 269
493 1524
493 108
493 1207
493 1382
493 1280
493 478
493 294
493 1204
493 648
493 611
493 161
493 52
493 383
493 76
493 1552
493 173
493 18
493 1206
493 1527
493 1612
493 56
493 1140
493 291
493 817
493 911
493 96
493 983
493 1170
493 1408
493 641
493 773
493 528
493 623
493 409
493 79
493 1169
493 267
493 1396
493 415
493 1343
493 1268
493 275
493 494
493 1319
493 631
493 1257
493 131
493 858
493 355
493 762
493 1086
493 1513
493 1158
493 687
493 547
493 174
493 193
493 389
493 122
493 554
493 348
493 1589
494 233
494 140
494 1332
494 1143
494 1517
494 533
494 1111
494 164
494 1513
494 196
494 493
494 805
494 294
494 886
494 300
494 1125
494 355
494 329
495 1611
502 754
502 929
502 729
502 355
502 300
502 1571
502 1180
502 131
502 911
502 136
502 78
517 278
517 1034
517 730
517 794
517 1006
517 173
517 414
517 1565
517 73
517 294
520 421
520 1457
520 1140
520 254
520 1329
520 96
520 45
520 581
520 1305
520 1418
520 217
520 669
520 976
520 1162
520 754
528 1093
528 1086
528 474
528 1206
528 561
528 26
528 493
528 581
528 300
528 1158
528 76
528 563
528 18
528 547
528 27
528 82
528 1169
529 1438
530 963
530 1258
530 377
530 983
530 76
530 911
530 856
530 1261
530 665
530 1141
530 1235
530 1188
530 873
530 443
530 849
530 1389
530 1234
532 1329
532 417
532 581
532 1470
533 494
533 1527
533 776
533 1013
533 815
533 1170
533 561
544 169
544 825
547 904
547 528
547 26
547 1329
547 559
547 1169
547 417
547 1470
547 1170
547 815
547 773
547 623
547 122
547 1303
547 267
547 1158
547 967
547 493
547 1591
547 1425
547 561
550 233
550 1396
552 713
554 1278
554 1317
554 1261
554 1206
554 300
554 1125
554 131
554 415
554 360
554 355
559 390
559 657
559 1261
559 417
559 547
559 1140
559 75
559 623
559 1436
559 946
559 967
559 834
559 1070
559 1284
559 576
559 581
560 474
560 653
560 89
560 665
561 1158
561 1329
561 623
561 533
561 275
561 815
561 581
561 1056
561 267
561 547
561 904
561 493
561 26
561 910
561 967
561 1169
561 122
561 474
561 417
561 528
561 576
569 1145
569 315
569 721
569 238
571 1591
571 1365
571 628
571 180
571 742
571 598
571 489
571 1286
571 1387
571 979
571 397
571 708
571 845
571 403
571 1063
573 407
573 360
573 587
576 961
576 1056
576 976
576 727
576 1301
576 108
576 559
576 381
576 1133
576 1204
576 254
576 627
576 1380
576 1093
576 1269
576 687
576 904
576 669
576 1280
576 532
576 275
576 1513
576 417
576 195
576 649
576 1170
576 730
576 547
576 967
576 1382
576 1305
576 96
576 623
576 26
576 173
576 1152
576 1589
576 217
576 817
576 73
576 1470
576 287
576 1140
576 122
576 1329
579 108
579 78
579 355
579 1230
579 173
579 517
579 475
579 294
579 445
579 89
579 1034
579 775
581 1418
581 390
581 1513
581 73
581 727
581 1113
581 381
581 730
581 18
581 885
581 173
581 1382
581 559
581 547
581 1086
581 1523
581 563
581 520
581 976
581 1280
581 1329
581 1589
581 532
581 576
581 773
581 474
581 1343
581 623
581 967
581 1056
581 1204
581 1152
581 45
581 195
581 528
581 1170
581 267
581 1093
581 1301
581 1470
581 1140
581 1591
581 687
581 108
581 4
581 1169
581 294
581 1373
581 1473
581 161
581 961
581 649
581 122
598 749
598 397
598 833
598 815
598 1142
598 863
598 708
598 942
598 979
598 180
598 1387
598 1063
602 833
602 754
602 571
602 403
602 773
603 1481
603 169
603 1101
608 776
609 300
610 266
611 762
611 493
611 648
611 658
611 373
611 553
611 467
611 1529
611 169
611 412
611 730
611 389
611 911
611 1354
618 131
623 493
623 576
623 1170
623 581
623 547
623 561
623 1539
623 1093
623 275
623 904
623 267
623 122
623 417
624 1380
624 576
624 26
624 1329
624 1158
624 1169
624 627
624 1301
624 1470
624 1093
625 193
625 210
625 1112
625 1261
625 911
625 1116
625 1287
625 905
626 1345
626 360
626 157
627 624
627 417
627 967
627 1365
627 581
627 1169
631 1481
631 1473
631 1147
631 1235
631 788
631 1438
631 210
631 698
631 169
631 493
631 1552
631 1116
631 1457
631 157
631 494
631 300
631 817
633 1245
633 1491
633 934
633 1090
633 1102
633 927
633 384
633 145
633 551
639 517
639 817
639 131
639 741
639 1022
639 355
639 1378
639 794
639 665
639 1234
639 379
639 1006
639 1181
639 1473
639 108
639 475
639 955
639 1034
639 1261
639 12
639 650
639 73
641 581
641 18
641 1169
641 875
641 1158
641 493
641 427
641 563
641 729
641 1522
641 717
641 817
641 1093
646 463
646 717
646 1279
646 649
648 27
648 611
648 762
648 493
649 1074
649 727
649 1140
649 421
649 49
649 1133
649 1457
649 754
649 254
649 463
649 96
649 669
649 1162
649 1418
649 1093
649 45
649 217
649 275
652 1345
652 1101
652 1402
652 475
652 905
652 665
657 1113
657 754
657 313
658 665
658 174
658 1505
658 856
658 79
658 1116
658 1395
658 1101
658 1050
658 475
658 1438
658 1257
658 1256
658 1473
658 493
658 1481
658 1065
658 553
658 673
658 470
658 916
658 360
658 1268
658 1450
658 1502
658 32
658 1085
658 963
658 179
658 1146
658 506
658 1066
658 467
658 1261
665 652
665 379
665 174
665 1188
665 1261
665 1232
665 1395
665 639
665 714
665 911
665 1088
665 1473
665 936
665 493
665 530
665 611
665 560
665 1083
665 1345
665 631
665 209
665 107
665 1496
665 45
665 1095
665 635
665 628
665 776
665 1116
665 940
665 129
665 817
665 1053
669 275
669 727
669 581
669 1140
669 217
669 96
669 1457
669 1373
669 326
669 649
669 1162
669 1133
669 45
669 520
669 254
669 576
673 479
673 1234
673 475
673 1101
673 841
673 715
673 658
673 467
673 1395
673 179
673 312
673 1188
673 1571
673 1566
673 1589
674 704
674 1272
674 116
674 804
674 1426
674 480
687 27
687 108
687 963
687 1340
687 1589
687 1457
687 1382
687 491
687 576
687 1116
687 1506
687 417
687 73
687 26
687 1280
687 858
687 1140
687 1204
687 1310
687 581
687 116
687 494
687 1513
687 161
687 1329
689 1345
692 687
692 27
692 1261
698 631
699 798
699 1353
699 1201
700 1505
702 300
702 886
702 1332
702 76
702 805
702 73
704 674
704 73
704 1255
704 936
704 1473
704 817
704 371
704 1102
704 1397
704 1426
704 481
704 89
704 355
704 61
704 911
713 552
715 312
715 1101
715 475
715 56
715 1395
721 1013
721 1141
721 1271
721 380
721 1145
721 1538
727 581
727 1418
727 669
727 976
727 1140
727 1373
727 9
727 1329
727 217
727 649
727 576
727 520
727 1133
727 287
727 45
729 1093
729 1159
729 1473
729 702
729 571
729 26
729 1086
729 233
729 1169
729 817
729 89
729 76
729 409
729 502
729 563
729 1591
729 493
729 33
729 73
729 294
729 140
729 979
729 754
729 1204
729 1158
729 1332
730 1261
730 373
730 1140
730 882
730 794
730 775
730 1470
730 1458
730 911
730 1506
730 445
730 355
730 1006
730 1093
730 1310
730 1183
730 161
730 1513
730 3
730 89
730 1204
730 467
730 26
730 940
730 1566
730 665
730 1034
730 417
730 116
730 300
730 73
730 1571
730 1565
730 639
730 278
730 581
730 1234
730 611
730 493
740 1589
740 1172
740 1511
741 1473
741 1142
741 12
741 1034
741 173
741 102
741 856
741 775
741 1022
741 73
741 145
741 955
741 639
741 108
741 131
741 355
744 1272
744 1128
744 1365
744 742
744 628
745 136
747 494
754 294
754 602
754 972
754 576
754 708
754 1305
754 523
754 326
754 1457
754 506
754 1071
754 1208
754 26
754 1133
754 1199
754 463
754 410
754 327
754 657
754 929
754 699
754 848
754 1383
754 502
754 606
754 734
754 33
754 1205
754 14
754 321
754 1109
754 581
754 96
754 1240
754 1244
754 464
754 417
754 1329
754 1093
754 1513
754 287
754 59
754 63
754 856
754 45
754 1156
754 162
754 691
754 413
754 858
754 990
754 18
754 1367
754 421
754 649
754 383
754 976
754 196
754 1334
754 1086
754 73
754 729
754 588
754 298
754 1304
754 1460
754 217
754 437
762 341
762 412
762 1529
762 493
762 191
762 1120
762 389
767 169
767 1256
770 495
774 815
774 1591
774 773
775 1183
775 929
775 33
775 108
775 882
775 73
775 911
775 278
775 82
775 741
775 383
775 89
775 1473
775 1571
775 300
775 1204
775 1565
775 445
775 730
776 428
776 1188
776 911
776 631
776 493
776 1235
776 608
776 533
776 665
776 83
776 300
776 1527
778 1617
786 929
786 131
786 1180
786 502
786 33
786 299
786 775
786 383
786 1571
788 1101
788 1450
788 658
788 1261
790 1589
794 1473
794 1181
794 1458
794 12
794 856
794 730
794 741
794 108
794 517
794 278
794 384
794 102
794 940
794 131
794 1034
794 294
805 300
805 1468
805 1332
805 1092
805 1165
805 140
805 281
805 294
805 329
805 729
805 886
805 233
805 76
805 475
805 355
805 73
807 82
807 1458
807 1022
815 1571
815 714
815 561
815 1591
815 250
815 665
815 1496
815 533
815 1211
815 379
815 196
815 89
815 209
815 547
815 1261
815 910
815 774
817 687
817 445
817 140
817 1093
817 1565
817 1165
817 1092
817 371
817 1072
817 576
817 1513
817 741
817 1470
817 641
817 344
817 379
817 639
817 102
817 1473
817 1506
817 174
817 882
817 628
817 233
817 161
817 940
817 1233
817 804
817 730
817 775
817 409
817 12
817 1086
817 886
817 73
817 1169
817 963
817 56
817 1589
817 493
817 1310
817 381
817 1374
817 1382
817 1517
817 26
817 27
817 579
817 417
817 1140
817 794
817 1161
817 1028
817 856
817 250
817 82
817 1280
817 1481
817 1204
817 1011
817 1329
818 670
818 977
818 857
819 1181
825 803
825 193
825 209
825 603
825 1547
833 1304
833 1244
833 404
833 1365
833 598
833 749
833 708
833 397
833 754
833 1604
833 403
833 571
833 162
833 384
833 1286
833 1387
833 1128
833 89
833 1208
833 882
833 1016
834 1336
834 1436
834 1093
834 1481
834 73
834 299
834 450
834 658
834 300
834 804
834 392
834 559
834 1522
834 313
834 1085
834 717
834 390
834 480
834 990
834 1425
834 1284
834 859
834 773
834 27
834 1028
834 729
836 817
836 300
836 1125
836 140
836 329
836 294
836 355
836 131
836 164
836 73
836 1513
836 456
836 1506
838 1582
841 104
841 1395
841 991
841 1378
841 1101
841 620
841 1340
847 490
847 938
847 443
847 1546
847 509
848 478
848 858
848 491
848 1513
848 1155
848 754
849 863
849 1116
849 1513
849 357
856 1268
856 102
856 12
856 1088
856 530
856 360
856 553
856 1222
856 658
856 1406
856 159
856 754
856 1577
856 79
856 210
856 269
856 639
856 741
856 1261
856 1552
856 1275
858 687
858 478
858 1155
858 1343
858 491
858 754
859 360
859 972
859 1577
859 61
859 1458
859 75
859 1284
859 1436
863 942
863 1315
863 598
863 1288
863 1319
873 1101
873 475
873 1013
874 294
874 89
874 300
874 193
874 1397
874 946
874 983
874 1234
874 1387
874 1261
874 911
874 1255
874 628
875 1086
875 1564
875 1579
875 1457
875 464
875 641
875 624
875 372
875 427
875 1324
883 360
883 1319
883 1524
883 322
883 1261
883 1001
883 866
883 1120
883 196
885 1329
885 26
885 581
885 1380
885 1317
886 140
886 294
886 355
886 528
886 474
886 493
886 1317
886 164
886 836
886 1125
886 1513
886 73
886 817
886 702
886 281
886 494
886 1280
886 805
886 1517
886 730
886 329
886 729
886 554
887 250
887 256
887 530
890 329
890 530
902 944
903 754
904 576
904 623
904 1034
904 1329
904 1152
904 486
904 1269
904 581
904 1140
905 1464
905 963
905 1112
905 277
905 1132
905 1199
905 625
905 1071
905 361
910 547
910 1425
910 940
910 776
910 1261
910 1513
910 815
910 1170
910 61
910 494
911 502
911 1397
911 360
911 1505
911 730
911 1188
911 1232
911 1116
911 1566
911 1101
911 131
911 936
911 553
911 302
911 775
911 300
911 1389
911 1571
911 665
911 96
911 1311
911 786
911 1395
911 33
911 383
911 61
911 1261
911 299
911 628
911 1283
911 1234
911 929
911 493
911 874
912 1382
916 1389
916 141
916 493
916 269
916 658
916 1230
916 79
921 475
927 633
927 1090
927 983
927 273
927 1102
927 620
927 204
927 1245
927 1303
927 1220
927 1228
927 1362
927 384
927 835
927 1271
929 502
929 754
929 911
929 786
929 775
929 729
929 1571
929 131
929 33
934 1128
934 1438
934 1228
934 1083
934 1362
934 1090
934 927
934 551
934 1102
940 1116
940 882
940 371
940 1473
940 1142
940 910
940 773
940 1211
940 1507
940 360
940 911
940 1034
940 1304
940 1374
940 741
940 108
940 815
940 598
940 628
940 1460
940 384
940 403
940 1006
940 730
941 1468
942 1288
942 1315
942 863
942 1319
946 294
946 1234
946 1261
946 559
946 874
946 983
946 1311
946 936
946 1232
948 1006
949 1610
949 1591
949 1066
951 273
955 1577
955 1034
955 294
955 730
955 639
955 108
955 741
955 278
955 794
955 73
955 12
955 817
961 493
961 1261
961 1301
961 581
961 205
961 963
961 1140
961 417
961 1116
961 1269
961 983
961 967
961 1070
961 576
961 300
963 379
963 714
963 68
963 1044
963 1375
963 573
963 961
963 1546
963 141
963 625
963 1258
963 1116
963 1221
963 1145
963 209
963 1473
963 553
963 665
963 1088
963 159
963 817
963 757
963 1112
963 1275
963 1220
963 102
963 1071
963 210
963 856
963 1207
963 1013
967 834
967 972
967 1093
967 381
967 1458
967 417
967 1436
967 581
967 1577
967 450
967 1329
967 576
967 1301
967 9
967 390
967 1261
967 623
967 1284
967 1070
967 1437
967 547
972 1458
972 75
972 1093
972 859
972 392
972 1436
972 773
972 390
972 450
972 990
972 313
972 1522
972 27
972 1085
972 381
972 142
972 480
972 650
975 136
979 1604
979 833
979 598
979 1387
979 379
979 1304
979 1298
979 1180
979 180
979 1311
979 1286
979 1591
979 749
979 882
979 1244
979 384
979 162
979 773
979 602
979 708
979 1128
979 742
979 1016
983 1115
983 1261
983 1228
983 1220
983 1513
983 168
983 467
983 1161
983 1345
983 1188
983 874
983 530
983 1147
983 423
983 815
983 373
983 1477
983 300
983 1257
983 1037
983 963
983 1230
990 27
990 313
990 480
990 719
990 834
990 972
990 1336
990 1085
995 719
995 450
995 1336
995 834
995 773
995 392
995 1085
999 1066
999 1608
999 949
1001 1524
1001 866
1001 1146
1001 493
1006 948
1006 1034
1006 517
1006 639
1006 173
1006 145
1006 955
1006 108
1006 730
1006 1577
1006 355
1006 384
1009 382
1013 68
1013 76
1013 873
1013 380
1013 1145
1013 360
1013 569
1013 1271
1013 963
1013 493
1013 300
1013 1546
1014 645
1017 358
1017 1448
1022 108
1022 794
1022 1034
1022 639
1022 131
1022 730
1022 1458
1028 1128
1028 742
1028 729
1028 294
1028 1286
1028 817
1028 73
1028 1365
1028 1570
1031 1116
1034 940
1034 355
1034 1022
1034 856
1034 639
1034 517
1034 730
1034 12
1034 1006
1034 741
1034 794
1034 955
1034 1142
1034 294
1034 579
1034 108
1034 278
1037 765
1037 209
1037 1174
1048 1404
1049 1149
1049 460
1049 1015
1049 1529
1050 658
1056 967
1056 1085
1056 450
1056 547
1056 1140
1056 1093
1056 390
1056 623
1056 559
1056 561
1056 581
1056 485
1058 1188
1058 1258
1058 52
1058 1432
1058 493
1058 1116
1060 386
1060 91
1060 441
1060 218
1060 1522
1060 1457
1060 523
1060 427
1060 1158
1060 1086
1060 540
1060 717
1060 26
1062 475
1062 673
1063 1311
1063 598
1063 404
1063 742
1063 1128
1063 628
1063 943
1063 571
1063 1180
1063 1387
1063 112
1063 708
1063 359
1063 749
1063 384
1063 1365
1065 1506
1065 300
1065 233
1065 836
1065 1389
1065 33
1065 658
1065 1156
1065 1280
1066 658
1066 999
1066 493
1067 1261
1067 1102
1067 804
1070 1301
1070 1261
1070 1056
1070 390
1070 623
1070 967
1070 547
1070 1170
1070 417
1070 1113
1070 1437
1070 561
1070 9
1070 450
1070 1329
1072 355
1072 836
1072 233
1072 300
1075 1268
1078 217
1083 1491
1083 551
1083 927
1083 1245
1083 1102
1083 633
1083 620
1083 949
1083 665
1083 145
1085 485
1085 1571
1085 379
1085 995
1085 299
1085 967
1085 1308
1085 972
1085 392
1085 300
1085 27
1085 313
1085 480
1085 1056
1085 1070
1085 658
1086 27
1086 1093
1086 372
1086 754
1086 581
1086 1329
1086 1579
1086 1170
1086 474
1086 875
1086 561
1086 1324
1086 427
1086 528
1086 26
1086 563
1086 641
1086 1380
1088 76
1088 61
1088 983
1088 630
1088 1157
1088 360
1088 665
1088 887
1088 530
1088 658
1088 1188
1088 856
1088 1044
1088 883
1088 357
1090 1245
1090 1083
1090 1128
1090 1228
1090 145
1090 1362
1090 551
1090 934
1090 1102
1092 1253
1092 1473
1092 1589
1092 1492
1092 805
1092 19
1093 1133
1093 754
1093 817
1093 961
1093 478
1093 195
1093 730
1093 561
1093 381
1093 474
1093 417
1093 275
1093 1373
1093 26
1093 254
1093 4
1093 1418
1093 1457
1093 729
1093 623
1093 1140
1093 1513
1093 1204
1093 1056
1093 1589
1093 73
1093 834
1093 641
1093 528
1093 576
1093 1170
1093 390
1093 559
1093 669
1093 1162
1093 294
1093 520
1093 1343
1093 885
1093 563
1093 1305
1093 547
1093 687
1093 649
1093 1380
1093 18
1093 116
1093 904
1093 1070
1093 1152
1093 773
1093 287
1093 409
1093 173
1096 1162
1101 652
1101 373
1101 639
1101 841
1101 350
1101 1371
1101 1261
1101 1518
1101 1477
1101 658
1101 1589
1101 1448
1101 179
1101 603
1101 1492
1101 300
1101 788
1101 1230
1101 1168
1101 911
1101 471
1101 1566
1101 360
1101 1450
1101 227
1101 1345
1101 475
1101 1378
1111 836
1111 140
1111 1336
1111 1280
1111 1468
1111 281
1111 73
1111 164
1111 719
1111 886
1111 355
1111 294
1111 329
1112 1464
1112 1071
1112 625
1112 905
1112 290
1112 963
1113 561
1113 1093
1113 1437
1113 1056
1113 1261
1113 1329
1113 390
1113 581
1113 547
1116 1261
1116 961
1116 1375
1116 210
1116 493
1116 940
1116 26
1116 1013
1116 631
1116 381
1116 687
1116 373
1116 76
1116 300
1116 1188
1116 185
1116 1058
1116 553
1116 581
1116 625
1116 1470
1116 1093
1116 1342
1116 817
1116 302
1116 849
1116 911
1116 407
1116 1204
1116 1290
1116 590
1116 1088
1125 281
1125 554
1125 329
1125 233
1125 1513
1125 140
1125 1165
1125 1517
1125 73
1125 886
1125 294
1125 1111
1125 1280
1133 287
1133 976
1133 576
1133 217
1133 1146
1133 45
1133 1457
1133 754
1133 223
1133 9
1133 1418
1133 581
1133 1329
1133 123
1133 669
1133 303
1136 96
1136 16
1136 854
1136 1326
1136 107
1136 1553
1136 100
1140 73
1140 581
1140 1152
1140 576
1140 1116
1140 1470
1140 254
1140 1204
1140 1269
1140 976
1140 817
1140 1380
1140 547
1140 559
1140 623
1140 1418
1140 1305
1140 730
1140 4
1140 1373
1140 1513
1140 1093
1140 1070
1140 1170
1140 381
1140 1329
1140 727
1140 754
1140 1158
1140 287
1140 116
1140 1169
1140 390
1140 1605
1140 520
1140 108
1140 122
1140 205
1140 1343
1140 561
1140 1280
1140 773
1140 669
1140 267
1140 45
1141 631
1141 1147
1141 1595
1141 530
1142 598
1142 1460
1142 489
1142 1473
1142 741
1142 817
1142 773
1142 145
1142 379
1142 794
1142 1470
1142 940
1143 494
1145 238
1145 315
1145 963
1145 1271
1145 1261
1145 68
1147 983
1147 1101
1147 157
1147 1589
1147 475
1147 818
1147 1345
1147 1141
1151 362
1151 1515
1151 93
1152 576
1152 390
1152 205
1152 1140
1152 1269
1152 9
1152 581
1152 961
1152 1329
1154 93
1154 1151
1154 351
1155 1140
1155 858
1155 1170
1155 1470
1155 417
1155 687
1155 1343
1155 1513
1155 1280
1155 576
1156 131
1156 754
1156 502
1156 1571
1156 911
1156 142
1156 1283
1156 929
1156 1065
1156 33
1156 299
1158 1140
1158 1169
1158 1473
1158 1086
1158 1564
1158 1522
1158 875
1158 1324
1158 409
1158 581
1158 1093
1158 1457
1158 1060
1158 817
1158 18
1158 26
1158 372
1158 641
1158 1605
1158 1380
1158 547
1159 805
1159 76
1159 300
1159 702
1159 73
1159 294
1161 1481
1161 1105
1161 347
1161 411
1161 1290
1161 789
1161 277
1161 1199
1161 594
1161 209
1161 844
1161 174
1161 1510
1161 1473
1161 381
1161 810
1161 1181
1161 1345
1161 1546
1161 1543
1161 300
1161 988
1162 649
1162 976
1162 1329
1162 96
1162 669
1162 217
1162 1373
1162 1133
1162 1093
1162 1457
1162 520
1162 576
1162 45
1162 275
1162 1305
1162 754
1165 1125
1165 281
1165 1473
1165 1111
1165 1517
1165 73
1165 329
1165 886
1165 300
1165 494
1165 1513
1165 355
1165 1389
1166 76
1166 1207
1166 1389
1168 1371
1168 1502
1168 479
1168 1395
1169 875
1169 1093
1169 493
1169 641
1169 581
1169 1473
1169 1140
1169 26
1169 1470
1169 1060
1169 27
1169 1324
1169 18
1169 409
1169 624
1169 528
1169 627
1169 717
1169 1522
1169 1086
1169 576
1169 817
1170 559
1170 417
1170 547
1170 1470
1170 26
1170 1070
1170 1056
1170 1140
1170 576
1170 474
1170 1329
1170 390
1170 122
1170 1425
1170 1158
1170 967
1170 623
1170 1086
1170 275
1170 528
1170 1169
1172 1511
1175 645
1180 742
1180 502
1180 786
1180 979
1180 1571
1181 1034
1181 12
1181 300
1181 639
1181 131
1181 381
1181 658
1181 741
1181 355
1181 470
1181 174
1181 1477
1188 1448
1188 776
1188 467
1188 619
1188 312
1188 856
1188 1261
1188 16
1188 358
1188 432
1188 697
1188 442
1188 1402
1188 665
1188 1120
1188 530
1188 815
1188 1222
1188 522
1188 1100
1188 883
1188 1275
1188 1534
1188 1058
1188 196
1188 209
1188 949
1188 673
1188 983
1188 188
1188 1271
1188 48
1188 302
1206 294
1206 415
1206 1317
1206 474
1206 493
1206 817
1206 1332
1206 355
1206 1261
1206 886
1206 300
1207 589
1207 881
1207 1166
1207 530
1207 963
1207 76
1207 1261
1208 1591
1208 1365
1208 833
1208 1604
1208 384
1208 628
1211 815
1211 1591
1211 1374
1211 397
1211 371
1211 940
1211 708
1211 489
1213 1322
1220 658
1220 54
1220 983
1220 1257
1220 193
1220 1362
1220 1228
1221 1473
1221 817
1221 963
1221 1261
1228 193
1228 983
1228 169
1228 171
1228 620
1228 1362
1228 1220
1228 1102
1228 384
1228 927
1228 633
1228 1245
1228 54
1230 1371
1230 983
1230 429
1230 673
1230 579
1230 1395
1230 193
1230 348
1230 141
1230 475
1230 1445
1230 269
1230 1101
1230 377
1230 1009
1230 1345
1230 1589
1230 1571
1235 414
1235 631
1236 1092
1237 1395
1237 130
1240 326
1240 463
1240 649
1250 414
1256 1448
1256 658
1256 1115
1257 1261
1257 1546
1257 360
1257 1290
1257 879
1257 653
1257 1115
1257 1068
1257 810
1257 280
1257 1010
1257 193
1257 672
1257 1220
1257 209
1257 691
1257 767
1257 1491
1258 1342
1258 1071
1258 1432
1258 905
1258 1058
1258 52
1258 1116
1258 530
1258 1188
1258 1408
1258 277
1258 493
1258 147
1258 102
1261 983
1261 168
1261 1005
1261 628
1261 480
1261 963
1261 371
1261 788
1261 859
1261 1070
1261 774
1261 1200
1261 209
1261 1013
1261 1056
1261 886
1261 946
1261 910
1261 1278
1261 874
1261 1571
1261 415
1261 551
1261 1010
1261 162
1261 1128
1261 948
1261 360
1261 283
1261 27
1261 182
1261 1594
1261 83
1261 54
1261 673
1261 1188
1261 887
1261 815
1261 1211
1261 625
1261 1075
1261 1496
1261 697
1261 1207
1261 911
1261 1365
1261 658
1261 940
1261 1426
1261 73
1261 390
1261 373
1261 790
1261 389
1261 856
1261 355
1261 1457
1261 883
1261 1272
1261 653
1261 123
1261 714
1261 169
1261 1101
1261 294
1261 1146
1261 674
1261 776
1261 708
1261 250
1261 611
1261 1339
1261 302
1261 1395
1261 1257
1261 82
1261 1317
1261 475
1261 196
1261 489
1261 379
1261 967
1261 775
1261 1218
1261 1604
1261 89
1261 236
1261 493
1262 397
1268 673
1268 79
1268 269
1268 856
1268 1438
1268 1075
1268 1552
1268 1395
1268 916
1269 1152
1269 967
1269 1070
1269 961
1269 1301
1269 1140
1269 581
1269 576
1269 390
1272 737
1272 1233
1272 1273
1272 227
1272 804
1272 1426
1272 744
1275 856
1275 407
1275 368
1278 1261
1278 61
1278 963
1279 646
1280 355
1280 140
1280 858
1280 1155
1280 1506
1280 291
1280 161
1280 1332
1280 576
1280 76
1280 1093
1280 300
1280 1389
1280 1288
1280 1473
1280 73
1280 1065
1280 294
1280 381
1280 1319
1280 493
1280 1111
1280 1165
1280 281
1280 173
1280 1140
1280 581
1280 494
1280 1125
1280 817
1280 108
1280 886
1283 911
1283 1146
1283 1505
1283 639
1284 1436
1284 1577
1284 381
1284 859
1284 18
1284 1458
1284 559
1286 833
1286 384
1286 1570
1286 359
1286 180
1286 404
1286 1028
1286 628
1286 1063
1286 571
1286 1016
1286 489
1286 1604
1287 1515
1288 942
1288 863
1288 157
1288 291
1288 493
1288 272
1300 148
1301 417
1301 1093
1301 9
1301 581
1301 205
1301 26
1301 576
1301 1329
1301 1269
1301 624
1303 1329
1303 1425
1303 620
1303 73
1303 927
1303 866
1303 417
1303 267
1303 122
1303 204
1303 1140
1305 1418
1305 754
1305 1162
1305 254
1305 1140
1305 1133
1305 581
1305 100
1305 287
1305 520
1305 417
1305 1457
1305 217
1305 275
1305 1329
1305 96
1306 475
1306 1395
1306 1101
1310 173
1310 1140
1310 687
1310 1470
1310 1513
1310 1280
1310 116
1310 1382
1310 381
1310 576
1310 1506
1310 417
1310 902
1310 161
1310 581
1311 1016
1311 384
1311 946
1311 874
1311 1128
1311 979
1311 1327
1311 1232
1315 1319
1315 291
1315 1288
1315 1513
1317 786
1317 73
1317 299
1317 383
1317 1261
1317 885
1317 355
1317 33
1317 415
1317 300
1317 1206
1317 886
1319 1288
1319 493
1319 1280
1319 157
1319 942
1319 76
1319 291
1322 1207
1324 1522
1324 1086
1324 1579
1324 1158
1324 717
1324 372
1324 1564
1329 108
1329 161
1329 1169
1329 417
1329 1280
1329 73
1329 641
1329 547
1329 976
1329 773
1329 1269
1329 729
1329 1589
1329 730
1329 390
1329 623
1329 116
1329 1373
1329 1204
1329 1418
1329 1086
1329 1605
1329 173
1329 1343
1329 1170
1329 122
1329 687
1329 18
1329 1116
1329 1133
1329 96
1329 1301
1329 563
1329 1162
1329 1305
1329 1591
1329 1155
1329 1158
1329 1303
1329 267
1329 967
1329 1310
1329 817
1329 4
1329 287
1329 1113
1329 381
1329 1457
1329 885
1329 409
1329 581
1329 275
1332 1125
1332 1468
1332 329
1332 494
1332 233
1332 1111
1332 355
1332 702
1332 1206
1332 1250
1332 805
1332 1280
1332 1159
1332 1533
1332 886
1334 45
1334 1516
1340 382
1340 1358
1340 841
1340 1306
1340 104
1340 494
1340 475
1340 687
1340 1513
1340 620
1341 1342
1341 1258
1342 856
1342 1071
1342 273
1342 625
1342 1341
1342 1453
1342 963
1343 1140
1343 1329
1343 491
1343 848
1343 1513
1343 858
1343 1155
1343 1093
1343 581
1343 561
1345 652
1345 1505
1345 1105
1345 312
1345 1546
1345 810
1345 347
1345 689
1345 509
1345 1230
1345 983
1345 1220
1345 626
1345 471
1345 411
1345 1589
1345 1543
1345 1168
1345 467
1345 1395
1345 83
1345 844
1345 475
1345 594
1345 1161
1345 358
1345 1147
1345 1004
1345 658
1345 219
1345 1101
1351 366
1351 638
1351 1600
1351 467
1351 268
1351 373
1354 341
1354 348
1354 1529
1354 389
1354 611
1354 27
1354 360
1367 754
1371 1345
1371 467
1371 377
1371 475
1371 1101
1371 76
1371 1230
1371 1283
1371 1395
1372 1116
1373 1140
1373 1093
1373 1305
1373 1329
1373 287
1373 1133
1373 520
1373 122
1373 9
1373 727
1373 1162
1373 197
1373 45
1373 576
1373 217
1374 371
1374 815
1374 489
1374 267
1374 397
1374 817
1374 1473
1374 1460
1375 1372
1375 210
1375 963
1375 1161
1378 382
1378 475
1378 991
1378 73
1378 1206
1378 355
1378 1101
1378 639
1378 1533
1379 1395
1379 740
1380 581
1380 1301
1380 1329
1380 26
1380 1470
1380 885
1380 624
1380 1158
1380 1086
1382 1000
1382 1140
1382 912
1382 904
1382 817
1382 116
1382 26
1382 1204
1382 576
1382 687
1382 381
1382 1473
1382 1093
1387 410
1387 489
1387 874
1387 882
1387 162
1387 417
1387 773
1387 403
1387 1460
1387 1591
1387 1365
1387 1244
1387 571
1387 1232
1387 1016
1387 1063
1387 911
1387 602
1387 833
1389 164
1389 300
1389 379
1389 1280
1389 804
1389 281
1389 1516
1389 1125
1389 836
1389 1065
1389 805
1389 860
1389 911
1389 140
1389 1513
1389 1517
1389 329
1389 493
1389 3
1389 530
1389 368
1389 1468
1392 716
1392 587
1395 620
1395 168
1395 104
1395 1396
1395 841
1395 1101
1395 1379
1395 1174
1395 83
1395 665
1395 991
1395 1147
1395 1521
1395 873
1395 673
1395 1268
1395 1096
1395 1183
1395 1371
1395 1566
1395 1230
1395 1261
1395 1062
1395 1518
1395 911
1395 467
1395 373
1395 560
1395 639
1395 360
1395 1571
1396 665
1396 322
1396 1395
1396 1306
1397 911
1397 936
1397 1496
1397 704
1398 1058
1402 368
1402 1477
1402 169
1402 1116
1402 131
1402 1188
1404 1438
1406 856
1406 1275
1406 1188
1408 1058
1408 460
1408 210
1408 52
1408 127
1418 254
1418 1162
1418 727
1418 1133
1418 1329
1418 669
1418 417
1418 96
1418 1305
1418 217
1418 976
1418 1140
1418 275
1418 649
1419 1589
1422 910
1422 428
1422 533
1422 83
1422 204
1422 776
1422 182
1425 1261
1425 910
1425 73
1425 815
1425 834
1425 773
1425 866
1425 1303
1425 547
1426 227
1426 704
1426 480
1426 1261
1426 674
1432 1258
1432 210
1432 905
1432 1058
1437 1056
1437 1085
1437 1070
1437 559
1438 934
1438 1048
1438 174
1438 56
1438 470
1438 658
1438 631
1445 141
1445 916
1445 1230
1449 233
1449 804
1449 82
1449 300
1450 715
1450 1101
1450 658
1457 254
1457 45
1457 493
1457 1133
1457 875
1457 421
1457 275
1457 1612
1457 217
1457 754
1457 1158
1457 581
1457 1373
1457 727
1457 1261
1457 96
1457 1418
1457 9
1457 520
1457 27
1457 287
1458 972
1458 294
1458 874
1458 859
1458 1577
1458 82
1458 730
1458 75
1458 807
1458 704
1458 794
1458 172
1458 108
1458 1436
1458 73
1467 250
1468 355
1468 1280
1468 281
1468 140
1468 941
1468 233
1468 294
1468 1258
1468 329
1468 805
1468 1517
1468 1165
1468 1111
1470 1169
1470 1142
1470 581
1470 817
1470 532
1470 173
1470 1170
1470 576
1470 417
1470 216
1470 730
1470 161
1470 561
1470 1093
1470 1506
1470 1571
1470 1113
1470 1310
1470 116
1470 1380
1470 1513
1470 108
1470 1343
1470 26
1470 1116
1477 371
1477 76
1477 1395
1477 193
1477 350
1477 691
1477 983
1477 74
1477 360
1481 603
1481 658
1481 381
1481 788
1481 300
1481 1161
1481 74
1481 493
1481 1547
1481 209
1481 834
1481 1085
1481 174
1491 209
1491 1102
1491 551
1491 983
1491 169
1491 1128
1491 1083
1491 1220
1491 1362
1491 1228
1491 620
1491 193
1492 805
1492 1345
1492 1589
1496 1261
1496 665
1496 946
1496 300
1496 1232
1496 1365
1496 1311
1496 1255
1496 1234
1503 1154
1503 93
1503 1151
1505 1283
1505 700
1505 1146
1505 658
1506 1093
1506 687
1506 581
1506 1204
1506 576
1506 1470
1506 730
1506 1589
1506 294
1506 417
1506 1513
1506 1280
1506 1310
1506 26
1506 161
1506 233
1506 1329
1506 836
1511 1172
1511 530
1511 1271
1511 1427
1513 730
1513 747
1513 836
1513 1093
1513 76
1513 1166
1513 193
1513 1506
1513 161
1513 1140
1513 164
1513 1155
1513 581
1513 1212
1513 562
1513 33
1513 116
1513 1319
1513 849
1513 1280
1513 1116
1513 1165
1513 173
1513 983
1513 1389
1513 300
1513 848
1513 329
1513 417
1513 493
1513 1589
1513 1470
1513 1329
1513 1065
1513 360
1513 1204
1513 26
1513 73
1513 54
1513 910
1515 362
1515 1151
1515 625
1515 93
1515 1116
1515 432
1515 582
1517 294
1517 1468
1517 1332
1517 73
1517 805
1517 281
1517 886
1517 355
1517 474
1517 89
1517 164
1517 1473
1517 1533
1517 1280
1517 1206
1521 1
1521 281
1521 521
1523 1329
1523 1093
1523 581
1523 26
1524 465
1524 866
1524 493
1524 1146
1527 533
1527 1422
1527 776
1533 1517
1533 82
1533 1206
1533 1332
1533 300
1533 294
1533 73
1533 355
1547 603
1547 1481
1547 169
1552 1438
1552 626
1552 131
1552 916
1552 79
1552 269
1556 1036
1565 517
1565 775
1565 817
1565 579
1565 89
1565 1473
1565 73
1566 1101
1566 76
1566 1395
1566 730
1571 730
1571 27
1571 131
1571 300
1571 233
1571 299
1571 383
1571 1589
1571 1481
1571 174
1571 142
1571 502
1571 754
1571 608
1571 1317
1571 1230
1571 136
1571 911
1571 78
1571 33
1571 470
1571 929
1577 955
1577 278
1577 1142
1577 1006
1577 108
1577 355
1577 579
1577 1034
1577 172
1577 1473
1577 517
1577 754
1577 1458
1577 817
1577 12
1577 82
1577 794
1577 73
1577 834
1577 381
1577 741
1577 390
1577 972
1577 384
1577 173
1579 1324
1579 427
1582 838
1589 1571
1589 1140
1589 108
1589 1594
1589 576
1589 179
1589 1204
1589 475
1589 26
1589 560
1589 1230
1589 1092
1589 116
1589 1101
1589 294
1589 161
1589 581
1589 1345
1589 673
1589 173
1589 1470
1589 1492
1589 1473
1589 817
1589 1371
1594 1589
1595 650
1602 1161
1605 1169
1605 1158
1605 26
1605 885
1605 624
1605 1523
1605 96
1605 1093
1609 74
1611 652
1612 1457
1612 1396
1614 294
