588 30
375 378
209 445
426 297
353 371
245 538
425 543
149 44
494 318
246 59
149 109
511 684
259 272
149 397
59 44
199 430
190 383
425 227
439 396
299 667
126 102
244 702
67 616
245 390
244 80
369 479
599 528
37 651
177 4
666 631
299 349
245 255
62 32
137 26
242 314
425 454
575 15
684 657
481 614
612 21
583 564
612 527
481 29
562 699
599 624
325 86
439 488
62 296
106 483
435 372
593 415
199 238
533 346
369 359
109 632
177 166
127 603
425 702
21 532
425 497
273 252
173 130
201 128
311 284
624 145
300 566
433 381
119 295
58 65
611 318
244 652
534 486
70 323
70 176
556 480
311 386
567 625
425 236
537 377
569 418
524 599
612 125
8 320
177 421
502 436
511 390
680 447
70 67
532 340
664 644
532 318
628 483
369 228
498 284
282 370
33 262
622 144
201 215
518 670
406 615
137 489
537 45
623 152
325 102
518 335
364 100
650 486
79 560
245 539
173 68
209 299
605 405
59 82
238 232
299 504
623 434
119 308
430 283
533 111
149 686
692 65
516 244
547 481
2 684
652 592
566 579
244 316
583 453
352 214
409 479
533 490
149 28
561 683
459 333
287 202
246 179
411 616
587 114
680 245
247 554
58 203
668 686
556 424
375 49
434 381
100 693
245 488
287 702
293 214
238 562
145 341
569 307
15 164
149 358
247 379
411 487
696 579
238 267
395 554
439 690
375 265
201 36
301 426
37 691
325 636
439 39
402 596
583 168
106 109
109 521
612 131
623 325
305 10
477 390
271 562
211 454
364 653
48 250
628 48
497 603
599 576
547 526
125 553
652 456
636 7
149 347
481 44
275 423
402 537
664 12
60 191
2 452
145 88
125 1
2 304
481 307
481 358
481 447
177 521
15 100
58 107
247 200
190 105
199 548
575 147
149 613
352 86
628 267
430 145
502 470
508 155
37 447
79 61
406 144
177 614
275 167
375 93
518 562
636 105
435 205
566 321
556 58
59 64
433 458
330 615
42 578
364 344
537 525
482 374
137 620
37 610
628 683
547 203
62 258
547 565
456 33
497 253
194 117
100 539
359 29
628 266
614 122
109 373
502 144
60 257
534 242
434 260
589 629
636 678
70 450
305 599
353 557
48 541
194 591
395 372
79 289
409 115
238 455
37 609
453 91
100 67
576 152
246 221
275 365
199 230
569 338
92 25
501 249
501 661
259 331
589 33
100 10
402 269
588 158
246 163
547 295
623 443
311 478
70 295
58 504
511 333
311 499
8 49
177 18
57 566
516 305
224 472
238 308
433 217
352 110
684 153
502 479
426 472
301 459
497 578
588 215
532 574
561 278
273 632
611 493
299 33
224 402
523 284
605 283
680 93
72 492
611 42
456 127
190 512
650 143
359 180
624 485
587 480
652 241
364 175
430 697
59 383
311 34
508 74
275 155
211 395
62 226
494 119
2 462
287 640
502 74
458 653
57 103
642 376
516 461
614 220
562 263
190 669
404 84
238 488
247 454
502 545
516 114
106 320
305 407
498 119
534 184
477 147
2 103
611 470
501 68
458 301
79 237
502 632
612 332
259 52
127 482
567 375
60 563
273 375
494 55
15 266
273 269
534 479
652 128
668 524
100 176
126 397
118 554
554 253
72 57
209 15
37 67
246 372
359 485
246 231
511 198
494 175
305 63
364 422
37 26
238 675
567 67
404 458
532 650
245 89
668 100
508 199
494 591
238 241
481 65
409 303
177 84
369 687
583 140
497 571
612 313
411 258
684 133
508 670
554 519
284 607
518 310
244 664
409 170
33 441
561 400
622 222
33 163
72 173
238 493
92 476
145 93
435 400
589 62
126 579
118 153
57 484
588 628
636 288
21 31
311 348
119 647
247 142
29 237
680 222
523 470
636 489
501 55
8 58
42 592
330 530
650 601
547 100
433 676
668 361
305 331
311 426
406 223
587 460
299 120
692 346
494 340
39 446
458 74
72 588
518 306
203 634
8 380
576 13
620 438
477 113
411 385
238 636
477 71
588 128
456 4
119 303
453 139
692 266
404 574
692 167
330 594
352 142
259 253
430 700
293 345
518 407
583 253
434 338
190 452
459 653
583 608
620 340
502 137
668 475
126 664
406 76
259 550
119 416
245 546
67 294
330 360
501 595
299 12
494 223
92 486
300 439
524 141
537 9
259 24
508 341
434 210
628 123
620 537
139 88
395 660
566 624
518 66
622 535
33 351
588 287
556 586
37 589
311 403
21 584
435 130
561 507
587 542
435 440
547 340
550 426
494 28
100 341
126 317
58 550
587 495
518 274
498 518
612 560
611 459
199 551
59 689
119 348
275 513
642 567
668 161
434 124
547 254
628 385
173 165
230 233
118 286
173 552
59 251
293 94
524 553
562 514
369 658
293 270
59 532
173 702
238 608
106 65
406 231
547 359
406 19
209 460
109 51
561 529
611 579
518 210
67 352
199 240
299 326
224 376
523 491
622 213
21 104
588 89
425 77
33 342
406 696
139 172
57 406
352 66
550 492
562 113
434 539
244 22
60 615
575 297
39 675
72 371
576 561
125 487
587 623
57 485
127 215
42 414
100 112
532 434
566 352
273 283
425 549
242 298
39 603
137 613
118 125
190 142
482 239
359 593
426 281
511 374
126 118
458 378
664 325
567 575
92 621
238 546
680 157
605 584
352 79
532 50
494 579
650 604
556 37
62 693
611 272
587 323
118 664
244 648
8 580
556 663
29 128
238 84
628 108
275 517
459 356
353 517
106 374
494 672
149 377
497 8
42 430
562 637
680 273
583 519
453 688
406 596
459 396
244 58
518 476
550 561
533 28
430 354
246 564
532 568
330 326
534 702
60 336
245 626
409 656
554 239
612 628
537 189
524 197
453 659
59 701
636 226
666 145
137 384
8 41
287 567
325 238
271 393
411 295
299 345
230 67
642 453
2 186
139 179
287 82
589 198
599 508
299 116
611 74
611 679
561 254
618 6
224 155
666 374
369 587
425 128
246 267
636 609
70 55
287 512
325 228
434 379
70 588
494 390
680 537
434 33
498 512
426 627
532 58
287 364
618 186
369 696
434 658
375 692
173 204
589 644
305 460
636 658
426 559
92 78
21 531
72 157
375 317
612 665
72 91
533 702
271 431
439 117
561 188
79 515
620 598
666 246
8 426
359 327
567 576
149 474
508 220
33 512
282 613
477 407
57 640
325 401
119 424
311 174
537 421
435 129
275 262
614 268
194 466
282 670
406 556
664 369
301 149
173 413
79 390
8 277
353 408
566 483
477 68
209 125
127 227
482 330
482 377
173 662
246 412
556 588
126 548
511 292
109 362
406 306
39 477
532 281
502 67
21 668
518 415
561 17
561 460
58 300
692 428
696 318
409 385
311 505
497 125
411 545
459 310
245 476
293 6
230 221
684 361
106 162
259 171
244 160
8 561
300 654
369 622
37 605
301 300
246 628
230 252
623 589
459 342
301 128
533 419
430 110
583 201
173 516
605 373
119 58
435 274
100 272
593 13
409 475
299 319
300 306
642 493
453 10
618 46
554 375
190 493
126 207
684 160
692 647
39 117
516 177
369 423
599 343
664 526
481 340
556 523
425 452
569 116
622 479
224 151
201 186
100 612
201 124
311 299
79 54
201 498
119 570
652 425
554 430
696 290
39 276
523 271
275 358
42 678
395 273
201 90
284 599
402 564
211 594
137 380
246 303
42 369
411 555
244 441
72 144
508 374
149 216
501 650
583 557
692 194
299 548
434 594
247 678
620 102
547 171
100 314
562 457
537 482
406 20
508 241
458 143
190 277
430 70
177 477
8 577
426 598
238 384
524 79
293 298
642 655
561 522
259 575
664 643
623 490
70 480
439 273
623 277
498 361
518 676
532 278
650 59
247 196
173 20
15 484
79 321
668 147
508 527
692 75
137 404
48 158
119 105
587 498
37 217
145 563
684 37
79 407
502 419
459 175
106 571
482 306
494 451
567 131
566 623
21 534
589 502
692 30
8 434
618 154
273 239
137 242
524 26
230 694
567 611
284 239
177 544
92 360
434 186
498 306
230 632
562 540
612 644
587 486
37 275
79 336
127 660
15 477
494 115
459 95
67 487
435 94
199 95
439 114
588 2
230 625
482 164
246 471
534 501
611 556
561 121
273 422
508 99
618 499
2 316
620 423
209 650
650 259
92 6
696 55
532 579
575 157
173 277
433 470
284 537
537 598
411 663
100 489
406 40
426 659
614 269
624 305
569 32
139 235
556 613
576 458
587 287
224 643
501 694
439 142
532 572
199 527
547 345
325 488
614 373
177 681
498 661
209 520
275 442
575 60
508 280
311 382
511 369
21 474
426 646
353 295
576 89
137 304
516 54
611 543
149 197
524 625
435 392
575 666
82 367
369 316
612 42
70 607
293 650
57 623
642 132
620 321
561 9
435 575
459 209
605 668
684 392
275 127
534 438
284 5
692 70
611 339
497 668
305 131
620 496
554 589
566 615
2 502
523 427
692 363
501 562
67 694
271 141
109 130
209 351
453 436
680 463
246 365
57 443
211 76
58 305
92 596
537 295
554 233
275 353
259 698
498 25
498 451
238 280
137 586
275 95
680 406
618 598
588 425
106 308
119 406
404 498
532 666
508 13
556 685
583 278
524 211
561 564
622 120
42 225
247 54
275 587
458 448
58 655
177 483
567 559
194 685
680 376
589 498
39 703
273 63
624 264
245 699
425 303
612 663
242 644
67 349
458 116
109 491
439 212
287 693
364 128
497 460
145 450
173 533
576 404
58 376
62 203
118 434
406 287
569 674
433 607
569 24
554 28
575 2
550 296
127 122
622 539
404 467
612 697
612 693
242 18
194 572
238 8
299 564
628 487
190 297
173 336
139 63
72 655
652 249
273 203
566 231
70 522
58 118
127 81
230 85
668 659
458 591
149 552
508 255
583 450
433 654
511 685
79 80
537 535
453 445
244 655
199 412
497 54
588 192
680 261
271 453
126 561
352 326
523 110
109 162
508 549
612 575
109 143
201 665
426 204
516 498
518 448
494 608
411 308
59 305
576 439
575 589
618 123
666 598
402 409
190 115
623 699
59 198
599 532
511 222
33 125
588 548
330 262
305 437
611 498
434 456
301 311
668 554
569 437
39 466
301 135
293 516
477 545
537 517
587 362
60 684
284 472
622 651
119 221
194 36
404 12
404 651
430 501
458 703
511 31
554 453
37 503
583 350
199 698
15 192
477 495
72 664
15 22
477 273
650 653
516 604
301 182
433 441
15 653
636 533
402 219
271 512
109 306
508 210
456 196
8 303
435 587
70 78
8 105
300 610
247 602
305 325
611 536
230 173
284 570
404 299
583 364
305 49
593 480
426 126
518 254
364 191
569 582
477 624
477 293
126 131
624 149
406 366
42 130
109 262
453 400
57 414
409 285
119 585
287 298
301 680
550 304
137 584
684 242
587 459
209 113
33 601
575 249
612 421
409 139
508 511
209 372
60 665
547 451
37 671
352 517
211 629
305 276
430 307
177 447
611 109
562 475
533 505
497 338
589 556
127 570
459 255
119 650
353 151
532 134
482 212
203 346
453 649
209 165
664 335
556 398
684 583
696 578
282 563
409 72
125 289
409 489
411 656
8 160
194 262
118 460
203 604
259 170
576 448
696 571
532 553
8 693
224 74
547 268
305 440
247 285
230 682
364 703
402 48
353 333
82 248
203 110
611 633
567 194
439 645
42 421
642 70
58 475
199 266
623 89
139 130
458 48
566 439
482 319
177 634
375 346
406 147
125 375
137 259
273 80
245 496
29 81
273 534
230 520
409 95
516 692
92 635
482 357
2 472
57 500
624 48
230 66
425 597
611 398
533 552
567 291
575 154
599 52
430 284
556 525
453 30
411 147
583 25
245 422
537 417
275 620
299 40
425 515
411 693
293 515
404 654
620 381
642 85
652 148
230 205
29 644
562 324
284 72
534 96
311 58
524 503
109 702
8 651
623 156
139 154
650 226
518 436
589 453
106 179
481 80
628 146
59 638
242 619
569 259
453 135
402 105
8 488
614 503
684 533
273 390
118 283
244 104
282 75
628 339
118 376
523 56
567 638
330 512
404 668
456 555
628 455
364 533
618 543
29 614
624 581
100 475
680 514
201 141
2 584
439 672
511 466
589 47
79 492
201 62
137 309
190 596
42 242
614 427
395 27
696 14
501 559
353 613
439 308
537 436
60 231
533 227
275 647
33 73
692 135
273 149
430 155
273 551
199 402
583 357
433 111
126 595
439 446
458 526
587 570
59 293
242 262
244 195
305 698
624 117
209 474
284 213
325 695
498 249
353 472
42 299
244 343
537 363
481 363
145 98
203 199
612 503
29 342
293 418
395 221
684 310
293 219
271 29
238 602
411 620
300 396
550 258
39 98
402 146
70 436
599 289
624 30
650 402
29 335
299 498
127 643
650 208
199 473
82 515
576 286
177 594
100 350
556 53
605 690
556 333
534 673
92 174
411 98
623 118
245 186
15 703
284 289
566 565
497 407
352 523
516 397
359 489
508 541
109 584
275 137
587 299
459 681
59 16
652 687
245 391
459 427
605 123
330 477
369 377
599 73
211 276
501 529
145 132
70 101
211 104
293 549
562 150
62 350
692 159
684 237
404 646
482 218
642 333
247 478
201 396
203 629
284 88
125 655
79 257
42 342
547 206
203 403
642 241
575 475
611 353
139 499
680 518
109 626
642 81
406 352
534 14
119 108
70 466
149 214
664 500
305 60
39 616
575 596
119 81
534 601
311 295
284 311
534 135
569 274
547 221
569 322
537 239
430 620
242 71
576 96
177 543
190 615
300 205
70 496
624 578
199 272
287 372
330 115
173 665
57 603
300 230
37 249
242 617
537 146
576 146
118 503
588 679
583 389
325 644
684 119
588 249
375 337
508 408
605 212
109 55
29 609
666 104
620 594
67 98
194 39
39 376
194 215
569 14
575 538
547 656
498 329
692 180
305 80
622 323
550 584
502 65
70 110
194 473
434 88
533 636
173 699
611 389
230 411
127 400
58 499
458 663
287 259
453 426
82 603
127 571
190 136
523 156
554 66
508 246
311 677
433 309
533 573
273 157
453 287
554 306
301 222
593 297
561 680
439 96
126 500
664 260
611 664
435 674
425 347
194 366
79 138
246 106
311 510
430 622
59 184
583 496
533 581
622 256
118 403
668 183
271 311
37 358
48 75
494 58
409 643
395 430
125 226
532 382
623 513
614 138
2 580
650 466
242 337
15 222
642 540
692 443
516 347
359 263
106 578
209 7
364 262
82 359
588 154
82 464
459 518
190 276
523 304
259 274
435 312
301 33
612 336
650 106
456 552
67 595
481 270
575 216
425 439
62 301
92 114
498 93
534 330
82 40
618 226
477 511
230 434
375 488
433 444
533 356
145 350
434 649
199 120
230 515
684 206
456 68
119 173
246 262
42 608
583 565
680 57
511 330
8 202
458 593
311 535
404 190
242 244
300 599
458 138
567 449
482 334
453 540
92 268
516 518
353 301
37 519
533 399
8 505
501 664
518 544
119 389
652 542
173 18
566 123
139 289
190 229
566 402
82 680
482 485
70 167
523 418
498 521
79 602
353 107
59 594
33 542
224 89
395 461
301 14
79 254
576 318
145 76
599 234
668 523
247 58
353 199
364 516
199 217
518 224
696 80
39 263
352 70
330 283
624 162
666 113
620 541
567 5
190 0
567 320
664 501
435 135
330 415
433 318
599 37
203 54
246 285
359 683
287 78
247 600
599 555
224 497
583 528
652 512
119 192
245 379
587 556
395 432
537 231
194 700
612 342
79 144
605 14
126 75
481 361
118 687
434 134
247 445
456 527
190 320
353 275
533 125
668 483
547 500
375 639
636 505
680 431
199 621
434 112
554 435
550 564
42 480
72 358
59 199
311 234
238 17
293 35
652 173
224 90
238 42
137 152
301 576
119 345
284 677
411 155
67 407
537 611
299 338
293 319
576 457
652 510
109 65
628 23
523 515
518 512
547 553
230 512
211 208
614 505
145 325
411 234
119 146
684 606
177 302
330 674
569 132
201 698
42 278
532 573
589 662
576 590
39 529
411 56
575 647
502 44
537 261
612 330
305 344
502 557
62 213
137 417
109 496
244 483
271 199
2 455
532 662
547 554
311 364
624 490
494 78
680 477
59 4
300 490
369 393
501 140
409 702
364 487
125 558
60 595
534 597
70 577
139 217
82 411
411 352
497 271
614 91
623 498
330 600
305 94
680 610
587 429
173 434
209 335
508 172
556 569
532 536
57 305
426 620
364 36
684 356
299 570
149 220
100 70
173 654
126 220
70 406
567 365
498 179
402 174
58 555
364 459
624 509
664 636
203 149
666 319
477 93
623 612
39 599
325 39
245 233
273 660
411 31
561 429
259 29
411 219
48 150
119 278
692 50
299 159
547 687
636 349
271 195
554 362
325 129
62 274
481 168
39 353
575 308
516 229
494 76
375 640
238 125
567 455
209 559
118 597
458 177
481 52
246 227
611 312
696 673
456 333
502 422
271 491
614 439
82 426
375 172
242 144
70 39
353 105
42 517
456 238
244 250
664 379
244 278
435 693
305 330
605 122
70 585
246 478
15 473
82 691
561 651
209 356
109 256
300 249
67 534
359 389
511 237
561 298
642 381
364 0
59 276
246 630
2 253
458 28
433 702
497 655
409 193
426 299
406 686
119 518
173 703
567 191
664 210
293 425
301 134
242 133
550 99
137 582
547 116
395 442
353 331
612 251
550 48
556 273
293 338
62 246
547 225
406 148
139 642
642 561
353 522
599 76
353 416
287 442
325 418
459 104
118 165
82 423
666 564
39 638
247 408
482 500
650 590
299 586
666 348
482 94
259 671
516 14
352 492
664 368
642 5
33 238
301 69
477 376
119 456
100 430
395 363
100 7
369 157
145 575
353 251
244 269
282 656
589 266
58 630
533 6
299 382
173 421
149 693
624 163
652 568
72 230
430 96
293 268
92 423
435 291
556 68
501 513
125 644
301 598
359 628
100 593
149 111
149 485
60 464
534 49
42 62
650 382
650 401
612 81
588 74
57 381
696 245
72 494
100 205
618 519
696 130
588 373
620 399
287 610
271 8
92 22
29 177
636 497
375 533
325 190
516 576
275 576
359 355
426 622
106 306
247 387
273 416
406 569
556 210
29 586
57 343
623 424
494 388
611 170
375 140
42 264
284 309
246 187
587 146
624 539
259 684
550 672
48 646
588 553
612 328
224 383
614 100
230 648
109 265
611 234
353 550
518 389
426 323
537 678
62 634
611 265
589 124
524 683
477 274
404 91
404 165
33 94
79 223
614 475
125 701
230 514
680 125
299 297
402 16
434 231
650 267
497 467
305 490
259 217
190 599
402 337
425 614
125 227
119 515
119 77
177 539
119 666
15 695
433 391
497 696
8 372
305 642
430 196
523 446
587 324
42 86
561 235
37 159
433 336
425 602
395 86
508 375
70 462
636 414
409 580
533 575
502 135
554 174
271 293
498 433
118 588
576 330
48 599
612 323
523 567
106 594
481 83
15 690
271 391
576 105
330 71
92 411
224 507
612 538
482 148
524 461
59 115
533 299
439 63
293 330
430 695
230 30
137 165
395 532
359 522
612 678
614 583
566 90
612 594
532 604
375 534
100 318
497 241
680 654
325 553
8 28
118 297
481 324
375 703
149 620
668 654
622 656
605 117
127 64
330 417
516 427
668 514
516 61
2 100
516 319
126 441
60 355
311 129
636 143
511 398
494 428
62 205
275 336
282 58
300 308
623 226
62 439
406 613
273 158
628 327
59 552
533 564
562 92
588 357
561 280
42 15
70 414
624 563
696 142
57 382
59 273
39 387
614 411
199 685
511 276
125 167
173 229
481 464
569 495
137 126
300 441
37 236
550 599
434 191
244 68
209 638
523 144
494 86
62 135
177 458
201 24
242 650
364 657
501 184
642 683
353 604
109 647
481 700
668 418
459 241
72 301
245 214
353 20
588 464
301 85
194 273
100 573
242 265
524 254
508 167
211 474
246 688
456 213
537 623
42 151
311 249
275 427
620 603
42 19
305 576
533 473
404 185
369 655
273 571
508 208
106 61
511 307
305 229
287 684
426 499
145 293
433 358
628 418
650 41
79 441
173 271
587 118
37 306
42 377
330 440
369 500
680 251
242 609
566 207
42 112
561 674
300 146
29 305
244 119
173 627
666 505
497 272
230 238
589 9
224 677
501 442
532 336
282 11
537 609
534 656
561 133
502 4
72 559
209 230
614 482
497 519
287 170
518 444
680 423
177 51
576 236
532 634
300 110
642 255
599 671
259 466
300 476
59 534
498 658
458 617
534 109
518 320
533 630
433 166
119 26
620 56
194 595
569 233
561 450
299 257
57 100
224 672
532 420
680 500
21 520
696 502
224 2
245 14
576 494
194 613
100 355
611 574
589 298
554 1
238 452
430 387
532 349
259 194
636 119
284 488
409 494
352 288
516 124
652 328
430 667
652 23
587 561
618 353
293 633
692 619
127 194
325 17
211 619
593 234
48 197
203 40
8 613
458 269
109 180
177 94
494 423
532 263
628 433
173 341
624 13
494 33
409 91
60 694
59 200
518 19
562 383
353 30
435 303
82 148
611 293
395 222
359 428
561 500
194 266
82 19
652 102
246 423
300 126
79 331
311 46
611 569
330 644
624 637
299 692
293 569
199 300
696 92
502 249
556 392
271 575
453 702
605 433
230 108
453 64
21 185
501 348
692 56
8 94
244 528
664 225
369 257
494 382
497 14
567 626
575 531
325 150
194 511
434 322
550 102
664 124
359 437
190 373
60 387
42 251
589 2
145 61
238 552
118 653
511 146
271 106
497 240
614 450
325 630
575 109
37 295
406 237
149 266
569 622
300 193
425 198
406 536
666 403
435 569
224 642
119 462
109 580
300 365
245 15
589 394
434 54
434 668
273 498
224 703
139 469
425 185
402 324
668 233
259 629
501 167
58 487
518 556
118 318
532 357
511 84
72 411
37 308
79 291
642 116
556 80
622 672
118 293
576 602
508 605
353 552
282 638
119 329
273 417
426 236
477 643
561 551
330 171
60 697
246 245
618 662
497 52
511 519
48 320
37 291
550 695
642 667
364 394
502 643
203 204
614 231
273 685
498 192
501 439
199 526
425 52
614 64
498 516
666 547
533 447
139 556
494 203
145 319
497 485
284 679
623 33
369 432
82 475
406 367
605 550
537 329
614 167
593 370
623 170
524 360
247 642
497 427
57 497
15 605
664 337
502 125
118 550
273 16
624 187
301 392
2 311
29 587
126 272
238 442
242 520
556 522
411 690
177 493
680 15
459 411
106 194
224 674
247 657
70 48
624 90
364 402
238 235
300 360
244 217
242 187
411 236
666 495
511 479
453 435
273 290
618 152
82 414
60 543
106 382
566 562
194 90
575 555
125 340
330 139
352 613
145 249
127 162
299 642
369 379
190 598
106 380
60 417
58 299
15 265
636 282
118 356
301 425
62 581
482 658
305 362
523 67
287 40
556 630
293 209
593 217
623 392
125 277
238 489
411 130
523 141
481 81
599 518
119 206
299 75
126 231
247 100
230 43
532 636
137 381
72 311
364 122
482 657
482 684
209 216
118 200
589 148
622 17
587 183
369 187
199 546
287 137
556 533
481 33
125 394
518 462
57 355
666 473
402 195
680 4
576 355
67 508
406 691
561 609
353 290
194 660
224 505
325 444
501 36
612 419
139 696
203 628
402 379
72 541
566 217
139 511
39 84
359 619
301 239
567 358
126 83
58 388
100 548
199 415
359 123
37 489
72 182
139 599
247 670
92 631
426 181
139 402
57 202
330 133
411 660
42 640
2 204
562 590
211 695
39 646
497 24
456 205
177 622
650 141
502 37
118 555
62 454
588 87
569 629
623 535
246 473
375 333
79 335
439 54
642 355
273 402
2 540
511 240
482 192
301 666
177 16
425 319
593 241
618 473
287 514
57 647
395 525
62 109
696 31
425 16
139 288
293 586
149 295
456 464
79 216
177 440
433 542
481 512
605 703
119 86
37 131
562 362
201 455
537 148
605 39
39 509
353 150
593 427
588 419
58 26
569 40
458 313
556 498
458 633
624 178
42 332
137 320
244 101
477 244
139 216
126 137
201 20
402 413
534 468
404 14
425 321
284 662
364 461
246 47
622 421
692 152
508 463
190 650
498 359
301 603
190 47
501 198
556 126
57 601
433 329
623 120
696 331
684 126
127 444
118 252
623 566
599 538
411 538
8 205
434 26
456 575
567 466
434 183
48 667
523 405
666 501
618 514
194 160
575 398
501 150
125 548
402 87
494 644
79 607
533 117
680 571
537 666
668 204
593 62
33 701
177 153
305 70
284 623
593 670
588 400
650 131
453 450
482 416
271 693
589 423
375 628
33 226
583 81
127 25
282 467
569 684
583 195
39 93
246 149
494 659
145 159
8 503
284 324
299 664
576 24
453 160
566 584
109 666
459 66
453 637
58 254
224 520
79 68
209 191
109 320
271 96
15 401
305 191
599 471
593 573
481 643
524 404
8 151
242 354
201 324
106 681
375 412
118 667
72 82
666 441
79 43
79 658
109 194
567 318
127 143
284 11
137 655
126 204
439 72
352 75
293 424
692 103
82 169
126 614
628 453
352 447
562 33
352 541
411 284
72 651
680 113
118 448
106 400
453 317
588 622
620 530
59 14
70 426
614 645
246 350
624 41
518 371
550 378
247 17
125 567
576 495
201 649
516 49
501 156
534 276
562 599
692 59
203 213
271 458
203 640
48 436
575 333
311 335
680 316
209 503
561 126
330 281
194 304
624 100
434 686
305 32
70 501
48 40
246 311
458 632
494 250
532 584
426 210
125 578
173 213
599 243
588 664
242 61
230 35
494 140
369 585
259 505
516 113
247 49
246 352
406 9
426 71
325 99
696 570
109 645
203 630
402 398
275 328
562 385
58 565
211 71
57 460
532 377
562 363
127 577
628 608
145 625
502 317
537 576
15 451
246 575
567 669
587 655
567 485
137 17
364 261
119 227
524 147
534 29
118 346
247 245
696 85
668 119
497 538
554 398
311 625
628 695
481 171
137 9
583 490
42 65
599 7
433 129
39 29
244 232
611 632
459 695
534 693
537 680
48 105
353 446
299 544
284 43
588 70
29 617
352 542
523 147
456 665
642 607
67 64
92 666
402 432
109 468
242 315
139 543
516 262
8 394
271 201
684 197
67 678
650 516
481 202
566 576
511 273
524 667
550 196
395 643
482 584
547 338
364 467
518 429
611 86
149 326
224 432
612 58
477 516
524 317
82 504
244 196
57 95
173 399
550 580
533 64
430 146
426 544
299 287
628 410
126 494
620 599
118 364
247 428
501 459
60 496
453 479
583 625
550 664
666 48
67 337
605 341
287 370
614 511
589 660
642 573
481 373
67 359
508 273
60 377
652 499
42 601
518 530
173 63
224 457
72 12
67 177
106 119
325 0
100 481
652 107
664 489
404 18
684 487
664 535
67 139
575 274
620 593
508 612
623 438
589 3
404 229
287 145
273 14
42 407
8 645
139 694
190 390
614 593
211 609
301 446
532 575
82 686
511 258
137 399
623 361
547 386
524 515
300 263
502 493
194 452
497 159
39 297
60 215
67 190
305 565
459 462
533 265
516 487
149 169
247 18
561 479
566 538
567 257
325 372
311 559
177 684
311 644
550 58
409 4
21 561
199 350
311 40
106 133
353 312
137 585
569 547
477 256
201 237
556 532
145 313
622 186
537 136
8 586
125 18
246 437
211 252
620 507
173 337
353 159
406 315
456 559
406 552
246 506
430 381
137 360
404 163
459 303
42 585
126 335
369 668
33 151
523 526
550 52
190 145
411 66
275 583
282 365
477 678
402 558
325 345
411 177
59 10
125 208
375 689
352 368
605 603
561 87
497 393
402 242
209 12
126 496
224 564
518 583
614 140
533 332
453 675
359 76
203 460
209 111
623 516
149 571
92 382
300 668
300 562
567 594
275 667
611 529
623 540
668 329
39 561
106 500
402 283
425 293
459 413
518 96
137 123
532 672
21 168
576 147
561 49
554 229
554 633
177 454
518 232
247 474
92 172
494 49
42 292
300 54
275 69
459 79
149 681
569 635
516 482
622 129
230 71
369 56
547 93
599 674
593 208
300 585
622 140
271 330
668 251
177 101
433 91
599 702
435 502
62 229
190 517
498 138
508 380
39 180
477 587
589 464
404 104
139 329
537 263
284 187
482 354
406 303
696 144
498 458
453 465
636 469
211 354
433 163
430 478
242 657
425 137
137 264
575 559
593 54
375 609
628 249
589 539
311 71
605 638
177 282
482 504
680 402
79 210
364 65
293 363
636 269
300 328
666 140
518 52
684 652
593 149
271 372
562 267
59 160
652 449
247 96
106 307
498 245
287 586
402 250
599 500
247 148
477 354
194 441
139 477
569 310
664 351
612 49
293 286
375 192
620 69
668 635
29 125
57 60
364 25
618 590
67 262
60 263
622 544
502 392
561 320
668 550
369 151
238 502
224 546
599 462
194 477
498 412
666 249
524 590
599 119
244 180
576 17
537 631
72 430
199 552
453 214
650 277
518 14
696 697
567 389
201 49
583 449
353 680
599 478
301 526
259 257
57 631
58 330
411 77
532 27
59 185
409 370
395 580
518 48
199 557
593 596
48 191
622 556
576 211
668 593
650 173
305 51
224 95
434 352
58 185
426 621
311 169
190 607
127 312
497 170
60 88
359 353
623 5
567 53
106 319
611 76
556 29
247 258
611 567
369 265
533 650
494 124
576 201
666 327
275 536
59 41
583 175
575 328
287 158
605 198
284 617
369 132
301 507
533 553
39 143
439 703
352 56
623 579
622 177
611 388
599 165
70 4
411 522
508 533
425 72
406 519
245 634
211 668
576 608
21 655
8 177
224 622
299 372
696 575
118 44
127 145
575 195
636 97
395 439
575 621
300 504
2 177
21 563
230 329
369 121
636 2
612 264
404 464
430 83
561 347
8 140
118 388
459 50
696 631
100 61
67 567
566 277
21 329
458 529
118 552
409 277
605 44
569 78
680 441
137 57
364 681
481 36
569 291
305 595
622 520
533 106
282 57
575 87
537 637
624 211
614 389
300 460
92 662
554 622
145 689
67 367
173 108
259 661
426 106
628 176
537 226
605 535
439 657
668 110
395 228
587 98
275 147
301 438
430 312
224 127
311 516
624 621
359 183
246 24
79 460
569 501
532 482
425 400
494 229
353 425
576 636
299 545
636 155
70 573
224 140
244 445
299 565
359 588
562 109
275 44
537 662
42 5
282 62
92 602
37 497
426 99
70 518
477 127
453 95
305 177
352 195
100 480
118 94
458 394
533 676
537 246
537 513
624 344
305 701
599 28
547 330
271 340
300 442
190 482
82 235
352 339
583 41
618 524
190 160
575 423
494 313
508 256
624 220
177 164
82 616
67 270
566 289
224 430
48 680
404 568
477 102
611 656
42 579
199 446
42 684
139 338
199 184
230 249
680 460
203 258
481 145
259 214
666 300
70 678
664 306
453 605
562 341
57 592
149 177
118 113
79 221
395 137
652 634
406 564
664 453
139 90
92 318
680 492
425 172
547 681
238 387
556 467
145 306
696 595
696 603
642 0
523 548
211 596
8 595
246 384
42 452
375 236
458 336
209 35
82 254
628 314
301 50
375 128
190 532
82 374
33 633
684 101
576 273
201 229
359 686
72 500
652 94
246 214
369 482
650 357
82 690
82 655
199 456
149 47
57 219
21 521
259 436
62 347
125 11
556 40
209 206
37 617
353 126
190 672
125 212
301 260
642 497
501 398
37 80
59 196
325 96
127 698
642 572
299 175
311 604
561 111
477 388
139 74
650 112
477 636
587 356
100 638
425 17
60 701
300 367
459 468
293 454
284 301
664 588
282 338
623 703
325 167
622 593
82 316
247 306
247 442
67 474
477 176
299 433
275 400
119 600
209 109
245 386
149 70
624 263
33 495
79 351
642 550
305 207
533 390
642 140
39 535
622 193
537 604
481 511
203 345
583 495
106 531
42 46
628 388
511 391
605 192
569 356
497 13
72 226
60 545
593 218
498 585
567 550
21 406
15 289
100 32
273 572
459 113
562 565
60 120
62 269
666 362
434 484
21 343
211 97
199 170
92 594
636 293
664 233
566 446
282 388
79 370
125 396
247 126
72 296
106 316
58 599
502 290
532 182
21 352
439 386
435 594
70 420
245 637
29 218
48 2
430 80
642 146
209 150
628 540
149 146
149 31
494 146
435 324
614 647
524 135
57 617
532 175
664 144
33 260
190 400
516 396
692 332
502 278
623 530
502 191
497 341
628 600
60 389
224 414
8 198
62 282
593 483
650 238
33 442
211 623
79 691
430 445
435 367
199 171
453 701
33 539
39 232
299 137
100 425
459 251
224 405
524 66
100 230
569 11
439 448
173 311
230 327
550 233
199 524
569 227
518 214
282 311
518 325
118 352
106 425
293 371
516 132
508 118
453 462
664 188
664 415
523 129
127 477
588 383
293 491
562 580
311 589
569 137
409 529
547 616
375 675
199 223
92 19
287 337
433 99
118 258
245 288
556 701
275 274
301 67
664 488
533 276
247 547
300 520
299 583
684 73
547 132
664 471
203 521
567 264
287 591
430 616
477 198
498 13
15 643
8 146
628 461
60 491
684 271
576 367
59 50
149 333
696 665
589 230
352 401
325 246
238 578
209 639
126 168
477 131
299 427
119 394
119 429
284 212
305 433
404 136
92 188
498 248
203 407
67 324
518 432
173 650
57 638
523 286
375 329
589 626
692 602
456 339
692 339
244 549
48 364
177 486
203 160
409 90
459 336
203 355
533 143
118 33
369 233
498 490
72 525
458 536
100 148
109 643
498 615
330 694
650 644
301 17
620 460
409 439
203 45
532 624
642 547
439 492
453 549
583 344
684 483
369 1
29 417
430 288
126 121
599 412
149 699
364 200
259 449
199 384
404 321
516 121
271 232
556 564
576 549
299 343
224 126
33 392
453 568
456 280
668 600
82 327
209 68
37 368
411 375
259 371
566 549
593 68
275 171
593 591
550 295
137 339
692 591
245 656
246 377
126 550
57 247
508 439
259 517
494 231
404 429
177 401
127 625
576 342
119 52
39 165
126 436
406 526
21 276
567 0
624 529
404 477
409 450
618 685
37 701
508 328
426 60
282 400
554 510
299 668
566 36
29 627
70 693
352 315
48 446
246 307
411 178
72 303
550 645
29 252
624 120
554 4
502 32
458 689
534 74
60 133
59 693
433 66
300 408
190 446
375 658
459 237
587 238
106 562
395 519
72 332
620 214
287 478
275 467
534 140
456 488
494 628
664 373
456 266
311 272
282 579
137 37
439 621
622 688
614 364
650 49
305 340
67 607
599 235
242 57
537 287
311 634
2 598
425 591
605 163
238 272
21 360
238 102
245 585
494 343
566 297
230 672
453 134
589 555
287 588
244 623
247 575
8 268
532 685
79 694
125 284
406 82
145 336
624 346
587 340
692 703
523 386
199 506
29 115
79 220
273 565
692 412
533 43
70 437
177 250
273 144
100 472
624 512
173 166
611 299
497 5
404 425
435 401
275 603
620 306
139 264
612 520
550 377
561 328
508 39
481 547
433 312
567 133
211 141
404 255
82 321
502 614
353 489
369 314
301 491
576 155
259 621
15 367
42 576
561 6
642 52
246 133
402 483
48 671
426 455
511 529
33 422
593 320
402 252
554 44
434 564
353 614
29 286
127 10
547 385
145 118
435 39
684 519
70 43
60 242
624 404
433 352
642 489
293 530
497 107
652 349
305 651
550 450
33 698
299 517
282 612
664 619
67 539
211 491
57 8
359 311
508 46
106 669
508 514
511 320
534 465
21 437
575 127
554 178
537 496
562 185
696 77
666 399
612 30
624 549
523 611
211 618
567 599
636 336
523 630
57 643
696 688
238 597
599 141
612 407
502 454
352 592
556 129
259 610
696 430
282 621
498 114
622 100
230 60
668 112
666 579
497 422
284 354
59 419
58 293
59 655
620 452
70 448
668 598
569 139
245 198
477 298
425 386
620 74
456 370
325 397
567 454
404 392
524 64
211 165
620 107
562 579
614 252
58 108
118 217
533 438
375 444
375 475
33 521
458 205
284 562
567 38
642 619
650 220
569 221
534 636
406 291
524 347
305 255
482 280
15 625
2 313
599 352
696 185
245 32
57 7
395 674
33 581
406 520
666 308
137 145
425 197
109 73
244 193
173 571
62 385
325 186
556 13
453 544
628 475
173 504
369 134
537 103
516 453
39 319
664 400
353 636
109 542
589 540
149 412
458 161
411 324
482 32
599 575
139 236
194 507
575 224
624 194
48 696
273 272
409 54
524 626
100 513
244 262
177 630
247 604
561 523
145 589
430 103
301 285
59 357
273 645
60 659
652 326
59 2
404 272
623 446
42 346
435 581
575 338
411 410
435 429
642 659
79 171
534 380
211 168
614 316
137 7
106 472
458 305
282 267
494 461
311 257
369 366
409 46
177 275
599 70
127 201
284 281
593 27
583 158
453 494
190 635
203 188
211 683
57 342
650 74
434 418
330 107
593 211
224 228
642 308
456 682
622 669
125 697
524 196
605 421
593 36
411 196
58 228
680 258
273 683
72 532
518 634
369 425
623 564
352 574
404 517
364 699
242 230
680 393
203 501
100 97
259 244
201 386
497 297
652 370
434 682
311 65
523 615
430 45
2 624
547 631
247 698
523 261
624 540
696 167
502 523
453 301
494 661
624 280
425 523
532 138
518 553
611 621
556 538
273 678
119 543
352 561
430 39
532 167
247 518
537 351
498 212
439 38
246 174
106 386
425 499
395 623
33 688
628 57
375 666
305 81
587 49
300 197
550 259
284 369
79 48
624 463
426 264
593 223
238 51
516 661
62 387
430 184
547 628
576 421
498 379
532 381
680 601
498 88
650 568
567 327
439 328
516 81
622 78
402 522
642 37
60 703
599 398
409 586
59 390
8 675
353 191
402 563
126 573
554 399
532 387
199 288
623 91
224 694
482 608
106 202
203 186
62 302
359 99
100 173
518 579
481 496
642 665
57 174
137 163
109 259
481 442
37 318
614 90
497 296
369 476
556 39
203 432
650 339
666 103
247 483
82 22
190 362
352 102
502 315
145 146
201 690
48 60
426 218
127 132
458 246
199 669
425 225
330 142
58 534
435 216
652 433
359 8
589 162
125 292
359 285
190 634
588 365
284 220
532 442
139 1
569 372
494 301
203 401
224 270
406 679
523 36
287 210
305 508
684 369
100 528
106 234
48 588
190 36
353 375
402 166
680 600
190 78
502 659
481 74
593 478
692 421
21 529
587 164
409 688
57 541
62 190
8 512
118 474
622 105
109 436
149 399
259 124
566 606
624 534
92 100
70 398
511 624
275 202
48 381
456 276
325 234
48 697
622 76
70 59
642 475
435 660
330 461
106 486
618 427
425 309
395 452
79 572
406 605
636 78
230 276
518 194
456 519
426 395
620 261
554 686
556 27
199 351
614 379
118 440
537 51
245 168
550 225
556 133
149 436
533 432
636 661
692 204
203 700
593 387
456 48
119 79
518 484
547 652
593 475
622 142
622 88
72 264
242 295
273 284
650 258
569 214
29 253
664 665
556 264
692 651
67 369
273 120
203 284
508 337
301 179
562 586
2 287
127 685
439 143
435 457
42 619
48 109
537 241
106 620
666 545
605 12
556 148
459 554
139 91
576 598
623 92
623 213
59 5
534 592
402 695
533 151
456 94
238 334
566 388
605 76
566 28
482 616
477 124
190 95
402 675
375 478
67 401
537 107
109 490
435 4
230 525
623 186
173 272
173 439
588 582
126 336
547 539
173 437
537 393
498 401
425 613
246 593
118 657
453 8
325 698
554 121
287 600
518 40
650 178
15 332
190 19
430 303
614 248
369 523
537 171
72 455
453 562
508 3
301 511
29 457
664 149
273 576
664 3
287 435
426 527
524 613
100 636
518 525
42 154
177 430
516 632
434 453
149 244
622 107
244 314
82 78
242 600
532 149
618 236
402 260
532 353
605 418
8 334
48 95
92 326
477 584
406 139
145 606
395 384
282 694
352 241
562 277
301 140
680 280
190 50
516 472
569 164
618 502
456 444
100 669
435 450
293 382
501 684
605 272
62 216
242 581
502 176
395 70
624 518
477 609
82 336
589 27
15 373
482 680
82 28
537 441
21 507
425 437
72 269
518 269
238 405
569 362
623 606
106 70
211 407
628 173
593 683
137 98
33 360
67 476
325 79
245 252
605 129
48 192
109 211
588 577
497 76
537 518
622 240
48 397
79 157
456 115
305 371
576 10
325 54
668 605
238 610
72 454
622 659
2 383
139 11
611 18
477 19
299 658
21 392
224 160
82 72
300 71
244 3
696 12
628 510
411 490
508 105
311 655
684 87
433 379
668 613
425 59
330 64
588 157
177 575
402 519
502 452
177 80
62 67
211 423
433 276
70 213
406 509
62 517
628 394
199 43
508 289
550 6
201 362
589 456
271 644
293 87
508 627
72 199
119 210
547 233
126 309
588 232
57 587
458 354
242 410
569 655
246 198
550 571
79 559
684 117
411 435
284 434
82 570
587 436
666 444
532 400
190 214
458 675
330 353
271 6
58 509
21 661
664 101
325 676
456 393
650 82
271 185
199 634
194 585
623 701
238 329
209 268
439 167
567 165
562 117
293 247
537 703
62 230
224 444
588 545
550 703
92 703
273 563
650 409
62 596
692 477
439 498
375 249
650 167
498 425
33 191
259 45
652 414
59 161
60 281
48 327
395 504
668 518
375 541
299 563
2 194
550 203
58 140
406 464
622 560
149 435
224 87
426 191
352 167
650 612
364 258
62 552
434 490
21 680
230 637
8 403
259 276
364 493
534 180
211 320
8 398
620 682
177 392
230 194
588 567
59 626
79 129
259 600
230 287
224 258
300 512
533 450
242 346
680 311
203 670
271 535
58 262
620 127
244 363
481 78
48 212
614 232
537 455
562 90
404 564
48 1
605 521
72 615
556 444
497 204
37 162
599 451
375 123
425 264
127 222
668 135
62 449
409 141
593 375
624 584
201 437
459 593
502 141
271 610
481 225
70 234
59 678
516 693
33 663
92 113
511 13
550 32
305 254
82 106
453 258
614 382
628 3
668 253
203 699
119 314
623 410
524 264
395 304
620 312
456 543
406 408
60 152
666 671
433 355
282 262
425 579
287 60
501 699
245 464
72 441
245 178
284 478
8 363
668 703
620 327
33 77
21 577
561 534
92 517
139 355
62 418
622 420
477 689
668 607
72 508
624 14
666 623
395 84
70 58
299 89
273 445
62 204
177 495
533 90
301 592
561 478
311 633
628 51
8 478
330 540
284 482
680 312
194 586
359 452
300 91
433 569
21 194
203 587
692 661
190 130
508 602
477 475
588 292
149 687
369 492
359 481
48 27
508 333
2 134
439 261
498 340
106 524
456 181
79 364
106 295
589 659
498 399
599 176
642 94
33 619
