2 680
2 218
15 609
15 185
15 326
15 110
15 186
15 524
15 698
15 153
15 155
15 343
15 565
15 258
15 220
15 263
15 590
15 620
15 490
15 482
15 372
15 687
15 82
15 548
15 442
15 95
21 509
21 56
21 611
21 335
21 201
21 92
21 93
21 686
21 203
21 18
21 257
21 137
21 516
21 672
21 247
21 404
21 356
21 41
21 408
21 54
21 453
21 244
21 597
21 144
21 364
21 385
21 586
21 477
21 458
21 454
21 599
21 79
21 39
29 48
29 545
33 427
33 330
33 359
33 37
33 477
33 282
33 602
33 115
33 459
37 477
39 161
39 70
39 479
39 395
39 92
39 459
48 34
48 482
48 29
48 352
48 203
48 640
48 524
48 224
48 293
48 395
48 609
48 100
48 82
48 21
57 516
57 127
57 668
58 545
59 20
59 326
59 30
59 129
59 352
59 508
59 657
59 592
59 6
59 268
59 150
59 482
59 240
59 507
59 308
59 106
59 43
59 683
59 652
59 664
59 91
59 395
59 22
59 178
59 153
59 242
59 103
59 418
59 682
59 391
62 533
62 31
67 556
70 11
72 395
72 210
72 511
79 203
79 21
79 652
79 463
79 511
79 174
79 616
79 100
79 39
79 439
82 565
82 232
82 620
82 699
82 253
82 230
82 285
82 293
82 389
82 482
82 213
82 667
82 186
82 548
82 590
82 95
82 31
82 442
82 524
82 609
82 326
82 185
82 372
82 490
92 352
92 257
92 335
92 592
92 21
92 137
92 201
92 255
92 93
92 56
92 454
92 463
92 203
92 282
92 599
92 664
92 54
92 502
92 685
92 408
92 363
100 33
100 262
100 672
100 174
100 224
100 310
100 459
100 189
100 203
100 48
100 128
100 629
100 556
100 503
100 21
100 416
100 179
100 657
100 691
100 492
100 401
100 54
100 453
100 311
100 586
100 18
100 199
100 30
100 123
100 275
100 616
100 79
100 484
106 502
109 564
118 680
118 556
118 109
118 133
118 10
119 342
119 430
119 299
119 576
125 363
127 21
137 458
139 640
139 158
139 352
139 226
139 359
145 425
149 282
149 502
149 514
149 458
173 39
173 280
173 30
173 48
173 494
173 284
173 287
173 49
173 511
173 209
173 392
173 268
173 453
173 443
173 686
173 671
173 581
173 214
173 162
173 539
173 61
173 508
173 330
173 91
173 207
173 531
177 32
177 632
177 221
177 342
190 185
190 471
199 79
199 48
199 640
199 404
201 459
201 189
201 686
201 363
201 400
201 164
201 457
201 361
201 444
201 21
201 58
201 397
201 93
201 92
201 563
201 210
201 556
201 334
201 132
201 635
201 404
201 590
201 359
201 352
201 494
201 435
201 203
201 176
201 271
201 406
203 255
203 518
209 352
209 393
209 668
211 275
224 62
224 311
224 425
224 282
224 533
224 511
224 275
224 100
224 149
230 343
230 372
230 620
230 157
230 31
230 667
230 640
230 524
230 213
230 82
230 565
230 482
230 442
230 153
230 220
230 347
230 285
230 490
230 389
230 258
230 186
230 232
244 359
245 483
245 153
245 609
245 213
245 353
245 274
245 26
245 95
247 199
259 100
259 224
259 93
271 696
273 501
275 224
275 602
282 149
282 640
282 92
284 456
287 325
293 442
293 372
293 230
293 471
293 258
293 609
293 263
293 213
293 285
293 253
293 82
293 153
293 675
293 667
293 15
293 490
293 110
293 640
293 232
293 326
293 389
293 186
293 157
293 347
299 119
300 684
300 426
305 34
325 330
325 287
325 137
325 139
330 325
352 355
352 698
352 177
352 484
352 529
352 502
352 41
352 0
352 48
352 29
352 2
352 135
352 271
352 117
352 92
352 118
352 211
352 682
352 189
352 120
352 659
352 24
352 287
352 609
352 229
352 610
352 185
352 354
352 639
352 534
352 668
352 199
352 197
352 376
352 206
352 237
352 699
352 325
352 498
352 562
352 478
352 678
352 280
352 275
352 463
352 664
352 159
352 201
353 512
353 507
353 372
353 258
353 609
353 117
353 647
353 555
353 640
353 341
353 483
353 95
359 139
359 352
359 244
364 481
364 426
364 684
364 395
369 624
375 201
375 659
375 133
395 497
395 48
395 149
395 91
404 364
404 259
404 203
406 313
406 532
406 610
406 140
406 213
406 562
406 118
406 685
406 632
406 245
406 281
406 700
406 695
406 331
406 681
406 177
406 26
406 112
406 95
406 201
406 356
406 529
406 32
406 253
406 687
406 498
406 293
406 224
406 151
406 636
406 668
406 28
406 455
406 308
406 91
406 65
406 211
406 332
406 542
406 484
406 538
406 197
406 626
406 142
406 31
406 462
406 120
406 621
406 336
406 135
406 383
406 344
406 16
406 67
406 131
406 248
406 34
406 698
409 592
409 352
409 443
409 39
409 523
409 689
409 81
409 668
409 633
409 534
409 209
409 649
425 624
425 145
425 685
425 518
425 435
426 481
426 364
430 593
433 456
435 611
435 516
435 315
435 617
435 685
435 642
435 233
435 128
435 590
435 518
439 179
439 595
439 408
439 255
439 137
439 111
439 92
439 678
439 509
439 551
439 491
439 79
439 100
453 100
456 597
456 494
456 80
456 284
456 567
456 515
458 520
458 409
458 274
458 210
458 556
458 587
458 414
458 514
458 404
458 609
458 589
458 196
458 244
458 629
458 9
458 347
458 280
458 214
458 415
477 668
477 459
477 427
477 248
477 37
477 189
477 33
477 602
477 330
481 426
481 364
481 201
482 230
482 590
482 293
482 640
482 565
482 285
482 667
482 442
482 263
482 372
482 82
482 698
482 471
482 95
482 675
482 48
482 687
482 620
482 258
482 389
482 157
482 343
482 253
482 213
494 684
494 523
494 456
497 395
501 500
502 79
502 395
502 34
511 224
511 502
511 62
516 21
516 622
516 458
516 180
516 560
516 538
516 38
516 57
516 42
516 29
516 91
518 425
518 685
518 29
518 203
523 458
523 39
523 201
523 554
523 592
523 524
523 259
523 22
523 149
523 199
523 478
524 31
524 389
524 274
524 556
524 512
524 155
524 82
524 185
524 650
524 666
524 482
524 548
532 284
533 62
533 224
537 640
550 516
554 456
556 281
556 118
556 421
556 624
556 67
556 524
561 696
562 32
562 659
566 106
567 425
569 201
575 79
576 119
583 530
588 119
589 319
589 106
589 504
589 223
589 532
589 430
589 181
589 325
589 455
589 354
589 351
589 209
589 127
589 92
589 601
589 260
589 182
589 523
589 581
589 360
589 460
589 459
589 562
589 542
589 492
593 430
605 576
605 588
611 518
611 642
611 435
614 84
614 218
614 680
618 118
620 687
620 442
620 482
620 230
620 110
620 395
620 372
620 258
620 675
620 667
620 15
620 609
620 253
623 614
623 599
624 623
624 369
624 680
628 533
636 161
636 127
636 210
636 640
636 395
636 479
636 642
642 611
642 518
642 425
650 565
650 155
650 157
652 428
664 482
664 395
664 363
664 657
668 393
668 209
680 218
680 624
680 628
680 109
680 2
680 342
680 623
684 494
684 364
684 523
692 224
692 402
696 271
