1047 850
756 33
860 368
676 805
846 21
774 401
897 11
986 76
267 820
972 352
719 64
460 514
439 933
607 79
585 903
719 235
756 119
59 589
460 164
786 864
691 816
986 482
302 114
719 367
796 690
756 643
267 810
267 700
162 346
746 490
360 850
572 295
786 708
846 6
302 297
746 950
1059 287
528 1083
621 763
171 711
333 690
128 561
299 140
457 214
75 573
438 964
333 330
862 138
991 193
927 945
465 278
1018 659
753 1021
387 447
297 872
658 135
138 120
1095 1067
302 456
457 823
922 359
171 106
764 663
439 442
1047 975
1018 1064
1047 541
972 162
962 478
267 263
460 205
768 825
1095 801
1075 279
1095 62
1044 1001
59 680
439 391
1059 515
935 314
360 474
253 1095
955 106
59 1082
572 220
846 175
616 256
764 342
311 294
995 234
311 841
607 80
387 745
716 765
572 1025
976 390
976 241
691 439
994 729
1106 1115
718 163
406 754
995 468
171 265
392 671
972 90
107 187
796 684
994 209
607 84
862 89
171 816
991 529
716 616
360 200
1106 940
406 456
719 477
532 325
465 277
253 1057
1059 1057
257 729
862 336
297 190
1048 773
935 235
253 494
348 745
622 285
1047 160
14 1088
846 1078
818 886
253 1048
585 228
746 1080
994 859
465 1026
691 913
972 671
922 95
457 765
862 151
392 902
59 163
670 524
616 930
925 1041
506 1131
957 1042
35 313
897 931
457 388
1059 590
818 337
676 896
818 67
935 125
718 179
253 629
438 203
764 812
257 131
1005 842
311 340
616 288
756 489
457 562
846 329
622 716
817 509
171 255
406 800
253 121
1048 306
1048 440
990 169
506 203
622 1112
1048 569
171 329
1023 529
302 512
1113 507
107 1102
35 740
897 105
860 594
348 1047
108 641
457 998
784 208
786 204
465 338
962 963
607 718
616 1062
89 166
528 262
387 635
860 147
38 511
528 37
299 438
990 72
922 297
976 876
171 663
333 291
846 217
333 896
439 909
768 481
1044 210
1048 348
1075 465
1095 974
607 34
506 909
991 945
1075 274
719 849
990 565
691 559
392 668
515 813
392 1112
1106 1092
89 471
1023 1005
14 452
108 961
986 310
817 609
1044 780
171 1069
676 818
360 236
786 804
107 1006
991 92
1048 887
927 108
311 528
691 288
796 204
1075 617
922 821
528 437
524 774
387 875
691 781
1125 18
860 985
935 142
1018 45
746 483
670 934
253 1043
1005 979
621 8
753 1041
607 618
38 727
1113 996
577 911
107 1007
955 621
862 978
257 94
753 199
577 316
85 949
994 739
333 794
311 1062
1047 755
993 466
658 1046
14 1106
422 1059
526 743
138 512
1106 664
460 986
718 984
1059 725
162 249
994 162
818 46
506 701
515 361
1125 72
515 718
38 451
817 995
993 321
621 319
990 885
1095 781
862 162
658 462
14 717
162 56
935 998
387 513
465 431
1075 193
460 672
439 1102
1106 551
784 940
676 1012
925 1003
817 897
658 744
860 896
935 553
1106 22
108 299
1113 104
784 994
138 576
1106 404
528 859
607 104
786 422
465 950
774 137
59 505
577 978
622 254
846 117
515 134
990 3
986 1054
162 980
585 594
75 710
718 1077
319 1000
607 317
257 1033
311 706
528 632
528 1074
846 4
299 996
14 697
138 289
348 112
1130 989
616 1026
1125 113
577 913
532 618
976 307
253 554
718 783
786 956
922 1033
993 219
994 999
784 338
616 380
957 523
746 786
465 791
718 724
1113 950
1023 713
299 512
1044 956
360 702
297 349
524 761
1048 813
676 931
392 970
1130 931
528 430
1106 564
14 516
311 189
1018 160
75 194
976 331
506 348
957 683
818 997
986 10
716 1114
128 672
348 245
786 845
1005 131
1125 816
457 364
774 814
676 57
38 701
990 230
1130 317
1018 260
719 902
457 935
107 224
85 1065
927 463
817 723
990 103
962 372
460 318
35 1121
972 569
1095 196
108 37
524 1000
972 971
515 27
457 1078
85 306
955 872
995 945
502 136
360 476
257 1043
1095 407
107 393
528 939
962 142
311 206
676 530
457 926
422 139
607 952
784 750
438 657
972 463
253 537
502 569
1095 900
406 268
1130 181
860 796
768 849
257 542
716 830
267 419
622 850
796 1058
1106 13
927 1096
607 378
267 980
439 292
299 625
796 529
526 792
506 659
175 591
922 46
1095 173
257 802
107 173
925 526
175 650
528 347
35 1058
412 689
585 8
994 711
607 330
993 78
257 774
927 129
302 505
171 589
764 727
818 1098
506 1006
925 735
1113 1079
1047 583
1113 596
818 159
360 18
1075 36
1113 775
1023 173
1125 821
356 512
676 462
1113 1053
658 163
171 693
718 310
297 585
457 1111
756 444
719 923
786 1119
991 304
993 389
1106 786
465 370
1095 1054
439 236
175 353
502 862
927 68
862 870
14 69
465 126
862 766
1005 863
515 451
1044 115
862 746
786 420
162 821
922 586
658 914
406 778
622 195
406 996
670 336
257 85
658 884
311 791
1095 365
59 940
955 365
75 933
658 537
1047 237
108 433
257 375
990 462
1113 663
387 482
1005 414
267 539
607 14
764 532
577 868
993 417
465 981
990 607
1130 778
75 625
786 914
526 572
622 209
89 229
764 1001
515 163
75 973
526 944
572 571
1023 165
422 474
718 702
962 71
622 364
457 1127
406 1082
846 294
607 927
311 580
138 305
356 176
311 1057
616 812
297 814
439 1056
817 661
746 572
955 355
171 1115
524 1085
526 840
35 381
1005 351
658 190
670 657
972 585
1048 744
718 506
897 638
311 497
524 423
311 164
38 595
994 278
1113 22
515 982
1047 72
796 566
515 1121
89 714
1113 482
691 729
1125 358
515 614
1023 166
818 5
784 888
333 316
253 944
257 241
897 168
1018 202
935 1110
1075 74
955 793
572 825
962 818
524 574
457 704
297 652
786 423
299 509
1047 374
302 261
297 434
658 216
774 334
457 1093
175 495
719 264
670 1069
128 986
107 996
392 1019
392 230
925 155
439 588
817 493
108 146
616 112
319 239
1044 362
439 631
438 377
1125 429
784 368
515 322
957 652
175 964
532 107
506 429
621 219
1023 623
1113 727
515 491
607 135
162 266
85 565
957 936
746 249
621 453
621 244
955 76
796 120
658 689
957 7
311 1039
38 962
506 141
897 210
768 746
457 800
360 775
716 353
991 907
257 199
796 1114
925 261
1113 264
257 230
1005 810
994 548
526 382
35 904
59 871
786 1117
253 641
577 1004
622 817
768 293
1044 247
753 987
348 1037
348 563
925 668
774 395
621 685
670 486
718 263
319 549
392 947
392 711
972 288
311 1099
1106 141
955 427
319 676
35 277
585 1104
59 949
319 106
14 207
995 758
995 299
406 528
460 993
786 613
528 924
935 51
1059 57
59 704
257 447
356 42
333 780
526 166
1059 408
1125 992
107 772
59 343
38 207
299 944
676 1081
38 736
128 697
768 310
1005 900
319 21
577 24
607 791
993 411
986 499
465 681
862 808
1106 1035
162 358
817 690
532 638
138 174
957 366
616 272
607 762
75 663
746 581
162 655
387 562
1113 323
676 45
986 289
1113 971
457 450
532 651
718 240
85 498
1125 350
532 552
1075 961
348 39
299 489
774 1080
719 851
297 837
577 791
162 664
922 1118
412 96
994 880
784 525
85 896
75 376
1130 496
846 158
577 101
465 589
768 581
460 354
846 81
753 948
108 101
860 887
670 756
257 965
1044 686
1048 739
753 222
75 912
817 874
528 926
1130 970
925 488
927 745
622 1123
962 1038
1018 93
1005 736
784 701
1023 53
927 995
957 142
107 974
526 794
457 784
862 614
171 1012
972 813
786 124
719 960
957 346
1059 64
356 184
333 811
616 1099
995 580
107 1073
925 877
392 51
786 414
1113 989
1005 486
764 170
526 675
774 352
862 931
817 851
753 358
1047 1006
128 395
465 857
935 712
299 457
786 908
439 118
962 25
465 266
756 733
302 244
128 335
526 655
1106 654
577 1012
1048 736
392 1099
502 126
502 315
406 168
107 293
962 384
860 249
128 85
607 1014
532 1108
691 561
267 878
253 1006
1095 1007
162 272
532 731
572 258
927 301
862 217
297 873
257 460
348 641
35 36
299 56
460 638
506 262
1047 122
107 887
128 308
860 897
438 966
465 764
59 767
528 454
14 443
1125 2
387 189
299 649
925 747
616 779
333 250
348 1087
784 532
658 844
526 478
784 584
267 524
991 475
138 39
515 999
348 185
897 166
465 321
299 762
976 398
991 44
774 1086
1106 872
1005 593
1005 161
35 384
128 1049
528 714
670 134
676 1005
85 885
719 1002
356 622
607 526
621 977
267 403
976 947
14 24
438 317
59 845
526 607
257 37
348 741
1095 226
994 230
764 230
14 716
85 837
1018 68
35 1125
299 168
107 79
59 229
990 14
718 951
691 134
515 379
528 1070
922 1100
387 621
935 476
786 270
718 423
85 538
572 820
422 463
75 1131
1095 1058
962 844
457 0
860 1064
897 869
616 320
764 894
1044 786
297 236
438 346
360 184
14 704
422 865
506 265
621 981
818 1126
572 124
995 426
526 928
1018 658
995 698
89 56
658 982
515 138
1130 447
1113 641
585 381
465 668
1075 97
1130 263
457 370
75 1000
506 927
935 345
524 361
716 1074
1106 550
746 569
621 963
670 99
616 600
774 821
922 216
267 597
962 1063
75 978
995 372
658 716
460 1009
460 918
796 490
35 171
572 360
994 318
438 710
927 776
457 949
616 499
670 544
108 804
526 786
716 403
311 302
976 954
817 1058
162 186
506 450
438 674
756 710
439 37
297 543
75 920
1113 85
319 24
607 308
392 725
1130 105
616 874
319 233
935 799
995 322
302 239
962 326
439 527
991 603
1059 517
718 759
786 250
59 1077
502 472
299 838
392 916
412 379
438 644
360 945
991 656
299 1005
658 938
846 851
796 839
89 1099
89 416
1113 1048
1106 924
439 598
927 201
862 368
1130 234
955 1025
1047 45
108 197
465 83
1023 834
676 401
935 241
1005 945
1018 783
993 463
108 347
922 478
572 752
994 561
1047 886
774 570
439 1021
784 1017
716 625
995 592
1106 1098
990 199
1059 739
925 817
1047 365
897 271
1018 1031
922 453
774 700
846 188
1106 719
927 1109
348 108
607 462
753 650
506 1124
616 1101
957 508
1106 689
1005 930
616 1104
585 77
438 1123
253 20
1005 884
718 937
691 351
175 967
658 796
994 778
796 1001
622 432
935 39
691 189
1018 706
85 191
976 740
457 699
439 599
528 594
774 716
348 268
764 910
955 555
422 572
990 587
585 44
438 1109
925 22
528 217
302 66
107 211
257 295
299 1041
319 557
348 721
716 126
356 1055
460 1122
1023 820
302 104
764 1048
764 1107
784 864
860 318
1106 488
585 231
621 735
171 18
955 801
716 597
862 930
658 83
897 530
38 217
465 717
955 391
1075 304
257 1009
962 409
297 223
1048 100
1048 894
572 1115
585 1125
976 177
89 3
897 129
1023 391
1113 652
935 249
387 534
993 966
532 359
786 463
319 497
1113 739
658 348
1018 23
622 130
59 536
716 928
962 942
746 614
585 58
506 63
676 1025
746 1043
616 330
993 340
957 448
59 925
1044 159
786 109
502 311
786 50
439 616
976 874
1075 372
670 547
607 795
585 873
577 897
319 234
319 241
860 1069
35 612
746 862
955 569
862 435
162 708
257 433
348 728
585 38
957 973
267 433
753 279
406 125
14 92
460 278
422 1045
108 564
607 711
302 995
1048 424
439 674
621 1128
986 168
616 134
1130 839
1005 463
774 378
128 626
718 426
302 89
764 314
257 500
257 467
257 750
348 1052
719 295
995 56
676 285
75 276
107 320
897 6
774 1060
676 264
502 386
465 96
862 582
412 916
817 681
784 945
1044 932
784 467
862 463
439 633
616 517
976 548
465 828
1106 268
616 280
297 577
89 822
764 1027
972 504
860 662
621 290
107 682
457 330
607 257
1125 40
526 209
658 385
746 526
59 108
976 1091
986 551
718 1054
257 747
955 574
818 941
439 481
1023 973
85 491
1018 16
935 448
846 373
1075 945
796 1050
1005 871
817 273
465 64
59 519
719 720
108 945
528 418
506 686
1125 761
457 714
267 1021
860 1016
922 1011
676 1035
957 222
957 734
422 66
955 768
955 366
991 1083
253 939
897 414
994 147
1048 388
991 597
85 1024
108 103
1047 626
746 741
986 211
502 94
457 1086
768 188
719 1108
302 348
502 134
253 568
1059 196
1018 872
1044 929
412 836
392 202
1023 408
162 598
85 1101
319 313
333 610
108 515
1048 922
1130 525
85 408
572 937
976 173
387 1056
311 418
990 987
333 1031
955 1131
1023 309
107 337
297 541
622 160
107 150
299 731
528 877
392 1046
1018 221
35 1108
846 1089
107 280
691 738
764 571
716 505
253 545
976 18
297 118
718 353
962 798
972 296
1047 702
75 448
616 106
860 915
1095 1068
387 263
319 1021
162 765
1130 758
935 903
387 236
524 121
796 654
753 317
162 665
333 591
360 243
439 274
786 518
460 212
976 573
691 112
460 484
585 427
333 686
75 21
616 1106
526 440
572 102
457 135
1047 1103
658 261
994 34
1018 978
976 1082
577 553
972 697
1106 226
406 341
955 433
1047 92
572 1061
175 802
585 684
333 210
927 660
957 406
1106 1107
935 178
786 475
524 1116
616 724
319 906
1106 201
107 786
1095 330
962 517
746 576
387 233
764 563
991 762
991 607
955 297
128 825
818 373
1106 685
1095 1066
991 1074
412 496
1113 453
75 977
253 285
846 556
528 393
691 338
994 363
138 606
387 150
817 658
753 391
59 1097
846 1060
1125 321
993 886
392 775
460 713
577 477
818 1096
257 782
995 404
171 385
676 749
348 443
267 1127
1125 773
267 491
360 1037
976 462
925 194
670 253
1023 911
1005 1102
162 472
175 1131
465 247
457 662
532 1001
175 409
922 35
935 690
658 51
267 772
35 632
89 912
297 671
1095 391
927 704
935 193
957 919
506 609
927 724
990 649
299 951
786 1025
267 773
817 616
412 303
860 891
796 905
89 350
253 462
438 197
128 324
1130 881
676 467
993 317
35 270
753 231
59 90
59 678
1005 232
75 405
753 719
784 48
897 30
621 298
718 902
756 594
438 605
356 1094
392 791
768 685
585 452
616 889
670 160
784 587
75 502
253 948
768 383
528 1022
676 519
524 1100
786 421
75 561
774 23
768 543
1059 762
860 974
796 1101
267 989
107 686
1048 957
107 746
1125 365
691 1054
897 499
138 206
607 1072
460 427
818 229
89 82
107 483
297 1085
957 255
1018 99
465 153
1018 171
59 118
796 151
1059 127
1047 851
1075 967
935 607
333 702
1018 518
1044 407
1095 950
524 843
348 470
35 1129
993 75
922 445
460 786
412 839
990 538
846 762
990 721
108 348
460 58
922 527
439 514
439 329
465 933
1059 384
994 97
817 709
457 993
925 501
89 2
607 8
1125 1023
716 619
991 30
107 890
976 51
387 1081
107 748
438 44
976 262
526 75
1023 839
621 552
1075 220
764 305
171 665
658 1000
995 35
59 1130
764 80
422 864
676 625
465 2
1044 885
506 455
387 209
422 340
972 589
796 196
1075 981
972 468
862 322
59 346
412 850
406 741
457 570
1113 977
955 924
927 935
297 115
1059 106
528 751
993 311
1023 782
862 416
257 320
1023 930
676 738
107 780
506 50
162 151
319 1085
572 223
691 489
89 819
976 248
406 769
35 167
1125 1083
935 567
75 815
764 560
1023 803
817 942
302 171
138 97
387 230
1018 381
1130 493
897 378
526 356
1023 554
311 426
585 990
356 458
438 490
302 384
922 109
962 479
768 636
75 433
299 1056
35 251
976 758
75 409
676 573
607 982
502 360
572 957
89 876
993 249
107 1131
392 217
1044 1008
756 214
1106 744
89 681
457 762
107 714
817 780
299 211
1044 326
528 254
846 418
1106 443
85 1063
1130 872
422 645
991 849
1059 419
1130 166
796 257
1005 706
348 821
532 1090
1059 307
746 299
1005 176
257 534
299 916
526 228
297 607
784 300
622 352
935 569
935 1048
1113 737
107 23
764 667
817 228
1113 901
1130 180
1130 665
1113 567
786 222
392 790
439 870
299 428
1059 943
955 219
348 649
616 508
532 614
1044 974
319 164
38 692
572 724
75 349
976 521
1095 122
348 1042
784 228
1023 358
756 318
302 1000
128 489
311 501
716 440
311 905
716 148
716 502
995 692
1130 707
764 610
75 735
502 835
572 578
818 1073
1113 1063
128 811
175 354
532 834
691 1038
175 307
319 193
995 447
253 244
658 812
35 876
995 723
438 42
756 257
128 478
348 731
922 224
622 307
990 991
993 391
515 1095
439 740
994 220
1005 140
348 557
299 876
658 602
1113 802
572 851
676 877
75 582
528 582
670 280
14 592
897 517
1044 485
756 326
746 448
1048 216
439 431
89 63
976 710
108 454
59 927
622 367
986 922
621 334
1048 717
577 946
616 210
38 60
986 834
976 914
1113 469
746 252
311 999
1130 1086
348 1085
756 65
299 470
438 890
138 71
1044 318
572 149
957 730
1059 810
438 727
253 1094
658 823
438 801
138 50
506 37
1075 509
796 480
862 823
962 789
994 151
1047 437
577 949
607 750
14 189
299 129
506 857
356 1120
1130 131
1048 375
1125 279
621 176
718 669
528 1108
319 911
922 827
35 1004
348 417
75 371
75 82
658 842
89 771
526 450
528 861
691 266
585 763
995 88
622 964
572 592
925 115
422 1111
333 306
1047 1048
784 979
387 925
506 264
927 703
457 864
506 815
1047 782
257 41
302 7
175 828
75 1020
922 1121
897 14
585 124
753 135
817 59
457 970
392 1086
796 1045
422 77
860 944
577 267
311 212
972 760
333 202
621 486
526 932
995 252
774 14
302 91
572 376
676 831
85 771
257 1049
297 762
817 743
1059 854
585 406
1048 642
348 75
616 523
995 109
925 1104
438 757
927 1066
412 707
658 804
818 898
676 109
528 429
1047 252
412 1064
607 183
257 221
670 143
406 948
756 451
860 8
658 645
59 16
1106 696
1005 1048
457 143
962 383
526 273
935 550
994 662
976 950
1023 23
528 3
796 391
75 728
670 876
691 578
439 621
460 824
718 480
691 75
1023 144
860 722
764 1114
412 307
935 77
515 872
786 574
14 710
691 886
753 539
128 963
818 863
622 496
162 794
299 611
515 778
818 444
1125 440
311 513
972 766
360 928
572 735
515 841
1059 562
922 823
691 11
38 230
897 700
257 1041
438 1000
572 615
532 226
993 756
746 725
299 144
993 1094
957 1052
253 640
532 174
718 511
994 747
108 862
862 610
333 262
460 752
439 208
14 289
962 996
991 526
107 245
622 742
348 140
862 846
995 92
897 13
392 513
691 925
607 45
955 67
387 1089
1095 640
716 339
422 481
817 619
991 18
128 414
162 350
658 270
526 81
75 623
621 360
607 994
718 518
128 1101
817 864
528 475
716 1024
1018 468
719 40
676 924
957 1130
784 1107
719 734
616 688
460 990
360 902
986 984
85 582
616 150
607 938
460 771
784 200
532 234
993 612
616 971
162 555
85 97
786 1023
1095 1059
1047 384
955 636
524 34
1113 429
784 906
253 1033
138 435
1018 696
957 884
935 1010
922 465
387 1124
422 874
860 524
532 933
297 699
360 128
392 93
38 357
990 879
526 223
768 1029
622 821
356 22
302 553
796 1057
862 731
862 1048
860 672
607 969
162 462
972 1123
796 769
976 551
719 540
1023 377
333 3
995 240
38 664
817 581
862 216
764 685
439 1013
299 819
506 901
572 622
719 521
422 420
676 297
986 233
175 694
356 661
138 244
528 202
171 654
1130 762
972 682
995 677
621 95
85 692
786 205
319 1042
171 968
89 418
412 433
1106 1087
438 157
616 254
935 790
572 1006
348 523
108 526
502 99
1106 264
986 657
1130 467
935 737
986 281
935 855
524 96
691 653
457 157
502 766
526 358
862 859
392 1057
457 398
955 409
515 994
14 281
1005 776
253 551
622 806
348 441
171 461
962 459
387 739
319 461
333 840
1113 443
360 359
990 839
994 317
1113 526
299 872
817 559
506 917
387 670
1095 157
922 1009
1044 614
616 685
658 134
670 685
995 467
253 567
515 423
422 699
607 591
768 284
1125 517
438 840
1048 992
746 840
976 705
1075 245
621 1062
526 1116
860 649
1059 102
927 658
995 885
1130 565
85 741
302 538
862 91
35 31
622 425
532 130
412 895
89 111
1113 337
75 478
175 1100
302 369
718 887
691 740
986 601
253 64
515 445
993 578
532 494
457 549
860 980
75 48
1075 18
108 258
257 119
162 911
502 435
35 485
622 634
319 404
387 1131
784 619
962 6
786 931
406 140
171 1006
786 96
387 119
774 1057
392 866
818 536
860 510
796 484
59 1015
465 243
59 168
422 91
35 617
786 308
162 829
528 1056
784 81
718 954
1018 107
360 283
746 450
658 585
360 28
585 167
356 1079
35 1051
1048 689
994 225
607 642
955 588
718 658
108 669
267 920
1075 883
927 709
302 37
993 129
658 442
670 649
89 461
532 59
862 444
1095 613
846 1063
995 338
257 194
1044 306
360 72
1047 1041
1005 1053
392 263
676 587
993 664
994 635
991 1003
860 276
817 539
676 600
1106 513
299 710
38 301
986 182
957 71
171 166
986 271
515 1057
297 299
85 901
526 1078
1044 856
1018 691
817 205
1059 10
607 122
925 368
746 204
607 1039
1018 831
267 778
670 200
572 969
991 347
387 87
457 1060
572 642
1130 693
786 1076
460 957
171 116
333 124
175 1051
572 195
299 139
128 241
1113 1038
1095 1090
1023 381
846 475
360 543
460 693
994 68
991 517
607 281
719 929
1048 479
922 373
986 668
348 208
922 608
676 167
860 1104
1005 748
753 670
75 566
927 919
972 455
572 946
128 320
392 943
438 559
691 230
753 736
691 584
392 765
108 252
387 582
438 878
993 11
616 456
524 815
502 1062
528 314
1130 1035
990 236
38 66
935 387
267 610
1023 775
753 412
621 264
38 496
267 983
935 301
935 718
75 845
460 1095
927 135
333 181
957 944
311 296
990 544
925 375
756 1005
128 586
621 142
986 6
311 187
993 126
718 828
1113 954
138 581
333 895
955 849
14 736
622 990
1048 472
524 715
175 55
786 118
607 740
38 724
460 403
1095 966
585 202
524 621
768 876
622 1094
528 313
1075 1014
392 781
955 384
412 71
526 714
818 1011
1018 962
993 178
348 151
955 452
457 702
962 102
465 1067
1130 466
1023 204
1047 589
524 137
577 660
1125 598
311 1007
862 46
862 500
922 93
35 724
85 0
862 974
991 767
302 874
746 603
925 54
348 632
439 620
85 1075
302 25
526 459
990 724
991 1081
162 131
972 887
267 829
955 141
253 816
257 662
299 430
972 486
524 303
922 288
585 514
774 189
1075 742
253 667
412 591
38 175
995 490
962 1055
972 299
128 1037
955 508
962 531
439 64
796 199
35 269
1044 59
616 730
860 94
267 399
502 266
718 616
572 453
972 931
670 813
972 965
162 299
957 372
784 658
1047 861
718 1038
846 700
955 462
299 628
994 333
577 1046
465 615
107 594
995 303
1113 348
107 6
925 939
528 431
622 320
360 249
1113 1022
817 1099
1113 5
962 92
460 700
774 95
299 843
1023 72
1106 500
439 395
302 195
502 1058
935 487
528 253
897 32
302 727
412 64
572 205
253 852
1075 791
719 475
818 202
319 635
670 520
1047 918
585 881
846 1058
297 20
616 268
392 135
1047 1044
768 910
1059 420
764 1015
1095 205
348 897
716 1034
524 188
585 522
719 1068
1047 804
1130 613
392 126
356 678
927 132
622 168
1106 431
107 439
577 938
502 543
532 379
572 663
817 1015
299 1008
89 850
957 644
392 927
1059 143
955 202
457 212
922 88
356 482
670 103
976 182
993 777
360 70
311 845
670 32
774 556
1005 171
253 1030
922 376
991 326
607 92
1005 982
991 807
387 1068
986 299
670 357
502 209
297 1102
616 361
994 201
319 989
1113 724
438 371
718 253
387 828
1005 1021
621 991
392 957
577 280
922 1084
676 200
1095 355
387 174
935 1042
925 722
1047 659
75 53
577 312
299 29
676 456
718 440
1130 869
719 80
438 746
108 314
718 464
676 835
718 842
257 986
515 637
460 1105
756 620
676 914
994 11
1113 826
387 222
925 880
257 46
995 524
756 467
465 741
1018 104
460 200
1047 653
818 790
585 957
860 432
162 1009
348 281
897 761
922 243
577 768
756 8
128 494
412 212
107 269
528 695
302 130
927 1119
991 215
774 356
460 140
138 236
862 1025
756 855
1130 17
1130 1126
128 425
1075 695
846 97
817 102
927 1062
976 111
465 812
676 454
756 773
524 332
1106 534
957 1007
460 625
1048 1098
957 380
955 73
846 634
976 1120
128 673
994 438
392 3
784 837
302 510
457 1074
972 512
1047 366
515 316
35 476
524 802
691 441
585 304
465 502
756 656
333 357
85 24
319 7
756 240
577 490
719 513
585 505
422 238
955 1091
817 735
392 801
465 660
319 29
302 1104
577 429
860 606
962 269
532 257
1018 539
691 567
990 533
786 1057
1005 1020
955 868
658 444
1047 799
297 131
439 914
756 1089
1125 705
457 302
267 891
14 389
774 75
862 939
972 826
1044 739
972 670
1023 491
502 237
528 295
299 878
925 280
297 768
860 588
897 671
786 21
311 282
716 132
506 658
356 257
862 292
333 1065
962 172
691 569
162 1088
59 272
128 652
796 242
38 866
348 1041
846 166
107 125
577 803
768 697
38 611
1005 559
75 359
616 104
162 57
658 1063
658 857
299 219
406 894
297 1014
753 879
1125 546
524 560
927 834
526 881
438 491
764 35
438 776
457 1123
1005 543
14 73
1125 141
670 236
990 26
818 10
506 269
796 954
524 1070
784 873
1106 222
138 187
1023 383
506 884
716 412
299 807
297 133
528 388
957 143
59 802
764 729
1075 216
35 727
387 1060
107 568
676 844
622 256
719 662
392 981
925 58
38 211
616 193
768 213
986 967
1005 786
465 651
691 1093
764 862
128 741
465 94
1095 158
925 871
957 740
438 897
387 876
691 89
257 944
718 1007
621 1098
85 977
175 1044
925 149
89 1068
348 807
297 498
622 578
957 1081
622 1040
862 698
1047 249
253 571
818 632
438 190
972 520
955 493
59 778
746 811
768 123
925 350
927 61
1018 1087
253 1056
460 843
532 321
670 614
585 774
457 234
107 948
718 917
128 925
957 254
1018 665
528 140
622 786
1047 760
746 1105
993 978
691 481
138 608
457 759
1023 340
616 319
267 573
786 252
524 355
35 790
1125 958
128 179
957 203
577 559
817 97
526 838
1048 881
422 884
1106 565
622 74
621 693
1125 322
990 112
817 58
1075 615
162 219
532 710
267 364
532 843
387 307
962 711
528 425
1106 700
128 114
957 230
616 220
360 232
658 366
976 698
532 315
14 888
976 37
746 464
862 464
670 909
319 636
925 634
995 678
972 465
465 454
925 823
1059 1064
1044 521
38 356
768 397
439 424
972 791
976 574
691 19
526 605
1018 974
796 817
528 22
356 703
128 437
297 990
927 899
621 854
786 691
1075 594
718 554
607 733
439 1097
716 1036
171 896
465 708
572 560
257 1056
1095 745
1005 424
955 288
333 661
716 22
1023 192
89 977
922 948
532 846
796 1105
333 448
59 520
348 480
108 28
927 759
990 668
348 921
502 450
89 1046
691 1006
621 741
1125 36
1047 24
392 381
716 804
746 111
319 569
85 720
607 548
162 1109
585 806
658 414
360 659
257 35
406 1020
1095 566
1005 783
460 835
392 265
171 494
746 147
1059 970
784 808
994 313
392 601
925 305
35 842
817 33
860 136
526 778
502 207
319 79
528 589
986 1100
502 55
922 1
774 1084
128 1113
993 950
1044 829
89 531
85 567
577 813
267 299
524 171
860 912
14 555
585 120
753 595
691 286
927 636
1047 492
438 65
955 1062
676 476
85 643
796 1003
253 931
297 453
986 43
691 153
1018 108
976 595
756 744
439 884
1018 491
85 1128
719 780
1095 84
267 427
616 1059
658 351
108 552
1125 930
935 327
935 247
392 415
438 7
267 494
1075 794
994 677
1095 14
528 435
768 501
85 44
89 258
796 956
1018 1097
796 727
817 1073
995 846
438 430
38 232
922 271
267 240
1059 1087
976 358
138 348
333 495
422 94
319 133
976 493
457 325
993 1090
457 297
457 896
1130 451
716 843
524 566
439 1131
756 331
990 202
784 707
1125 441
1047 710
585 938
85 399
524 214
85 145
439 821
333 573
128 54
976 618
438 461
1075 984
387 70
297 186
986 421
716 529
753 94
756 937
756 785
38 220
862 470
1047 701
412 19
59 659
1106 846
1044 769
128 926
438 656
764 730
460 858
1023 341
311 529
621 456
439 260
14 541
107 278
128 849
515 811
622 1065
986 1028
422 927
360 762
846 673
922 851
524 159
862 27
621 14
927 195
333 215
922 874
348 1109
89 468
162 825
786 143
817 100
128 796
764 578
460 1038
986 291
746 311
506 384
128 1004
14 15
171 1046
994 394
59 317
162 717
108 643
532 909
585 878
756 967
85 657
299 968
406 420
995 669
1130 81
719 335
957 173
1113 515
360 819
1113 931
577 1006
1018 477
925 949
1130 403
406 980
392 969
1106 558
299 577
585 793
128 280
422 75
862 1015
356 773
935 674
257 706
995 339
1125 465
585 1004
990 995
1023 651
862 708
412 487
993 10
107 886
768 1008
1125 1085
162 939
972 998
719 1126
138 33
387 217
1005 768
774 1128
138 1004
818 1032
991 580
502 843
691 246
175 490
1048 1083
524 469
1044 528
976 564
585 1109
995 364
457 319
319 758
1018 789
1047 708
860 806
935 747
955 572
786 379
1095 607
716 387
786 950
607 63
774 420
768 285
502 765
438 314
392 277
506 1056
356 314
957 3
528 413
607 868
955 843
993 232
457 587
572 454
348 970
756 821
817 430
621 325
925 245
162 325
1044 1040
691 28
1044 89
577 657
457 100
993 877
1048 649
994 397
718 161
253 1120
526 752
972 466
786 912
460 1108
972 1040
577 927
1125 107
14 398
784 911
995 263
756 598
107 940
621 680
35 1026
718 743
175 133
1047 223
422 81
995 458
796 897
108 920
162 638
616 424
319 608
465 798
387 210
89 233
319 290
756 367
175 325
774 848
360 197
319 506
860 239
764 157
860 652
302 769
991 342
297 362
360 818
976 1004
387 1082
1005 321
387 1097
1047 105
171 642
796 1096
925 5
526 465
925 217
774 232
1005 1068
753 1060
360 593
1018 490
818 749
387 76
976 300
422 722
995 166
75 833
1125 407
75 406
302 726
1125 823
991 941
768 69
1059 174
438 442
719 769
35 70
108 561
993 508
846 83
348 209
1059 1120
691 954
925 801
35 948
577 682
1059 483
524 1035
299 543
991 546
89 276
784 243
658 104
1048 42
935 224
515 1060
311 670
718 739
691 347
138 1018
75 248
670 76
658 117
502 503
35 185
925 122
392 964
59 392
1005 11
412 1100
532 405
607 1104
257 833
35 864
818 134
1023 900
412 435
502 3
108 612
1059 974
465 239
75 578
962 332
862 261
768 972
957 724
171 898
38 838
526 1034
422 556
764 681
753 108
319 750
935 942
621 160
422 123
957 80
460 1030
460 934
817 954
585 337
422 398
532 161
607 745
995 875
319 792
927 716
957 792
986 1099
439 632
319 40
616 531
1059 1105
860 12
438 207
1130 981
257 123
297 743
972 40
532 980
972 660
607 1081
1044 389
59 211
922 584
993 485
319 781
995 684
1023 584
935 424
993 655
515 572
993 39
955 887
1023 777
818 571
897 567
1075 208
85 799
897 772
439 234
1059 530
1047 186
658 303
526 85
356 892
957 898
1005 278
38 299
774 953
768 12
922 997
1106 1100
774 449
764 735
108 609
348 867
972 209
1106 266
784 213
925 1092
1048 792
976 36
991 628
460 774
572 747
532 203
972 573
994 420
253 323
356 675
1059 717
993 517
986 1022
59 1026
412 704
774 623
528 423
1095 61
1047 131
392 1095
986 681
860 822
897 557
175 919
585 633
1044 402
622 222
796 364
962 453
128 1065
1023 251
1048 417
1106 566
532 659
107 106
860 1119
257 400
719 683
768 490
577 1126
1095 856
1130 646
753 1095
311 705
107 89
406 1013
356 286
990 648
658 722
784 405
257 820
796 776
817 417
756 566
927 248
585 275
585 868
719 721
422 548
412 199
786 1002
439 962
1113 883
862 869
526 361
85 111
175 933
768 1056
972 483
515 1071
927 126
897 975
957 626
465 360
311 937
526 1098
360 676
524 183
438 188
35 708
718 1108
524 763
572 1090
506 846
528 472
348 1056
35 1124
38 53
925 396
75 600
935 652
175 5
107 597
1075 560
128 900
716 40
991 510
691 263
532 665
935 521
257 261
360 407
302 312
621 481
962 949
299 738
526 615
746 724
108 585
817 145
756 1103
515 42
412 349
572 67
784 395
1047 330
756 878
75 155
955 312
616 167
1023 352
718 659
1125 926
774 66
1048 1103
676 503
311 652
1106 282
1005 377
107 1124
621 627
85 1019
818 309
59 1028
1005 1089
774 216
465 189
784 335
1018 1003
171 498
862 254
957 290
460 349
577 426
75 108
75 569
460 475
406 736
691 716
955 1113
526 1021
35 499
1018 740
465 1081
691 783
768 495
297 254
526 1068
412 607
718 98
1059 710
746 985
311 803
716 1
753 1112
1106 351
577 111
1075 44
439 43
572 547
786 258
670 956
439 509
107 893
1113 564
128 227
786 320
986 948
925 760
616 552
171 532
746 1066
299 275
862 425
796 474
524 1092
532 168
676 207
297 168
616 882
387 910
1047 334
1048 883
990 82
817 647
1059 353
412 852
333 17
302 422
994 721
622 505
319 857
768 528
993 1071
957 363
107 97
935 859
764 716
392 1079
75 1023
1125 1103
1059 681
658 692
796 503
253 415
348 92
387 108
1005 1014
1044 789
85 334
990 61
85 907
138 903
993 963
171 60
922 526
616 949
994 258
774 855
846 677
299 759
585 20
406 75
962 464
524 993
356 1035
38 822
1005 879
85 792
128 340
502 554
991 337
691 522
786 846
387 417
311 620
107 574
526 770
532 1102
691 982
1048 964
392 114
392 69
267 346
171 702
356 402
716 964
360 743
162 852
972 210
572 743
59 837
616 505
1044 743
422 158
422 195
460 73
333 143
1018 1080
1023 492
138 249
175 682
860 506
406 318
955 126
994 540
1130 485
406 1059
784 1002
1095 896
756 462
175 923
162 67
1125 503
1047 248
1047 514
85 983
957 668
1106 673
676 434
990 189
955 1035
506 577
1044 1
746 836
333 441
175 38
162 1114
786 586
438 980
356 1048
515 685
719 642
922 172
764 7
658 431
1075 21
392 336
670 204
356 66
107 577
862 520
572 477
818 1058
957 275
585 1021
957 861
171 1117
412 588
14 417
846 939
319 112
412 202
784 609
138 541
311 887
439 6
927 94
128 812
616 751
162 1080
862 517
297 689
1130 825
670 389
817 938
75 484
897 924
1059 973
302 1040
506 7
670 1086
817 947
387 55
972 854
412 264
577 580
528 750
746 901
89 690
990 501
846 471
786 1050
528 57
607 51
768 412
860 586
691 211
460 237
267 150
1048 670
506 761
986 148
818 344
784 536
796 1037
976 9
719 401
35 64
333 261
107 1036
506 1049
333 1056
957 439
311 1042
506 460
319 980
439 842
528 344
356 272
817 405
89 417
506 205
257 211
348 846
897 781
718 776
1005 373
528 446
267 66
438 57
994 665
860 197
1125 286
1044 419
392 845
333 173
392 990
59 418
75 1109
311 139
267 665
719 515
297 477
817 673
818 491
719 89
927 962
786 39
267 933
253 858
860 260
175 1123
257 955
972 556
658 198
1113 656
860 250
719 958
972 828
75 777
990 864
438 833
860 1112
89 134
138 269
718 386
990 640
962 858
532 404
38 989
438 926
35 782
267 260
515 689
1048 466
1130 973
171 236
994 986
333 867
897 759
658 973
1106 724
1130 348
412 512
990 774
502 64
716 330
796 624
506 541
392 228
691 948
986 250
846 662
1095 404
1095 1035
138 413
691 1053
59 135
676 213
986 892
577 60
253 777
716 675
360 952
1075 450
986 341
1048 210
585 12
14 298
1048 186
35 544
299 614
1005 1037
532 549
171 821
532 308
297 160
108 220
786 1081
171 37
267 45
621 208
846 1099
348 627
995 864
1113 268
506 533
502 1072
846 366
768 343
955 136
506 1113
993 698
1075 328
622 1049
297 60
59 864
1113 624
1130 197
860 390
927 733
1018 762
319 614
786 174
302 922
356 234
59 629
1125 873
162 112
846 146
297 350
302 388
774 475
253 1063
994 1081
972 354
774 571
691 571
774 787
846 422
38 331
356 934
297 465
1018 537
897 966
993 1010
257 797
957 430
1106 210
616 169
128 53
1075 85
1047 304
577 457
506 354
764 1061
465 550
616 465
621 215
585 635
774 118
991 494
860 375
138 1127
1044 240
297 822
348 2
1005 1069
299 396
297 43
846 170
1125 946
1047 808
460 142
796 714
85 450
995 778
14 945
658 495
392 994
35 83
1005 481
171 433
38 925
406 598
993 954
746 495
1059 98
572 707
506 446
506 549
387 304
457 446
392 384
356 135
128 427
457 66
422 110
746 1038
676 238
658 868
1130 93
59 187
108 1063
333 165
460 382
786 806
38 918
1048 1065
691 108
897 1026
532 775
572 1050
962 1083
506 100
670 707
860 1019
267 514
818 205
311 228
764 1022
976 577
506 410
962 222
257 290
846 462
862 476
753 680
986 517
360 121
175 958
756 859
607 1015
572 608
955 415
1130 161
438 345
860 1124
818 746
319 47
108 793
1047 520
1095 795
128 372
14 1087
171 1045
972 1101
107 833
817 87
1130 689
1095 1091
162 402
515 171
526 49
719 152
1113 866
356 535
1095 976
1075 671
439 31
927 842
990 661
786 888
719 313
348 850
1106 772
59 974
108 874
768 602
465 367
171 713
302 672
532 863
955 653
786 760
89 103
922 105
774 313
438 749
532 355
616 92
1113 406
267 115
1023 654
976 1
465 1007
753 0
962 315
422 786
138 371
302 218
818 510
356 107
817 967
1023 477
1125 753
528 523
993 320
784 661
786 768
1048 885
162 493
457 945
1044 439
528 1028
108 63
526 1007
1130 1038
993 410
957 527
670 1007
392 853
439 420
622 832
572 248
577 671
768 1005
585 220
986 953
577 1108
818 289
585 101
526 175
622 1031
718 782
1075 867
616 912
128 252
658 259
753 846
718 1008
302 979
796 63
972 141
670 562
457 460
616 648
691 533
676 499
526 776
786 1126
502 533
1095 534
607 1008
38 447
14 649
465 530
897 258
422 1070
108 972
616 876
85 653
162 126
955 1044
438 1034
319 399
1005 141
1023 488
1047 948
138 987
128 705
439 630
38 288
1130 813
846 264
927 347
319 603
506 678
1005 996
267 380
299 128
1044 799
796 22
1106 302
1059 597
957 357
796 662
387 656
319 166
1023 422
387 1030
107 169
993 809
768 199
897 798
607 155
311 739
756 808
162 660
171 1126
1047 236
1106 1120
616 208
957 139
621 284
267 351
1059 640
253 731
465 1100
107 902
311 284
107 1033
994 1068
1048 383
1075 23
925 932
1047 971
718 35
658 40
796 323
756 926
719 667
1075 71
348 476
585 250
768 336
927 1121
524 943
995 1096
526 997
1125 973
621 131
860 761
253 733
14 19
465 583
1044 164
1125 59
253 1041
991 749
957 818
621 43
319 540
1095 140
616 1053
356 333
990 171
175 760
616 572
526 702
438 664
607 1108
756 676
927 269
302 1119
991 476
1075 373
85 284
356 797
976 619
526 644
572 314
658 747
746 715
993 435
75 439
577 42
616 695
817 871
524 964
716 787
128 544
319 1088
526 1084
962 345
753 203
784 249
753 9
622 478
438 788
935 663
995 189
171 999
607 35
267 790
658 753
387 368
387 177
786 190
75 353
585 698
253 159
658 1069
439 503
257 980
986 1019
348 1070
502 628
356 74
1044 172
676 1116
1075 1086
438 440
994 338
935 946
515 1130
986 928
577 216
406 609
756 630
412 1003
1005 537
922 626
257 558
460 859
59 1052
524 138
1048 450
817 540
994 940
577 546
253 469
935 466
502 127
35 179
957 374
59 486
1130 97
774 579
607 114
746 958
622 211
348 1054
719 213
753 201
621 172
502 534
753 440
616 525
796 787
995 102
1059 325
438 193
1113 981
955 395
818 514
719 955
1095 118
1113 527
972 581
59 797
927 564
138 18
392 960
993 985
253 22
1048 1019
962 805
676 409
818 1097
718 979
676 120
1106 322
1048 147
572 141
387 542
175 543
1075 765
764 718
577 134
621 154
957 102
59 283
719 751
962 828
89 645
621 342
1075 842
438 414
1106 1095
438 272
716 125
796 267
922 793
935 204
862 976
406 661
786 72
85 273
753 19
128 143
1023 787
75 637
524 754
986 77
1125 145
786 1059
59 581
1005 15
392 440
302 575
719 147
319 305
460 230
406 549
460 528
1047 257
175 275
607 494
577 164
658 876
171 240
990 144
718 204
506 933
756 381
862 848
457 865
616 683
1130 318
577 235
506 696
990 773
784 513
457 917
1059 305
506 515
927 447
691 23
756 233
897 536
764 565
38 970
991 754
1125 642
607 415
35 838
753 1044
753 185
387 372
356 211
108 946
392 898
526 917
1018 945
862 584
585 330
524 1069
585 501
333 128
526 934
1125 1061
438 679
162 98
526 732
786 214
818 793
422 847
1113 216
356 1038
38 691
995 392
962 566
616 253
526 1049
297 31
718 869
387 312
89 421
658 404
774 239
465 392
267 278
392 727
138 109
817 980
138 635
528 862
1023 77
786 537
691 851
267 641
175 119
333 1087
1095 814
991 1086
1075 898
993 1023
319 495
348 805
171 387
175 207
622 854
658 596
784 155
253 1086
957 726
622 461
1044 245
465 669
35 780
465 19
616 894
986 666
577 1064
299 317
360 583
786 395
993 970
1047 1014
716 1088
299 901
128 625
719 653
1048 1050
392 678
1047 111
922 694
299 941
253 417
862 605
846 232
753 217
1044 647
621 283
796 840
