14 862
14 412
14 369
14 577
14 632
14 529
14 650
14 660
35 397
35 1044
35 1075
35 688
35 763
35 460
35 661
35 706
35 596
38 312
38 863
38 309
38 819
38 1108
38 145
38 1110
38 1096
38 361
38 564
59 791
75 618
75 85
75 72
75 397
75 467
75 596
85 1028
85 661
85 618
85 75
85 13
85 1044
85 35
85 467
89 444
108 283
128 951
138 1111
138 1023
138 256
138 9
162 990
171 1106
175 473
175 1085
175 819
175 209
175 1037
175 163
175 145
175 26
175 758
175 825
175 952
175 1096
175 951
175 863
175 1110
175 815
175 1092
175 408
175 924
175 361
175 574
175 895
253 339
257 1106
257 660
257 957
297 1113
297 846
297 520
297 311
297 637
297 704
297 687
299 1125
299 784
302 556
302 532
311 952
311 704
311 373
311 213
311 994
311 163
311 444
311 637
311 991
311 727
311 895
311 1110
311 846
311 473
311 951
311 235
311 828
311 904
311 1096
311 361
311 924
311 90
311 309
311 1115
311 312
311 585
311 815
311 181
311 356
311 1113
311 226
311 733
311 687
311 751
319 753
319 967
333 691
348 786
356 786
356 307
356 953
356 1011
356 824
356 51
356 680
360 106
360 181
360 179
360 704
360 1019
360 637
360 90
360 520
360 507
360 963
387 512
387 889
387 1009
387 870
387 804
387 32
387 450
387 276
387 77
387 435
387 438
387 728
387 164
387 530
387 93
387 212
387 498
387 191
387 926
387 221
387 234
387 957
387 573
387 1048
392 1096
392 26
392 348
392 1115
392 163
392 952
392 863
406 92
406 7
406 468
406 719
412 750
412 1047
412 764
412 1002
412 81
412 450
412 1021
412 532
412 962
412 800
422 1108
422 612
422 828
422 817
422 1082
422 531
422 1115
422 464
422 564
422 1129
422 602
422 1110
422 372
422 26
422 546
422 716
422 516
422 1017
422 312
422 863
422 396
422 27
422 842
422 113
422 952
422 1019
422 163
422 473
422 270
422 704
422 618
422 103
422 137
422 924
422 361
422 934
422 994
422 991
422 1018
422 311
422 542
422 289
422 727
422 1096
422 328
422 687
422 733
422 350
422 583
438 231
438 320
438 387
438 889
439 986
457 428
460 763
460 955
460 35
460 1075
465 957
465 792
465 210
465 432
465 356
465 283
502 993
502 621
502 506
502 481
502 162
502 756
502 963
506 925
506 13
506 784
515 282
515 472
524 1115
524 824
524 1096
524 828
526 402
526 951
528 828
532 412
532 691
572 329
572 995
572 1095
572 1111
572 285
572 9
577 468
577 7
577 789
577 14
577 1081
577 1025
577 301
577 318
577 935
577 92
585 312
585 226
585 444
585 751
585 716
585 704
585 396
585 1019
585 350
585 531
585 825
585 311
585 904
585 270
585 137
585 1018
585 408
585 22
585 361
585 1110
585 828
585 815
585 516
585 842
585 309
585 473
585 145
585 992
585 564
585 520
585 819
585 372
585 1129
585 727
585 991
585 817
585 213
585 235
585 163
585 994
585 924
585 637
616 542
616 35
616 460
616 687
616 1019
616 763
616 658
616 704
616 1075
616 1044
621 502
622 460
622 556
622 507
622 756
658 846
658 520
658 184
658 704
658 616
670 1005
670 780
670 46
670 136
676 781
676 145
676 574
676 923
676 537
676 309
676 361
676 952
676 1096
676 477
676 951
676 175
676 328
676 192
676 166
676 209
676 815
676 1082
676 1108
676 819
676 39
676 471
676 473
676 76
676 245
691 333
691 1125
691 532
691 284
716 817
716 542
716 395
716 76
716 924
716 469
716 564
716 704
716 1115
716 422
716 328
716 1108
716 372
716 1082
716 254
716 350
716 574
716 103
716 516
716 687
716 1018
716 585
716 1019
716 637
716 122
716 408
716 213
716 270
716 1110
716 890
716 309
716 1129
716 602
716 733
716 311
716 520
716 179
716 828
716 992
716 994
716 181
718 957
719 1081
719 92
719 1080
719 406
753 319
753 435
756 502
756 299
768 251
774 951
784 299
784 578
784 952
784 507
784 951
784 1115
786 1082
786 213
786 824
786 348
786 934
786 977
786 1096
786 122
786 502
786 727
796 329
796 1095
796 1111
796 572
796 136
817 1115
817 520
817 372
817 270
817 122
817 395
817 991
817 828
817 716
817 90
817 1129
817 727
817 687
817 350
817 842
817 637
817 977
817 1018
818 107
846 179
846 297
846 658
846 181
846 360
846 1113
846 704
860 502
862 283
862 507
862 1044
862 14
862 995
862 660
862 957
862 1125
862 257
862 824
897 1044
897 951
922 767
925 506
927 904
935 650
935 978
935 577
935 406
935 930
935 468
935 789
935 14
955 951
955 1048
957 653
957 4
957 1006
957 77
957 617
957 283
957 1125
957 257
957 210
957 696
957 691
957 6
957 1009
957 718
957 442
957 465
957 307
957 862
957 212
962 412
976 35
986 862
990 502
991 602
991 520
991 76
991 1017
991 574
991 817
991 1082
991 444
991 181
991 727
991 1019
991 226
991 842
991 213
991 716
991 90
991 26
991 361
991 733
991 637
991 781
991 328
991 687
991 531
991 1115
991 704
991 270
991 952
991 583
991 122
991 422
991 395
991 311
991 145
991 564
991 1110
991 1129
991 992
991 469
991 235
991 585
991 1044
993 21
993 502
994 1018
994 311
994 350
994 825
994 585
994 828
994 444
994 520
994 817
994 890
994 1108
994 1129
994 464
994 122
994 781
994 90
994 181
994 469
994 179
994 422
994 312
994 637
994 716
994 992
994 952
994 372
994 328
994 26
994 924
994 1110
994 704
994 842
994 145
994 583
994 934
994 819
995 572
1005 1080
1005 46
1005 670
1005 499
1005 136
1005 1105
1005 608
1005 367
1005 780
1018 781
1018 373
1018 213
1018 842
1018 350
1018 1108
1018 687
1018 542
1018 520
1018 924
1018 328
1018 311
1018 952
1018 755
1018 1115
1018 473
1018 994
1018 372
1018 1110
1018 10
1018 895
1018 716
1018 145
1018 137
1018 531
1018 564
1018 817
1018 226
1018 583
1018 122
1018 637
1018 727
1018 585
1018 751
1018 76
1018 1129
1018 904
1018 270
1018 90
1018 361
1018 26
1018 890
1018 422
1018 977
1018 546
1018 312
1018 819
1023 285
1023 256
1023 138
1023 275
1044 35
1044 706
1044 616
1044 360
1044 897
1044 862
1044 991
1044 188
1044 75
1044 181
1044 976
1044 542
1044 637
1044 1075
1044 626
1044 90
1044 596
1044 688
1044 687
1044 1048
1044 951
1047 529
1047 321
1047 412
1048 950
1048 498
1048 889
1048 804
1048 164
1048 955
1048 239
1048 793
1048 99
1048 352
1048 354
1048 672
1048 1102
1048 231
1048 234
1048 1086
1048 188
1048 951
1059 283
1075 1044
1075 616
1075 460
1075 763
1095 9
1095 796
1095 284
1095 285
1095 1111
1095 256
1095 275
1106 862
1106 257
1106 283
1113 1129
1113 846
1113 311
1125 952
1125 962
1125 862
1125 156
1125 824
1125 284
1125 139
1125 972
1125 356
1125 751
1130 136
1130 145
1130 904
1130 367
1130 289
1130 1105
1130 1005
