2 747
9 472
9 1148
9 932
9 1306
15 922
15 38
15 47
31 610
36 478
36 1026
36 770
43 969
43 205
43 659
43 691
43 493
43 1014
44 495
47 610
48 1150
48 1257
48 876
48 730
48 1228
48 1127
48 672
48 761
48 599
48 747
48 661
48 477
48 308
48 268
48 981
48 645
48 158
48 1138
48 405
48 487
48 1132
48 1109
48 1235
48 1042
48 1165
48 1323
48 1410
52 285
52 826
52 838
53 494
57 1038
57 1228
57 341
57 88
57 592
57 491
57 596
57 740
57 255
57 375
57 887
60 1228
60 1411
60 610
60 473
60 1138
61 1058
61 1243
61 552
61 308
61 1249
61 902
61 1340
61 1210
61 801
61 97
61 1207
61 336
61 627
61 1215
61 162
61 153
61 134
61 1196
61 1062
61 1078
61 1240
61 1228
61 392
61 550
61 491
61 1326
61 587
61 306
61 516
61 442
61 390
65 1148
65 1363
75 1092
75 74
75 747
75 664
80 1260
80 592
80 965
80 1145
80 1371
80 604
80 427
80 1088
80 386
80 838
80 55
80 649
80 985
80 610
80 1230
80 1313
81 940
81 1218
81 427
81 806
86 242
86 826
88 983
88 763
88 383
89 1148
93 1344
97 997
97 129
97 336
97 346
97 351
97 516
98 333
110 733
110 424
110 693
110 976
110 11
110 341
110 1213
110 764
110 1159
110 1016
110 1242
110 810
110 72
110 285
110 442
110 1191
110 247
110 655
110 877
110 80
110 902
110 1440
110 1066
110 495
110 1007
110 1062
110 731
110 417
110 819
112 1235
112 838
113 930
113 1044
113 177
113 796
113 1369
121 610
125 318
125 123
125 963
125 732
125 1425
125 1221
125 1194
129 708
129 1196
132 255
140 537
140 60
140 767
140 1349
140 124
140 678
140 53
140 599
140 1122
140 1250
140 731
140 992
140 826
140 501
140 626
140 1010
140 154
140 1266
140 693
140 1362
140 323
140 237
140 307
140 724
140 195
140 1175
140 831
140 1185
140 2
140 296
140 901
140 679
140 1221
140 1016
140 1045
140 411
140 1100
140 548
140 78
140 318
140 5
140 481
140 150
140 1053
140 181
140 625
140 948
140 496
140 125
140 174
140 126
147 1036
150 1114
158 205
158 1133
158 1261
158 1191
174 747
176 427
180 4
187 599
194 383
194 1256
194 1288
194 444
200 763
202 796
202 1383
204 205
204 1138
204 107
204 610
205 1145
205 405
205 540
205 809
205 150
205 855
205 181
205 1076
205 36
205 249
205 725
205 1371
205 1040
205 1053
205 963
205 133
205 959
205 558
205 747
205 609
205 910
205 1191
205 784
205 347
205 887
205 160
205 1151
205 258
205 232
205 1001
205 840
205 1426
205 99
205 70
205 1260
205 1262
205 409
205 981
205 538
205 754
205 826
205 984
205 359
205 643
205 158
205 801
205 1031
205 1183
205 789
205 1170
205 552
205 204
205 1051
205 63
205 580
205 490
205 1042
205 1391
205 304
205 364
205 410
205 1218
205 1138
205 500
205 615
205 11
205 383
205 1016
205 1086
205 1224
205 303
205 745
205 1107
205 1347
205 467
205 310
205 1168
205 575
205 1062
205 803
205 1399
205 462
205 693
205 969
205 115
205 274
205 1215
205 381
205 424
205 795
205 1327
205 1271
205 417
209 1016
212 835
212 1365
226 212
235 1133
239 351
239 1235
239 699
239 948
239 691
239 1401
242 41
242 222
242 1316
242 610
242 725
242 86
242 31
242 1340
242 216
242 975
242 552
242 569
242 853
242 424
242 48
242 1262
242 427
242 289
242 229
242 1025
242 310
242 779
242 826
242 452
242 524
242 1211
242 417
242 782
242 957
242 1260
242 98
242 342
242 235
242 40
242 481
242 581
242 876
255 1138
257 1399
257 801
257 1148
257 577
257 1185
257 587
257 349
257 1058
257 1363
257 1249
257 754
257 599
257 378
257 561
257 1119
257 1320
257 390
257 308
257 902
257 159
257 90
257 1234
257 1287
257 179
257 31
257 1340
257 158
257 463
257 610
257 1207
257 714
257 840
257 162
257 1372
257 487
257 1215
257 718
257 154
257 84
257 358
257 1420
257 1062
257 442
257 1418
257 112
257 826
257 1036
257 1369
257 571
257 491
257 1168
257 344
257 269
257 1436
257 1007
257 1289
257 1014
257 992
257 1150
257 351
257 1196
257 1103
257 1402
257 954
257 210
257 1045
257 1335
257 759
257 55
257 171
257 1016
257 791
257 1364
257 501
257 757
259 1130
268 1148
268 427
268 387
271 351
274 427
283 756
285 454
285 341
285 886
285 992
285 533
285 1329
285 562
294 351
294 81
294 975
296 1122
313 587
313 28
313 810
313 747
313 1228
318 334
318 1194
318 731
318 125
318 253
318 415
318 963
320 1235
320 1138
339 888
341 609
341 412
341 967
341 838
341 575
341 1187
341 205
341 1041
341 1243
341 1191
341 1042
341 1351
341 193
341 410
341 886
341 1085
341 585
341 553
341 1364
341 129
341 1107
341 725
341 463
341 1260
341 237
341 188
341 358
341 1019
341 245
341 1006
341 1234
341 1396
341 791
341 1188
341 1186
341 681
341 1183
341 68
341 446
341 602
341 31
341 620
341 1322
341 909
341 595
341 43
341 206
341 299
341 855
341 1177
341 936
341 1324
341 380
341 1160
341 424
341 1228
341 840
341 1411
341 1347
341 890
341 606
341 1142
341 900
341 350
341 417
341 931
341 929
341 959
341 826
341 373
341 149
341 972
341 784
341 32
341 538
341 914
341 843
341 1078
341 1289
341 17
341 128
341 359
341 994
341 311
341 453
341 133
341 896
341 381
341 754
341 429
341 996
341 355
341 364
341 159
341 266
341 361
341 346
341 688
341 1380
341 1210
341 252
341 1245
341 661
341 273
341 579
341 1293
341 487
341 1254
341 1001
341 1445
341 570
341 44
341 313
341 348
341 57
341 80
341 1359
341 558
341 267
341 958
341 26
341 1190
344 341
344 1358
344 1026
344 483
344 696
344 610
344 837
344 592
344 399
344 72
344 12
344 1160
344 490
344 1001
344 800
344 1058
344 1087
344 487
344 640
356 826
370 515
375 196
375 817
375 845
375 1445
375 265
375 679
375 940
375 1083
375 1228
375 930
375 45
375 1142
375 875
375 874
375 1169
375 1133
375 899
375 1223
375 703
375 1323
375 992
375 725
375 211
375 583
375 967
375 109
375 52
375 484
375 405
375 89
375 1405
375 289
375 602
375 270
375 592
375 1218
375 348
375 54
375 1230
375 487
375 587
375 833
375 866
375 167
375 651
375 1076
375 424
375 1096
375 1416
375 226
375 1364
375 1178
375 387
375 132
375 420
375 994
382 845
382 625
382 310
382 658
382 610
387 491
387 132
387 498
387 550
387 1347
387 911
387 685
387 229
387 1133
387 1329
387 194
387 427
387 613
387 585
387 725
387 835
390 1078
396 1364
396 930
398 253
398 334
398 856
398 125
398 731
398 415
398 1262
398 1138
398 318
415 751
415 318
415 472
415 334
415 253
415 1425
415 963
415 123
415 1262
417 1127
420 498
420 1417
420 135
420 31
420 1060
420 613
420 729
420 614
420 660
420 835
420 1133
420 824
420 936
420 194
420 229
420 294
420 606
420 1318
420 193
420 270
420 1428
420 1209
420 788
420 1364
420 129
424 412
424 26
424 1215
424 1286
424 1191
424 257
424 1142
424 311
424 1076
424 691
424 538
424 505
424 581
424 689
427 766
427 1292
427 318
427 311
427 1133
427 55
427 1276
427 53
427 1087
427 1002
427 376
427 801
427 1043
427 941
427 1329
427 754
427 1148
427 214
427 838
427 360
427 734
427 1353
427 583
427 1139
427 1200
427 13
427 193
427 491
427 229
427 1114
427 982
427 1136
427 317
427 729
427 1185
427 255
427 1271
427 878
427 727
427 1364
427 1178
427 976
427 1291
427 270
427 659
427 452
427 1069
427 876
427 278
427 57
427 1378
427 587
427 585
427 81
427 1104
427 98
427 1086
427 329
427 1162
427 132
427 1147
427 1107
427 1318
427 979
427 595
427 310
427 26
427 1250
427 411
427 289
427 387
427 1231
427 412
427 1048
427 837
427 1428
427 953
427 550
427 1209
427 1222
427 525
427 303
427 351
427 410
427 1416
427 930
427 703
427 1228
427 1347
427 689
427 613
427 1037
427 835
427 330
427 135
427 1260
427 1205
427 209
427 844
427 1138
428 301
434 280
441 1380
444 346
444 844
444 194
444 603
444 747
444 181
445 890
447 874
447 468
447 807
447 446
447 440
447 1422
447 359
447 85
447 40
447 112
447 878
447 847
447 863
447 55
447 500
447 1440
448 78
448 1418
448 548
448 411
448 501
448 125
448 88
448 767
448 126
448 846
448 1349
448 1250
448 1207
448 599
448 318
448 283
448 1007
448 1237
448 1365
448 99
448 901
448 678
448 1053
448 1215
448 948
448 1112
448 174
448 53
448 915
448 1019
448 1185
448 1362
448 2
448 142
448 1010
448 1306
448 296
448 1122
448 1045
448 1100
448 60
448 693
448 1127
448 334
448 786
448 5
448 992
448 496
448 1175
453 1014
453 341
454 1228
466 1236
467 205
467 490
467 351
467 1086
467 61
467 896
478 1148
491 193
491 427
491 1016
491 1432
491 599
491 807
493 318
493 954
493 1215
493 691
493 122
493 1299
494 53
495 65
495 44
495 591
495 582
495 1440
495 592
495 747
495 303
495 595
501 1194
501 1062
501 765
501 1147
501 599
501 1365
501 4
501 1425
501 731
501 398
504 610
515 838
515 661
515 826
515 370
516 112
521 113
521 1084
521 886
521 1078
521 1237
521 99
521 1037
533 126
540 496
540 632
540 1346
540 304
540 793
540 352
540 1010
540 153
540 374
540 1019
540 747
540 1440
540 772
540 181
540 311
540 1443
540 838
540 756
540 564
540 1215
540 835
540 48
540 1403
540 1045
540 1210
540 767
540 882
550 644
550 599
550 581
550 708
550 723
550 359
550 321
550 147
550 513
558 1418
558 1228
558 599
558 16
558 992
563 1349
568 244
577 1383
580 465
581 550
582 1028
582 660
582 1415
582 495
585 343
585 1092
585 660
585 80
585 1072
585 414
585 465
585 275
585 838
587 1046
587 278
587 1403
587 329
587 583
587 1053
587 119
587 156
587 893
587 1236
587 800
587 427
587 1166
587 1147
587 1185
587 578
587 1168
587 1328
587 129
587 788
587 504
587 967
587 1349
587 193
587 496
587 420
587 475
587 896
587 1247
591 1415
591 747
591 495
592 487
592 1014
592 495
592 1183
595 341
595 711
595 740
595 1288
595 427
595 1026
595 969
596 7
596 255
596 323
596 462
596 1001
596 57
596 1183
596 351
596 622
596 1424
596 826
596 969
596 910
596 50
596 403
597 603
599 747
599 1210
599 550
599 48
599 558
599 427
601 1030
603 194
603 1288
603 1148
603 625
610 1114
610 1420
610 941
610 229
610 563
610 1228
610 711
610 383
610 950
610 344
610 801
610 808
610 930
610 595
610 410
610 61
610 488
610 1360
610 194
610 60
610 382
610 1001
610 689
610 948
610 47
610 242
610 181
610 515
610 747
610 1191
610 4
610 1078
610 603
613 1242
620 711
620 4
620 351
620 427
625 382
625 954
625 484
625 122
625 747
625 1228
625 43
625 1092
625 810
625 603
626 140
626 181
626 826
626 1016
626 60
626 2
626 838
626 747
626 1235
628 915
631 933
631 880
644 550
646 846
646 558
659 43
661 346
665 610
667 1042
668 145
669 257
669 358
669 1076
669 1058
669 1016
669 415
669 689
669 160
669 1447
669 1382
669 928
669 1286
669 344
669 617
669 538
669 410
669 1191
669 589
669 1053
669 783
669 727
669 972
669 826
669 1148
669 99
669 439
669 412
669 1119
669 806
669 205
669 1145
669 215
669 609
669 1196
669 1426
669 941
669 613
669 840
669 526
669 404
669 1072
669 1213
669 348
669 324
669 1142
669 500
669 1055
669 11
669 304
669 703
669 597
669 303
669 59
669 482
669 1399
679 1208
679 847
689 1377
689 610
691 181
691 625
691 427
691 747
691 43
691 493
691 257
691 1365
691 378
694 826
695 981
695 1198
696 123
696 60
696 171
696 956
696 190
696 838
696 732
696 65
696 872
696 1122
696 1306
696 283
696 1319
696 1112
696 496
696 174
696 1086
696 1053
696 455
696 901
696 749
696 736
696 472
696 246
696 1087
696 948
696 501
696 641
696 865
696 1215
696 341
696 1208
696 1149
696 125
696 1266
696 427
696 162
696 323
696 817
696 1203
696 846
696 31
696 878
696 849
696 1278
696 940
696 196
696 195
696 468
696 1270
696 481
696 237
696 334
696 786
696 253
696 1209
696 726
696 358
696 1221
696 1349
696 632
696 485
696 1250
696 763
696 810
696 792
696 88
696 1267
696 559
696 295
696 625
696 693
696 124
696 292
696 826
696 1114
696 619
696 951
696 417
696 1330
696 739
696 159
696 262
696 546
696 1365
696 183
696 5
696 1185
696 483
696 1290
696 727
696 1004
696 599
696 154
696 1100
696 503
696 36
696 1385
696 16
696 767
696 257
696 1119
696 870
696 99
696 626
696 992
696 674
696 142
696 188
696 78
696 747
696 1
696 318
696 537
696 1237
696 353
696 389
696 371
696 1042
696 1282
696 1207
699 747
702 1014
711 80
711 9
711 620
711 424
711 1288
711 1148
724 253
724 980
724 1313
724 125
724 123
724 1262
724 1194
728 826
731 415
731 398
731 318
731 123
732 125
740 767
740 587
740 596
740 1311
740 1043
740 1352
740 57
740 230
740 119
740 351
740 1144
740 329
740 843
740 412
740 1152
740 679
740 886
740 595
740 693
740 887
740 304
740 880
740 1039
740 241
740 1010
740 763
740 764
740 930
740 1249
740 807
740 1395
740 1306
740 48
740 1439
740 869
740 1378
740 27
740 1230
740 1201
740 826
740 201
740 226
740 1065
740 214
740 424
740 1351
740 471
740 1000
740 1410
740 1033
740 181
740 1036
740 1323
740 109
740 599
740 344
740 1223
740 1106
740 878
740 1218
740 110
743 1179
745 747
747 525
747 763
747 1445
747 863
747 696
747 261
747 448
747 398
747 473
747 609
747 928
747 540
747 742
747 363
747 319
747 444
747 758
747 496
747 782
747 285
747 80
747 497
747 1184
747 507
747 583
747 220
747 1056
747 1032
747 271
747 1148
747 515
747 205
747 174
747 1114
747 1329
747 269
747 656
747 239
747 474
747 1142
747 1062
747 299
747 346
747 853
747 660
747 4
747 1084
747 890
747 252
747 699
747 528
747 1224
747 99
747 1237
747 2
747 69
747 1347
747 1418
747 904
747 727
747 1261
747 351
747 826
747 472
747 610
747 917
747 1226
747 304
747 810
747 1263
747 415
747 348
747 566
747 655
747 1440
747 1112
747 484
747 1223
747 225
747 626
747 313
747 1228
747 1053
747 677
747 1290
747 20
747 860
747 838
747 382
747 1138
747 1156
747 1127
747 1165
747 732
747 664
747 591
747 181
747 587
747 962
747 1016
747 1338
747 1212
747 829
747 620
747 821
747 700
747 1299
747 1288
754 1209
756 410
756 414
756 255
756 819
756 639
756 950
756 473
756 998
756 1184
756 283
756 362
756 975
762 1231
763 664
763 38
763 1014
763 510
763 992
763 740
763 1148
763 186
763 351
765 822
770 36
779 1133
793 810
796 1266
798 723
800 838
800 515
800 625
800 212
800 378
800 297
806 81
808 948
810 625
810 826
810 1235
810 819
810 235
810 961
810 950
822 1185
824 905
824 119
824 200
824 328
824 882
824 1215
824 764
824 845
824 424
824 420
824 513
824 1326
824 322
826 340
826 366
826 484
826 512
826 943
826 79
826 1294
826 184
826 1354
826 434
826 1337
826 1133
826 1418
826 912
826 138
826 360
826 804
826 1434
826 1074
826 308
826 38
826 84
826 662
826 614
826 747
826 675
826 150
826 1358
826 157
826 229
826 561
826 87
826 884
826 4
826 528
826 664
826 286
826 156
826 1012
826 1168
826 1131
826 1405
826 225
826 601
826 406
826 1038
826 1107
826 1352
826 152
826 760
826 994
826 867
826 1388
826 361
826 1095
826 58
826 1044
826 1164
826 828
826 264
826 322
826 422
826 262
826 663
826 176
826 1144
826 977
826 1147
826 31
826 22
826 107
826 846
826 1027
826 702
826 613
826 781
826 1152
826 415
826 104
826 431
826 617
826 1361
826 1028
826 808
826 1416
826 963
826 575
826 180
826 5
826 1372
826 1087
826 183
826 612
826 785
826 908
826 1078
826 404
826 857
826 894
826 399
826 1332
826 332
826 1295
826 455
826 129
826 899
826 580
826 640
826 1109
826 1120
826 337
826 282
826 758
826 677
826 1435
826 603
826 1366
826 82
826 952
826 574
826 656
826 167
826 1030
826 95
826 1218
826 829
826 1440
826 305
826 1059
826 362
826 441
826 914
826 818
826 154
826 405
826 163
826 752
826 1231
826 1447
826 873
826 932
826 843
826 901
826 376
826 1009
826 1132
826 1398
826 1289
826 1184
826 328
826 1421
826 205
826 53
826 2
826 498
826 279
826 1293
826 148
826 344
826 848
826 1143
826 504
826 352
826 288
826 896
826 1159
826 979
826 732
826 1351
826 995
826 883
826 198
826 1346
826 591
826 139
826 743
826 485
826 236
826 1292
826 1222
826 1148
826 428
826 719
826 1414
826 788
826 1257
826 195
826 836
826 1013
826 1411
826 486
826 458
826 402
826 770
826 1336
826 330
826 671
826 721
826 1344
826 871
826 13
826 609
826 491
826 918
826 212
826 1173
826 1214
826 827
826 687
826 389
826 691
826 990
826 1255
826 568
826 1117
826 692
826 1271
826 902
826 929
826 64
826 1419
826 1062
826 892
826 686
826 616
826 254
826 444
826 738
826 1182
826 187
826 1061
826 1380
826 922
826 966
826 1339
826 1022
826 1197
826 602
826 510
826 1247
826 304
826 243
826 1288
826 9
826 913
826 552
826 334
826 1176
826 8
826 844
826 975
826 587
826 1445
826 772
826 985
826 94
826 547
826 654
826 1194
826 1034
826 1228
826 954
826 1179
826 582
826 1244
826 1023
826 317
826 1195
826 1250
826 474
826 678
826 201
826 1306
826 1378
826 1115
826 216
826 1425
826 465
826 202
826 296
829 1353
835 1071
835 540
835 1414
838 1138
838 515
838 665
838 341
838 1233
838 215
838 52
838 251
838 140
838 626
838 112
838 1016
838 1414
838 768
838 1196
838 1082
838 558
838 1228
838 863
838 826
838 1447
840 24
847 679
853 102
853 552
853 325
853 1441
853 398
853 1390
853 1254
853 254
853 795
853 702
853 770
853 286
853 200
853 1053
853 160
853 284
853 924
853 110
853 628
853 525
853 707
853 1289
853 128
853 84
853 51
853 1119
853 900
853 1082
853 617
853 727
853 691
853 602
853 514
853 1407
853 755
853 471
853 860
853 516
853 1165
853 581
853 85
853 1080
853 941
853 40
853 358
853 5
853 113
853 737
853 215
853 1142
853 291
853 404
853 1334
853 1056
853 1009
853 326
853 772
853 749
853 161
853 661
853 201
853 1377
853 72
853 876
853 1154
853 1039
853 756
853 624
853 587
853 1311
853 345
853 627
853 1186
853 290
853 593
853 592
853 530
853 598
853 911
853 1000
853 799
853 257
853 27
853 1114
853 1412
853 1065
853 1073
853 1016
853 1389
853 300
853 897
853 1343
853 375
853 1087
853 575
853 567
853 510
853 962
853 725
853 959
853 324
853 1194
853 60
853 1351
853 946
853 1166
853 939
853 674
853 1378
853 477
853 83
853 235
853 376
853 9
853 487
853 486
853 802
853 973
853 424
853 95
853 1014
853 1040
853 224
853 1178
853 1143
853 304
853 1228
853 1173
853 258
853 467
853 74
853 689
853 1202
853 500
853 800
853 1200
853 1376
853 126
853 1338
853 814
853 318
853 1060
853 262
853 1057
853 509
856 398
856 1281
856 606
863 879
863 1364
863 1131
863 427
863 341
863 677
865 351
883 1349
883 835
883 562
883 300
883 708
883 1144
883 896
883 27
883 412
883 1040
883 398
883 90
883 1109
883 1084
883 1242
883 125
883 424
883 310
883 344
883 1078
883 80
885 1228
886 344
887 597
887 1236
887 523
887 80
887 1155
887 995
887 57
887 1185
887 439
887 1362
887 1382
887 340
887 589
887 1409
887 703
887 374
887 1360
887 727
887 1232
887 454
887 1426
887 1017
887 526
887 1117
887 405
887 572
887 424
887 941
887 1186
887 1072
887 898
887 1007
887 11
887 1026
887 974
887 1076
890 110
890 1191
890 415
890 351
890 900
890 445
896 1151
896 719
896 105
896 1358
896 1403
896 1062
896 490
896 1170
896 1143
896 1327
896 696
896 1107
896 235
896 1051
896 230
896 70
896 996
896 587
896 285
907 1130
908 826
912 220
912 722
912 1208
927 36
930 720
930 1165
930 659
930 1333
930 636
930 752
930 73
930 26
930 940
930 226
930 102
930 860
930 520
930 365
930 1071
930 463
930 824
930 538
930 391
930 609
930 1387
930 1201
930 428
930 730
930 606
930 1082
930 209
930 791
930 596
930 465
930 763
930 1087
930 1324
930 247
930 103
930 1299
930 747
930 194
930 512
930 1038
930 387
930 1065
930 386
930 1059
930 1048
930 1347
930 432
930 1037
930 232
930 776
930 889
930 725
930 801
930 527
930 402
930 587
930 748
930 511
930 1089
930 665
930 757
930 1211
930 856
930 2
930 106
930 332
930 34
930 1042
930 75
930 320
930 548
930 1127
930 1414
930 1352
930 691
930 870
930 1223
930 161
930 490
930 313
930 711
930 1260
930 1394
930 835
930 327
930 8
930 27
930 637
930 491
930 333
930 294
930 1095
930 1134
930 583
930 423
930 622
930 133
930 897
930 1262
930 303
930 249
930 373
930 509
930 1233
930 712
930 1086
930 518
930 679
930 559
930 1255
930 764
930 1444
930 410
930 109
930 1084
930 1199
930 1311
930 916
930 72
930 283
930 271
930 399
930 1160
930 510
930 767
930 614
930 1014
930 1425
930 577
930 586
930 1088
930 911
930 597
930 374
930 87
930 1182
930 78
930 1327
930 193
930 721
930 808
930 755
930 80
930 85
930 1188
930 1317
930 765
930 1146
930 132
930 796
930 1353
930 1419
930 973
930 756
930 833
930 1250
930 1390
930 1122
930 196
930 770
930 1329
930 1062
930 595
930 1385
930 672
930 1067
930 1267
930 976
930 475
930 1010
930 404
930 1244
930 625
930 820
930 908
930 1364
930 1416
930 268
930 1247
930 54
930 1445
930 1397
930 167
930 1222
930 664
930 585
930 938
930 486
930 1412
930 205
930 1331
930 175
930 255
930 959
930 929
930 1200
930 1214
930 966
930 1060
930 1377
930 825
933 880
933 631
936 181
940 1266
940 796
940 202
948 718
948 560
948 975
948 747
948 211
948 181
948 1288
948 1154
948 1360
954 1408
959 466
959 1422
959 779
959 725
959 1371
959 896
959 840
959 1169
959 980
959 1360
959 577
959 1403
959 383
959 886
959 885
959 1372
959 8
959 72
959 1040
959 964
959 843
959 898
959 535
960 1415
969 285
969 595
969 596
980 1194
992 840
992 1169
992 661
992 1166
992 500
992 1029
992 273
992 1196
992 1399
992 940
992 558
992 899
992 763
992 796
992 97
992 1445
992 1233
992 1009
1007 1227
1007 887
1014 595
1014 702
1014 375
1014 1207
1014 266
1014 1228
1014 1343
1014 525
1014 592
1014 763
1014 415
1014 351
1014 754
1014 976
1014 696
1014 1148
1014 57
1014 667
1014 255
1014 575
1014 594
1014 1036
1014 88
1014 801
1014 2
1014 1056
1014 424
1014 969
1014 1205
1014 1138
1014 1169
1014 1175
1014 453
1014 1218
1016 1399
1016 821
1016 504
1016 140
1016 696
1016 1175
1016 587
1016 625
1016 1038
1016 626
1016 310
1016 1147
1016 1003
1016 1042
1016 491
1016 1191
1016 9
1016 515
1016 370
1016 1001
1016 1183
1016 887
1016 747
1016 756
1016 665
1016 255
1016 1414
1016 1014
1016 800
1026 595
1030 601
1033 1302
1033 214
1033 1017
1033 224
1033 707
1033 33
1033 1237
1033 516
1033 733
1033 1101
1033 1313
1033 895
1033 158
1036 147
1036 809
1036 1062
1038 832
1038 747
1042 61
1042 1438
1042 154
1042 538
1042 354
1042 656
1059 427
1062 1215
1067 447
1074 4
1074 819
1074 826
1074 334
1074 472
1074 403
1074 389
1074 1235
1074 191
1074 9
1078 826
1078 610
1078 560
1078 1329
1078 61
1083 473
1093 826
1098 628
1100 585
1101 718
1101 887
1101 1033
1101 427
1115 310
1119 1148
1127 472
1127 501
1127 1045
1127 334
1127 915
1127 295
1127 817
1127 679
1127 440
1127 99
1127 846
1127 124
1127 481
1127 358
1127 411
1127 786
1127 296
1127 1194
1127 548
1127 1238
1127 792
1127 1112
1127 1053
1127 318
1127 154
1127 195
1127 323
1127 1418
1127 150
1127 1362
1127 1266
1127 1122
1127 1207
1127 417
1127 831
1127 142
1127 1221
1127 731
1127 1235
1127 197
1127 1349
1127 1306
1127 625
1127 767
1127 537
1127 827
1127 819
1127 88
1127 1007
1127 1019
1127 209
1127 181
1130 259
1133 1191
1133 63
1133 700
1133 1243
1133 794
1133 1297
1133 185
1133 1175
1133 1042
1133 61
1133 665
1133 596
1133 525
1133 803
1133 1062
1133 1343
1133 672
1133 1445
1133 895
1133 878
1133 237
1133 779
1133 1375
1133 235
1133 594
1133 375
1133 1439
1133 1143
1133 896
1133 1387
1133 893
1133 1078
1133 25
1133 835
1147 1288
1148 473
1148 1288
1148 427
1148 711
1148 528
1148 1138
1148 1235
1148 635
1148 930
1148 561
1148 285
1148 1114
1148 242
1148 65
1148 1016
1148 890
1148 696
1148 181
1148 610
1148 1301
1148 410
1148 497
1148 1306
1148 1228
1148 204
1148 351
1148 257
1148 1295
1148 838
1152 74
1154 1288
1154 597
1154 1360
1154 1078
1156 1404
1169 1196
1169 1131
1169 1395
1169 1312
1169 49
1169 23
1169 981
1169 31
1169 893
1169 1242
1169 725
1169 156
1169 580
1169 1428
1169 288
1175 354
1175 80
1175 1445
1175 729
1175 297
1175 424
1175 1226
1175 235
1175 1053
1175 18
1175 1014
1175 9
1175 255
1175 463
1175 444
1175 826
1175 1306
1175 591
1175 303
1175 250
1175 1037
1175 504
1175 1016
1175 1142
1175 606
1175 427
1175 1215
1175 458
1175 358
1175 109
1175 705
1175 132
1175 942
1175 1121
1175 585
1175 801
1175 1138
1175 1127
1175 948
1175 313
1175 930
1175 1228
1175 1243
1175 319
1175 573
1179 743
1180 826
1185 1198
1185 696
1185 339
1190 181
1191 1016
1191 1014
1191 808
1191 158
1191 1092
1191 1089
1191 890
1191 1199
1191 585
1194 229
1194 963
1194 123
1194 125
1194 724
1194 398
1194 253
1194 415
1194 980
1196 487
1196 803
1196 129
1196 1235
1196 838
1207 257
1207 61
1208 1127
1208 912
1208 534
1208 1298
1209 1288
1209 1360
1210 599
1215 794
1215 1036
1215 1020
1215 549
1215 1326
1215 4
1215 1240
1215 803
1215 493
1215 625
1215 264
1215 826
1215 427
1215 896
1215 802
1215 599
1215 860
1218 1053
1218 5
1218 427
1218 856
1218 1353
1218 299
1218 665
1218 1318
1218 1086
1218 486
1218 1173
1218 81
1218 817
1218 763
1218 678
1218 8
1218 596
1218 1250
1218 1247
1218 1191
1218 356
1218 844
1218 375
1218 882
1218 800
1218 835
1218 1148
1218 1276
1218 463
1218 1124
1218 1046
1218 1307
1218 48
1218 1209
1218 616
1218 58
1218 1038
1218 1057
1218 739
1218 617
1218 155
1218 378
1218 754
1218 271
1218 264
1218 1260
1218 349
1218 504
1218 320
1218 230
1218 236
1218 453
1218 651
1218 294
1218 1345
1218 490
1218 575
1218 772
1218 1014
1218 669
1218 592
1218 898
1218 129
1218 654
1218 152
1218 1341
1218 1087
1218 834
1218 66
1218 117
1218 1185
1218 351
1218 979
1218 431
1218 237
1223 4
1223 533
1223 1228
1224 310
1233 838
1237 615
1237 427
1237 181
1237 887
1237 1101
1242 747
1242 484
1242 826
1242 1228
1249 917
1249 26
1249 3
1249 336
1249 311
1249 1369
1249 1237
1249 1076
1249 1345
1249 500
1249 990
1249 538
1249 1106
1249 304
1249 232
1249 1347
1249 424
1249 68
1254 1022
1254 550
1254 1039
1254 1010
1254 889
1254 198
1254 383
1254 514
1254 534
1254 70
1254 433
1254 1394
1254 1042
1254 265
1254 1073
1254 1446
1254 882
1254 1008
1254 916
1254 680
1254 638
1254 602
1254 1295
1254 1111
1254 354
1254 930
1254 452
1254 1185
1254 73
1254 491
1254 1405
1254 943
1254 660
1254 651
1254 808
1254 1258
1254 816
1254 1246
1261 835
1263 699
1266 940
1266 202
1282 1306
1288 444
1288 60
1288 826
1288 501
1288 1148
1288 1147
1288 1331
1288 610
1288 950
1288 1418
1288 1114
1288 603
1288 98
1288 595
1288 747
1288 1346
1288 711
1291 944
1295 1228
1298 1208
1299 610
1299 747
1306 9
1306 932
1306 220
1306 1282
1306 443
1306 484
1312 1030
1313 724
1314 255
1314 981
1314 1344
1314 456
1329 826
1329 1078
1329 181
1329 1154
1329 1159
1329 610
1329 743
1329 560
1329 747
1329 1228
1331 631
1331 1288
1340 826
1344 756
1344 1314
1344 93
1346 1288
1349 826
1349 563
1349 1005
1352 1016
1353 181
1358 344
1362 568
1363 65
1364 660
1364 725
1364 498
1364 936
1364 587
1364 766
1364 585
1364 129
1364 193
1364 142
1364 613
1364 856
1364 703
1364 491
1364 1228
1364 911
1364 863
1364 824
1364 1417
1364 614
1364 135
1364 132
1364 1318
1364 729
1364 1378
1364 685
1364 351
1364 1347
1364 550
1364 1209
1364 1428
1365 351
1365 691
1369 374
1377 1106
1377 117
1383 81
1383 577
1401 239
1401 1349
1401 912
1402 1426
1402 992
1402 579
1403 1228
1411 271
1411 1288
1414 838
1418 723
1418 747
1418 610
1418 1175
1425 415
1439 1312
1440 320
1441 342
1443 747
1445 375
1445 1148
1445 801
