1 298
1 184
6 763
6 393
6 360
6 75
6 542
10 796
20 682
20 817
20 104
37 380
38 470
38 360
38 924
38 556
38 614
38 793
38 352
38 202
38 133
38 538
40 905
44 761
48 741
48 736
53 276
54 445
54 319
54 722
60 759
60 721
60 861
66 943
67 644
67 674
68 199
68 98
68 611
68 468
68 79
68 472
68 289
68 637
68 566
68 894
68 189
68 134
68 664
68 329
68 768
68 264
68 389
68 336
68 149
68 913
68 331
68 941
68 363
68 665
68 33
68 639
68 834
68 364
68 582
68 287
68 345
68 71
68 557
68 504
68 296
68 48
68 512
68 877
68 372
68 855
68 924
68 947
68 358
68 660
68 890
68 585
68 593
68 152
68 150
68 297
68 434
68 674
68 349
68 797
68 314
68 430
68 423
68 226
68 140
68 734
68 17
68 29
68 714
68 703
68 634
68 335
68 182
68 327
68 209
68 115
68 614
68 477
68 793
68 18
68 412
68 159
68 252
68 915
68 777
68 678
68 308
68 7
68 172
68 669
68 375
68 114
68 728
68 805
68 224
68 384
68 300
68 772
68 338
68 649
68 414
68 783
68 461
69 227
71 663
75 474
75 848
75 817
75 671
78 393
81 229
85 868
86 588
86 586
86 147
86 405
86 832
86 306
86 274
86 513
86 172
86 427
86 143
86 138
92 598
93 682
93 821
101 250
101 765
104 529
104 602
104 20
104 474
108 265
109 905
113 538
113 924
113 99
113 902
113 501
113 915
116 870
119 937
119 415
119 419
119 356
119 811
119 746
119 678
119 519
119 393
119 543
119 34
119 473
119 563
119 193
119 573
119 46
119 757
119 181
119 662
119 134
119 21
119 33
119 864
119 693
119 328
119 138
119 69
119 376
119 885
119 824
119 583
119 556
119 794
119 212
119 232
119 48
119 614
119 379
119 413
119 772
119 741
119 367
119 722
119 731
119 271
119 653
119 159
119 667
119 888
119 378
119 400
119 96
119 504
119 656
119 680
119 689
119 713
119 335
119 894
119 913
119 349
119 560
119 172
119 56
119 906
119 692
119 79
119 869
119 467
119 281
119 40
119 223
119 60
119 848
119 674
119 893
119 525
119 857
119 617
119 704
119 492
119 321
119 139
119 915
119 185
119 759
119 179
124 767
132 281
133 281
133 327
139 371
140 462
140 238
140 913
140 747
140 22
140 906
140 532
140 328
140 826
140 444
140 342
140 614
140 834
140 264
140 836
140 941
140 776
140 466
140 202
140 355
140 133
145 914
146 360
156 474
156 682
156 487
156 671
156 26
156 828
156 738
156 281
156 625
158 60
158 377
158 203
158 561
158 53
158 352
158 380
158 759
158 547
158 306
158 740
158 591
158 711
158 859
158 820
158 199
158 214
158 935
158 312
158 701
158 764
158 586
158 364
158 305
158 177
158 56
158 753
158 232
158 393
158 19
158 511
158 181
158 725
158 287
158 342
158 921
158 169
158 811
158 891
158 478
158 455
158 747
158 623
158 938
158 530
158 88
158 37
158 941
158 656
158 406
158 746
158 81
158 71
158 509
158 173
158 835
158 101
158 311
158 922
158 719
158 183
158 495
158 531
158 85
158 362
158 230
158 221
158 100
158 572
158 316
158 657
158 756
158 383
158 363
158 660
158 369
158 641
158 768
158 659
158 888
158 322
158 371
158 315
158 157
158 263
158 197
158 204
158 179
158 236
158 534
158 407
158 167
158 86
158 640
158 767
158 748
158 834
158 343
158 54
158 483
158 360
158 191
158 20
158 634
158 8
158 648
158 913
158 497
158 569
158 62
158 122
158 156
158 285
158 906
158 846
158 476
158 538
158 99
158 355
158 883
158 595
158 667
158 254
158 7
158 668
158 117
158 278
158 691
158 271
158 272
158 18
158 381
158 42
159 781
159 132
159 480
159 493
169 393
169 184
169 445
174 683
176 455
176 636
176 244
177 301
177 276
177 814
177 185
177 644
177 764
177 843
177 232
177 183
177 886
177 680
177 798
177 32
177 238
177 614
177 889
177 905
181 625
181 284
181 474
181 182
181 487
182 877
182 850
182 321
182 220
182 165
182 461
182 393
182 475
182 781
182 588
182 104
182 813
182 350
182 386
182 649
182 392
182 820
182 777
182 686
182 763
182 304
182 749
182 360
182 140
182 229
182 36
183 571
184 942
184 1
187 479
187 623
187 98
187 840
187 274
187 2
187 714
187 572
187 146
187 837
187 276
187 814
187 924
187 597
187 725
189 201
189 292
189 214
189 814
189 869
189 699
189 269
189 63
189 669
189 718
189 398
189 781
189 586
193 458
193 584
193 893
193 284
193 35
193 707
193 223
193 153
193 484
193 56
193 105
193 666
193 95
193 641
193 610
193 259
193 328
193 624
193 845
193 410
193 189
193 763
193 462
193 945
193 470
193 60
193 652
194 614
197 661
197 849
197 281
197 393
197 48
197 301
197 828
197 940
197 35
198 319
200 292
201 940
201 292
201 886
201 139
202 817
213 474
218 834
227 795
227 258
227 286
227 536
227 433
227 907
227 2
227 281
227 268
227 532
227 860
227 576
227 485
227 698
227 914
227 632
227 350
227 185
227 804
227 412
227 470
227 236
227 93
227 585
227 267
227 35
227 119
227 75
227 728
227 687
227 108
227 407
227 390
227 374
227 675
227 538
227 598
227 542
227 671
227 648
227 405
227 1
227 447
227 229
227 763
227 319
227 938
227 338
227 788
227 254
227 552
227 169
227 539
227 761
227 946
227 780
227 235
227 49
227 170
227 292
227 455
227 886
227 123
227 520
227 7
227 346
227 786
227 607
227 287
227 767
227 857
227 905
227 308
227 376
227 133
227 642
227 753
227 631
227 587
227 906
227 561
227 639
227 467
227 58
227 38
227 197
227 935
227 69
227 828
229 161
229 292
229 328
229 455
229 281
229 786
229 586
229 614
229 119
229 474
229 391
229 694
229 674
229 418
229 316
229 517
229 834
229 6
229 359
232 264
232 292
232 82
232 90
232 904
232 567
232 187
232 408
232 227
232 258
232 715
232 737
232 706
232 356
232 238
232 913
236 474
238 529
244 158
244 176
246 737
249 292
249 682
249 189
250 765
250 930
251 915
251 561
251 795
251 350
251 30
251 305
251 226
251 374
251 906
251 1
251 49
251 799
251 346
251 753
251 607
251 185
251 52
251 905
251 547
251 520
251 390
251 267
251 730
251 642
251 407
251 532
251 698
251 938
251 923
251 113
251 58
251 815
251 360
251 467
251 825
251 648
251 595
255 340
255 631
255 801
255 763
255 287
255 143
255 29
255 214
255 201
255 361
258 886
263 821
265 108
269 651
269 840
269 661
269 861
269 817
270 393
274 138
274 736
274 54
274 292
275 327
275 671
275 393
275 848
275 907
275 194
276 81
276 366
276 704
279 817
280 308
280 37
281 357
281 876
281 70
281 234
281 622
281 799
281 866
281 520
281 702
281 109
281 612
281 817
281 561
281 314
281 32
281 279
281 254
281 650
281 338
281 912
281 180
281 72
281 873
281 588
281 580
281 283
281 488
281 434
281 537
281 647
281 327
281 640
281 736
281 602
281 682
281 202
281 17
281 391
281 645
281 150
281 508
281 456
281 162
281 239
281 585
281 99
281 5
281 91
281 410
281 822
281 839
281 87
281 807
281 258
281 781
281 583
281 720
281 40
281 845
281 104
281 849
281 610
281 356
281 24
281 389
281 339
281 459
281 406
281 280
281 542
281 23
281 635
281 752
281 487
281 414
281 213
281 793
281 301
281 361
281 744
281 154
281 181
281 911
281 139
281 388
281 676
281 66
281 262
281 739
281 67
281 236
281 712
281 309
281 534
281 90
281 832
281 147
281 229
281 828
281 349
281 368
281 614
281 714
281 705
281 210
281 433
281 166
281 770
281 446
281 878
281 49
281 214
281 173
281 729
281 816
281 392
281 464
281 601
281 393
281 429
281 196
281 97
281 375
281 175
281 530
281 382
281 450
281 81
281 946
281 43
281 243
281 637
281 495
281 165
281 506
281 944
281 661
281 865
281 29
281 677
281 829
281 266
281 804
281 111
281 130
281 363
281 197
281 190
281 460
281 517
281 325
281 98
281 738
281 403
281 929
281 455
281 140
281 901
281 480
281 569
281 747
281 678
281 538
281 198
281 259
281 274
281 205
281 667
281 836
281 0
281 4
281 643
281 145
281 771
281 400
281 390
281 639
281 475
281 225
281 369
281 616
281 905
281 461
281 477
281 856
281 277
281 427
281 164
281 833
281 344
281 176
281 922
286 133
286 276
287 134
287 736
287 393
287 597
287 292
287 412
287 97
287 378
287 60
287 170
287 535
287 799
287 828
287 893
287 700
287 485
287 861
287 578
287 472
287 391
287 698
287 779
287 328
287 351
287 839
287 662
287 561
287 837
287 585
288 828
292 355
292 941
292 707
292 40
292 150
292 532
292 172
292 287
292 379
292 763
292 756
292 290
292 109
292 557
292 356
292 249
292 445
292 59
292 598
292 736
292 140
292 143
292 383
292 654
292 759
292 276
292 776
292 828
292 780
292 504
292 124
292 406
292 674
292 913
292 614
292 603
292 200
292 801
292 853
292 836
292 945
292 779
292 893
292 592
292 929
292 360
292 466
292 847
292 725
292 403
292 52
292 593
292 328
292 859
292 147
292 479
292 617
292 263
292 682
292 54
292 551
292 98
292 664
292 134
292 586
292 886
292 94
292 189
292 556
292 146
292 405
292 834
292 883
292 651
292 484
296 501
296 364
296 607
296 274
296 346
296 606
296 666
296 554
296 480
296 359
298 623
298 354
298 445
298 835
298 648
298 840
298 631
298 448
298 861
298 753
298 287
298 321
298 603
298 687
298 675
298 905
298 158
298 634
298 554
298 761
298 878
298 408
298 156
298 823
298 718
298 399
298 911
298 869
298 193
298 893
298 479
298 466
298 807
298 388
298 239
298 454
298 274
298 647
298 20
298 906
298 281
298 398
298 140
298 61
298 29
304 388
305 745
308 905
308 391
308 280
308 817
308 301
311 169
312 158
321 529
322 207
327 388
327 614
327 661
327 133
327 275
327 886
327 393
328 661
328 614
328 298
328 837
328 786
328 825
328 597
328 846
328 418
328 227
328 689
328 682
328 229
328 722
328 363
328 84
328 193
328 911
328 736
328 122
328 388
328 873
328 400
328 274
328 393
328 764
328 427
328 140
331 883
340 513
340 838
340 614
343 938
346 467
350 182
350 614
351 893
352 38
354 393
355 138
355 588
355 18
355 603
355 832
355 147
355 836
355 941
355 306
355 405
355 276
355 143
355 86
355 54
355 236
355 546
355 913
355 139
359 607
359 850
359 231
359 193
360 146
360 588
360 614
360 940
360 682
360 292
363 144
363 614
365 905
366 614
374 586
377 571
377 828
377 478
377 614
378 519
380 37
380 391
386 569
386 828
386 931
386 48
386 802
386 182
388 602
388 837
388 886
388 914
388 556
388 571
388 393
388 933
388 261
388 530
400 374
400 572
400 470
400 671
400 467
400 598
400 642
400 75
400 305
400 698
400 1
400 520
400 113
400 576
400 308
400 328
400 407
400 753
400 687
400 835
400 886
400 906
400 763
400 905
400 692
400 547
400 49
400 299
400 938
400 229
400 729
400 382
400 915
400 38
400 267
400 786
400 226
400 725
400 281
408 480
410 26
418 328
418 229
421 676
424 182
426 848
430 423
442 391
442 474
442 828
442 905
445 578
445 292
445 54
445 169
448 38
448 465
453 535
454 682
454 191
454 472
455 940
455 736
459 614
461 728
461 945
461 869
461 641
461 839
461 715
461 670
461 517
461 768
461 585
461 480
461 624
461 371
461 482
461 597
461 91
461 609
461 56
461 854
461 76
461 134
461 278
461 836
461 349
461 479
461 389
461 707
461 781
461 513
461 799
461 556
461 711
461 910
461 484
461 906
461 645
461 84
461 95
461 610
461 255
461 153
461 283
464 821
465 281
465 448
465 472
467 764
470 924
470 99
470 793
472 336
472 332
472 480
472 772
472 623
472 804
472 303
472 427
472 703
472 910
472 169
472 600
472 840
472 835
472 140
472 454
472 626
472 634
472 687
472 305
472 390
472 678
472 165
472 757
472 830
472 158
472 914
472 335
472 132
472 18
472 306
472 578
472 913
472 139
472 868
472 107
472 893
472 360
472 640
472 504
472 886
472 884
474 614
474 181
474 156
474 104
474 694
474 191
474 236
474 828
474 284
474 269
474 182
474 480
474 229
474 440
474 905
474 519
474 423
474 487
474 189
474 484
474 671
474 530
474 823
474 602
474 737
474 592
474 661
474 137
474 393
474 213
474 817
478 377
478 626
480 182
480 631
480 268
480 888
480 408
480 421
480 834
480 819
480 772
480 592
480 474
480 303
480 544
480 227
485 534
485 767
485 733
485 287
492 10
492 182
492 785
501 866
503 93
504 287
504 772
504 480
504 821
506 566
513 340
518 924
518 99
518 49
518 113
518 793
519 828
519 731
519 172
519 551
519 593
519 727
519 69
519 281
519 604
519 287
519 321
519 283
519 236
519 478
519 54
519 274
519 317
519 389
519 669
519 73
519 886
519 303
519 99
519 768
519 840
519 890
519 771
519 100
523 644
525 828
525 269
525 292
525 319
530 350
530 905
530 553
530 388
531 229
534 650
534 485
535 684
535 453
535 258
537 903
538 799
546 284
546 817
558 729
564 287
569 328
571 73
571 388
571 258
571 301
571 281
571 253
572 643
572 343
572 281
578 378
578 434
578 914
578 276
578 694
578 213
578 911
578 106
578 828
578 54
578 507
578 669
578 826
578 834
578 682
578 292
578 384
578 90
578 39
578 781
578 347
578 139
578 572
578 763
578 308
578 214
578 390
578 546
578 143
578 201
578 342
578 22
578 258
578 761
578 715
578 363
578 405
578 938
578 530
578 544
578 428
578 33
578 367
578 495
578 580
578 380
578 287
578 461
578 479
578 597
578 759
578 941
578 553
582 150
585 137
585 694
585 682
585 48
585 146
585 649
585 763
585 418
585 503
585 274
585 913
585 781
585 535
585 388
585 825
585 327
585 321
585 356
585 862
585 229
585 938
585 360
585 392
585 772
585 31
585 843
585 868
585 241
585 475
585 906
585 820
585 41
585 737
585 461
585 150
585 350
585 777
585 677
585 423
585 674
585 294
585 846
585 201
585 431
585 281
585 469
585 828
585 923
585 718
585 357
585 644
585 29
585 38
585 164
585 291
585 191
586 223
586 597
586 189
586 63
586 374
588 295
588 768
588 360
588 182
588 160
588 685
588 928
597 839
597 577
597 261
597 566
597 823
597 781
597 586
597 737
598 643
602 817
602 388
602 474
602 682
604 640
607 231
607 296
607 850
607 905
608 474
614 177
614 402
614 412
614 189
614 316
614 169
614 826
614 469
614 186
614 478
614 479
614 158
614 15
614 319
614 366
614 674
614 335
614 350
614 858
614 75
614 868
614 391
614 464
614 168
614 817
614 251
614 529
614 940
614 400
614 707
614 780
614 242
614 727
614 382
614 704
614 738
614 77
614 393
614 739
614 281
614 118
614 261
614 647
614 327
614 577
614 205
614 530
614 761
614 889
614 786
614 675
614 947
614 474
614 218
614 661
614 84
614 781
614 839
614 785
614 571
614 525
614 586
614 197
614 119
614 7
614 700
614 37
614 838
614 608
614 561
614 43
614 323
614 140
614 682
614 229
614 848
614 921
614 317
614 328
614 767
614 641
614 454
614 725
614 671
614 363
614 745
614 711
616 38
617 554
618 10
621 647
624 445
625 156
625 474
625 671
625 284
626 794
632 821
634 286
636 176
640 840
640 604
640 781
640 511
640 737
640 294
640 276
640 172
640 472
640 232
640 373
640 535
640 304
640 182
640 130
640 759
640 119
640 22
640 454
640 853
640 120
640 181
640 171
640 862
640 141
640 258
640 712
640 906
640 716
641 602
647 808
647 682
647 614
647 203
647 533
648 281
650 275
651 269
651 582
656 738
656 769
656 861
656 158
656 789
656 167
656 588
656 552
656 82
656 707
656 358
656 912
656 814
656 492
656 938
656 544
656 8
656 785
656 510
656 66
656 125
656 31
656 585
656 882
659 938
661 682
661 435
661 940
661 423
663 71
668 752
669 940
669 360
669 631
669 201
669 593
669 763
669 454
669 847
669 492
669 332
669 152
669 811
669 475
669 189
669 249
669 705
669 923
669 321
669 399
669 737
671 487
671 823
671 817
671 600
671 156
671 75
671 905
671 850
671 614
673 614
674 777
674 229
674 614
674 292
674 893
676 421
676 71
676 663
682 697
682 484
682 391
682 940
682 683
682 905
682 281
682 728
682 328
682 186
682 794
682 158
682 608
682 442
682 647
682 269
682 474
682 519
682 817
682 825
682 556
682 393
682 913
682 846
682 229
682 700
682 232
683 212
683 828
683 682
683 597
683 174
688 360
694 474
697 676
698 809
698 761
699 831
701 614
701 295
701 173
703 700
706 821
709 52
711 387
719 342
719 172
719 902
719 703
719 238
719 255
719 561
719 132
719 102
719 326
719 823
719 232
719 354
719 39
719 284
719 801
719 512
719 287
721 60
722 571
722 767
722 652
722 781
722 119
722 301
722 836
722 794
722 840
722 828
722 868
722 597
722 606
722 737
722 236
722 554
722 623
722 512
722 687
722 812
722 845
722 340
724 474
729 558
730 828
733 485
734 232
734 405
734 182
734 715
736 391
737 886
737 474
737 597
737 246
745 614
752 189
752 685
752 748
752 603
752 357
752 890
752 170
752 427
752 172
752 480
752 524
752 418
756 837
759 592
759 21
759 893
759 121
759 689
759 736
759 772
759 589
759 828
759 60
759 861
759 28
761 763
761 287
761 295
761 682
761 578
761 44
761 298
762 713
763 807
763 201
763 321
763 6
763 36
763 790
763 890
763 624
763 311
763 240
763 825
763 165
763 291
763 48
763 386
764 73
764 137
764 419
764 467
764 780
764 556
764 447
764 328
764 176
764 905
765 101
766 292
767 815
767 799
767 382
767 350
767 648
767 30
767 607
767 467
767 299
767 825
767 185
767 52
767 687
767 725
767 907
767 857
767 520
767 561
767 1
767 906
767 124
767 576
767 940
767 835
767 915
767 301
767 49
767 547
767 346
767 642
767 786
767 793
767 572
767 905
767 446
767 763
767 647
767 923
767 598
767 671
781 886
786 133
786 328
786 281
786 905
786 400
786 229
786 767
786 561
793 99
793 470
793 899
793 915
793 907
793 518
794 722
794 60
794 156
794 614
794 631
794 288
794 281
796 10
798 817
799 915
799 99
799 538
799 683
799 793
799 518
810 159
810 182
810 607
810 383
810 308
810 525
817 269
817 625
817 474
817 861
817 614
817 724
817 546
817 20
817 101
817 671
817 280
817 821
817 308
817 281
817 651
817 279
820 356
820 222
820 554
820 396
820 475
820 813
820 357
820 828
820 926
820 763
820 106
820 607
821 67
821 504
821 614
821 817
821 861
821 878
821 632
821 263
821 706
823 474
825 212
825 179
825 189
825 785
825 561
825 886
825 86
825 213
825 401
825 562
825 647
825 258
825 377
825 200
825 427
825 736
825 104
825 393
825 828
825 9
825 840
825 711
825 383
825 613
825 274
825 862
825 767
825 236
825 661
825 328
825 906
825 614
825 528
825 308
825 492
825 158
834 286
834 429
834 388
834 328
834 873
835 943
835 485
837 839
837 287
837 327
837 229
837 328
837 933
839 666
839 828
839 781
839 905
839 262
839 222
839 468
839 861
839 119
839 719
839 775
839 904
839 6
839 763
839 718
839 263
839 214
839 715
839 419
839 193
839 603
839 646
839 583
839 941
839 323
839 567
839 737
839 393
839 573
839 227
839 177
839 556
839 767
839 614
839 303
839 604
839 367
839 69
839 685
839 41
839 316
839 704
839 301
839 231
839 492
839 676
839 916
839 140
839 312
839 291
839 258
839 651
839 349
839 687
839 86
839 479
839 389
839 442
839 689
839 837
839 239
839 335
839 59
839 155
839 82
839 391
840 631
840 768
840 56
840 327
840 269
840 585
840 335
840 651
840 617
840 291
843 873
859 484
861 60
861 421
861 497
861 759
861 287
861 821
861 292
865 500
866 501
868 281
870 116
870 566
873 281
873 321
873 474
873 328
876 303
877 418
878 119
886 751
886 328
886 688
886 107
886 727
886 304
886 933
886 737
886 781
886 281
886 535
886 141
886 327
889 177
893 665
893 274
893 674
893 298
893 393
893 351
893 821
893 759
893 292
893 363
897 883
897 44
897 694
897 141
897 931
897 840
897 928
897 886
897 804
902 793
903 537
913 795
913 274
913 147
913 427
913 945
913 801
913 832
913 20
913 236
913 143
913 138
913 588
913 682
913 546
913 736
913 328
913 674
913 86
913 249
913 462
913 897
913 586
913 355
913 513
915 470
915 793
915 99
915 924
916 393
921 780
921 614
923 186
923 240
924 907
924 518
924 915
924 941
924 113
924 99
928 588
933 886
933 327
933 915
933 388
933 908
933 304
938 343
938 806
938 659
941 497
942 85
942 184
943 835
