0 643
0 140
0 666
0 953
0 1253
0 1159
0 62
0 915
0 748
0 277
0 1307
0 334
0 518
0 209
0 756
0 1267
0 107
0 1059
2 607
2 1138
2 724
2 1338
2 608
2 455
2 403
3 445
3 419
3 837
3 313
5 441
5 381
5 306
5 258
5 495
5 211
5 589
5 404
5 1424
5 1361
5 770
5 341
5 1326
5 903
5 816
5 793
5 1029
5 482
5 357
5 1320
5 597
5 999
5 769
5 224
5 583
5 307
5 798
5 1121
5 318
5 930
5 642
5 817
5 458
5 1075
5 360
5 408
7 376
7 56
7 1331
7 334
7 293
7 209
7 1294
7 495
7 1408
7 406
7 1108
7 403
7 249
12 957
12 1405
12 757
16 380
16 779
16 1447
16 1183
16 1130
16 621
16 296
16 76
16 115
16 1409
16 844
16 140
16 666
16 492
16 309
16 1097
16 718
16 692
17 837
19 1249
19 56
19 236
19 886
19 1369
20 518
25 84
25 1163
25 1010
25 1320
25 769
25 1029
25 1343
25 151
25 482
25 491
28 1205
28 213
28 1306
28 581
28 1043
28 442
28 1264
28 84
28 218
29 125
29 607
29 455
29 1183
29 957
29 884
29 638
29 753
29 1350
29 69
29 664
29 608
29 748
29 628
29 815
29 1319
29 466
29 1338
29 428
29 115
29 491
29 1237
40 1107
45 827
48 866
48 1122
48 246
48 1377
48 1006
48 52
48 200
48 1009
48 377
48 945
48 57
48 1030
48 1075
48 248
48 1305
48 682
48 406
48 770
48 487
48 420
48 1070
48 1068
48 113
48 1053
54 495
54 885
54 816
54 1216
54 498
54 408
54 108
54 603
54 1129
54 731
54 1066
54 376
54 627
54 874
54 456
56 209
56 892
56 1083
56 957
56 638
56 216
56 970
56 953
56 7
56 121
56 1264
56 1440
56 466
56 1319
56 236
56 649
56 293
56 19
56 147
56 403
56 810
56 1025
56 428
56 1160
56 816
56 1234
60 427
60 761
60 716
60 636
60 1424
60 116
60 1302
60 132
60 1423
64 849
64 1079
64 209
65 258
65 1216
65 107
65 350
65 215
65 403
65 892
65 473
65 633
65 376
65 76
65 627
65 697
65 765
65 722
65 1160
65 336
65 91
65 261
65 491
65 414
65 1413
65 408
65 885
65 1279
66 1378
66 367
66 491
66 1158
66 525
66 570
68 1149
68 1017
68 1039
68 447
68 158
68 1297
76 1082
76 1309
76 779
76 1130
76 1348
76 864
76 844
76 16
76 1097
76 455
76 115
76 140
76 1413
76 1338
76 884
76 751
76 816
76 1216
76 65
76 691
76 718
76 568
76 627
76 1279
76 498
76 408
76 562
76 439
76 873
76 1447
76 668
77 1280
77 912
77 230
77 607
77 1004
77 1439
77 733
77 299
77 308
77 231
77 108
77 288
77 143
77 213
77 1305
77 61
84 1368
84 837
84 188
84 1066
84 25
84 1094
84 116
84 210
84 491
84 881
84 1260
84 444
84 1010
84 373
85 204
85 1351
85 1249
85 209
85 862
85 403
94 1442
94 381
94 408
94 355
94 580
94 1066
94 672
94 190
94 1413
94 1032
94 1216
100 491
100 1378
100 1447
101 1370
101 566
101 1408
103 725
103 333
103 1403
103 1233
105 1251
105 857
105 293
105 573
105 491
105 568
105 570
108 712
108 793
108 355
108 54
108 491
108 970
108 842
108 671
108 381
108 1216
108 1066
108 77
108 376
108 627
108 288
108 299
111 381
111 190
111 987
111 355
111 816
111 94
111 1216
111 800
111 495
111 408
113 1408
113 52
113 1030
113 377
113 7
113 1355
113 776
113 408
113 1122
113 922
113 381
113 355
113 1353
113 1331
113 376
113 627
113 1009
113 1070
113 885
113 475
113 1377
113 548
119 644
119 697
119 336
119 178
119 140
119 91
119 812
119 62
119 510
119 561
119 1279
119 835
119 1374
119 450
119 624
119 1043
119 876
119 344
119 339
119 251
119 65
119 466
119 1225
119 80
119 1442
119 1118
119 1321
119 343
119 1336
119 815
119 107
119 213
119 1253
119 1123
119 1059
119 633
119 284
119 800
119 1410
119 473
119 1161
119 551
119 206
119 1307
119 294
119 836
119 231
119 453
119 785
119 350
119 560
120 852
121 774
121 1265
121 892
121 789
121 91
121 644
121 1234
121 56
121 810
121 1396
121 527
121 1160
121 231
121 876
121 1043
121 1273
121 722
125 313
125 770
125 1158
125 20
125 1365
125 1289
125 643
125 1395
125 638
125 334
125 403
125 1051
125 864
125 953
125 642
125 607
125 886
125 314
125 546
125 1160
125 748
125 1368
125 1184
125 939
125 491
125 602
125 1386
125 753
132 60
142 671
142 373
143 293
143 296
143 99
143 1114
143 308
143 495
143 562
143 204
143 381
143 837
143 451
143 970
143 626
143 1308
143 702
143 1009
143 573
143 671
143 231
143 668
143 77
143 566
143 712
143 355
143 408
143 1257
143 209
143 867
143 334
143 1183
143 288
146 1256
146 383
146 341
146 73
146 87
146 999
146 458
146 730
147 1159
147 651
147 451
147 545
155 546
155 1289
155 1066
155 518
155 819
155 1368
155 1315
156 1315
156 16
157 403
157 125
157 1138
157 334
166 327
166 134
168 1386
172 805
173 793
181 886
181 190
181 672
181 476
181 1032
185 448
190 495
190 886
190 111
190 476
190 800
190 94
194 421
194 590
194 545
195 642
195 209
195 334
195 73
195 999
195 146
197 1371
200 945
200 895
200 48
200 487
200 362
200 248
200 116
200 828
200 377
200 246
200 406
200 1053
200 1075
200 229
200 57
200 207
200 1068
200 1294
200 1153
200 682
200 1070
201 313
202 857
209 570
209 361
209 29
209 219
209 607
209 1249
209 195
209 272
209 1161
209 506
209 0
209 259
209 518
209 707
209 125
209 862
209 1441
209 643
209 1094
209 334
209 1370
209 603
209 1350
209 753
209 1241
209 837
209 84
209 827
209 1181
209 448
209 296
209 1138
209 1230
209 64
209 10
209 1431
209 485
209 632
209 204
209 7
209 491
209 1199
209 1124
209 608
209 428
211 642
211 930
211 435
211 1326
211 5
211 258
211 1424
211 918
211 816
211 947
211 1255
211 883
211 579
211 1075
211 408
211 1361
211 404
211 1121
211 464
211 565
211 1216
211 498
211 165
211 30
212 284
212 704
212 753
212 835
212 1392
212 915
212 491
212 277
212 1350
212 1336
212 238
212 756
215 1114
215 885
215 816
215 350
215 1216
215 355
215 751
215 1408
215 495
215 223
215 793
215 119
215 76
215 1413
215 491
215 1260
215 466
215 373
215 635
215 1060
215 703
215 352
216 334
216 209
216 912
216 1138
216 491
216 56
217 1104
217 1139
217 95
217 1177
217 314
217 676
219 209
220 730
223 498
223 698
223 816
223 751
223 65
223 1130
223 495
223 627
223 1216
223 408
224 355
224 817
224 589
224 627
224 1326
224 770
224 458
224 642
224 357
224 493
224 341
224 918
224 816
224 1216
224 495
235 915
235 1310
235 1059
235 1253
235 697
235 107
235 1161
236 1102
236 908
236 307
236 626
236 314
236 607
236 837
236 1186
236 1432
236 19
236 56
236 1369
236 1249
241 293
249 355
249 209
249 113
249 506
249 406
249 1294
249 376
249 56
249 293
249 885
249 403
249 1138
249 922
250 590
250 1266
250 451
261 1205
261 307
261 473
261 876
261 343
261 915
261 119
261 785
261 765
261 107
261 466
261 272
261 213
261 1392
261 231
261 635
261 1307
261 238
261 1059
261 624
261 551
261 1444
261 728
261 1374
261 535
261 514
261 140
261 1410
261 339
261 169
261 206
261 450
261 284
261 65
261 1419
261 1417
261 644
261 1218
261 836
261 1056
261 608
261 835
261 812
261 1350
264 418
264 1441
264 1158
264 787
264 590
264 1206
264 847
264 425
264 1348
268 638
268 987
268 491
268 314
268 445
268 204
272 1160
272 428
272 827
272 473
272 261
272 658
272 607
272 590
272 1161
272 1289
272 213
272 361
272 573
272 518
272 294
272 451
272 912
272 293
272 1213
272 66
272 925
280 1256
280 918
280 314
280 73
280 1350
280 770
280 1176
280 146
280 999
280 579
287 1395
290 1191
290 702
290 1274
290 309
293 1191
293 361
293 491
293 209
293 115
293 241
293 451
293 1097
293 568
293 607
293 272
293 617
293 1161
293 666
293 1241
293 825
293 570
293 857
293 105
293 249
296 355
296 1009
296 1409
296 627
296 143
296 403
296 692
296 1216
296 879
296 1309
296 99
296 693
296 1114
296 1183
296 495
296 408
296 562
296 380
296 492
296 1257
296 1130
299 308
299 231
299 985
299 733
299 1114
299 1439
299 265
299 143
299 793
302 765
302 1420
302 1165
302 355
302 307
302 495
302 607
302 1377
302 1173
308 793
308 474
308 498
308 1280
308 77
308 733
308 73
308 1029
308 607
313 706
313 100
313 451
313 1266
313 445
313 428
313 545
313 421
313 1181
313 532
313 724
313 314
314 738
314 307
314 608
314 1051
314 125
314 387
314 1382
314 71
314 1368
314 1359
314 1094
314 638
314 236
314 725
314 192
314 1212
314 250
314 1160
314 957
314 268
314 1087
314 1403
314 1249
314 640
314 943
314 393
314 333
314 908
314 814
314 1274
314 313
314 877
314 1056
314 82
314 1292
314 1115
315 970
316 455
316 724
316 532
316 1338
322 402
327 712
327 1066
327 1117
327 498
327 54
327 1337
327 922
327 1216
327 698
327 731
327 603
327 381
327 854
327 1421
327 816
329 892
329 344
329 810
329 405
329 1286
329 466
331 725
334 787
334 261
334 204
334 251
334 381
334 1283
334 101
334 932
334 1218
334 518
334 85
334 632
334 1408
334 122
334 1289
334 1419
334 216
334 1241
334 827
334 1321
334 361
334 912
334 748
334 1441
334 403
334 658
334 789
334 7
334 485
334 953
334 1115
334 832
334 837
334 272
334 495
334 635
334 107
334 1242
334 1199
334 917
334 259
334 793
334 408
334 573
334 249
334 566
334 0
334 1230
334 506
334 689
334 143
334 125
334 1297
335 344
335 1442
335 1118
335 560
335 1307
335 884
335 1014
335 1097
335 1031
335 1336
335 695
335 510
335 238
335 1279
335 512
335 1059
335 1123
335 491
335 107
335 815
335 835
335 1321
335 455
335 1237
335 624
335 140
335 684
335 1246
335 946
335 530
335 756
335 473
335 953
335 1267
335 673
335 1253
335 1419
335 915
335 704
335 178
335 119
335 1392
335 284
336 1202
336 1408
336 805
336 350
336 728
336 450
336 1059
336 65
336 419
336 1374
336 107
336 1161
336 140
336 272
336 1307
336 1417
336 835
336 294
336 756
336 765
336 624
336 876
336 1254
336 233
336 1118
336 91
336 1419
336 343
336 339
336 1392
336 1056
336 899
336 530
336 119
336 101
336 178
336 812
336 238
336 644
336 1143
336 284
336 1410
336 161
336 473
336 1159
336 522
336 915
336 800
336 1225
339 261
339 812
339 213
339 644
339 876
339 450
339 119
339 765
339 343
339 473
339 1043
339 466
339 161
339 231
339 336
339 815
341 408
341 883
341 381
341 1163
341 30
341 383
341 769
341 493
341 404
341 165
341 5
341 730
341 464
341 1216
341 1121
341 589
341 817
341 355
341 351
341 1320
341 999
341 280
341 700
341 458
341 195
341 1029
341 798
341 258
341 73
341 1206
341 1255
341 1356
341 762
341 1361
341 357
341 947
341 224
351 700
352 213
352 76
352 1130
352 1066
352 1043
352 1413
352 498
352 355
352 627
352 376
352 215
352 1248
352 1257
352 1216
352 91
352 644
352 1254
352 1060
352 1205
352 876
352 223
352 751
352 381
352 1279
355 1066
355 327
355 816
355 211
355 579
355 213
355 1165
355 1043
355 492
355 603
355 1108
355 565
355 731
355 854
355 406
355 311
355 224
355 1096
355 883
355 91
355 618
355 495
355 930
355 223
355 874
355 7
355 428
355 1331
355 751
355 1326
355 1117
355 876
355 770
355 5
355 702
355 1206
355 627
355 837
355 1348
355 404
355 885
355 296
355 143
355 1195
355 516
355 947
355 283
355 1213
355 1306
355 1075
355 1279
355 475
355 76
355 1337
355 274
355 1121
355 1273
355 249
355 352
355 1082
355 787
355 1070
355 498
355 341
355 334
355 1424
355 1376
355 573
355 408
355 433
355 113
355 458
355 1254
355 1294
355 1205
356 1091
356 567
356 266
356 456
357 565
357 5
357 798
357 280
357 589
357 1163
357 482
357 1206
357 151
357 435
357 458
357 258
357 883
357 1029
357 1424
357 930
357 495
357 165
357 381
357 817
357 274
357 360
357 30
357 1320
357 947
357 769
357 441
357 816
357 627
361 451
361 6
361 294
361 925
361 209
361 1138
361 418
361 334
361 1251
361 658
361 827
361 293
367 722
367 1378
367 635
367 491
367 14
367 525
373 428
373 566
373 1413
373 1343
373 608
373 259
373 535
373 209
373 881
373 1160
373 84
373 1368
373 1370
373 491
373 215
373 1218
373 753
373 1066
373 702
373 1114
373 421
376 644
376 492
376 1294
376 1082
376 751
376 885
376 1213
376 352
376 1064
376 1413
376 562
376 495
376 355
376 1183
376 508
376 985
376 381
376 1130
376 408
376 113
376 1160
376 76
376 65
376 231
376 790
376 693
376 498
376 1045
376 854
376 475
376 311
376 1060
376 249
376 213
381 1348
381 436
381 495
381 1424
381 94
381 231
381 590
381 143
381 355
381 1441
381 334
381 54
381 1254
381 302
381 930
381 458
381 1273
381 1115
381 1045
381 1213
381 5
381 352
381 215
381 636
381 573
381 885
381 113
381 466
381 1060
381 408
381 1257
381 922
381 357
381 731
381 1096
381 1255
381 274
381 795
381 883
381 854
381 211
381 261
381 475
381 876
381 1413
381 770
381 492
381 1216
381 404
381 644
381 441
381 311
381 1043
381 1066
381 1121
381 1248
381 627
381 76
381 428
381 150
381 837
381 213
381 1082
381 545
381 456
381 403
381 1306
381 493
381 1130
383 73
383 749
383 730
383 1255
383 1108
383 999
383 1176
383 1256
387 837
387 1094
387 461
387 314
396 448
397 615
402 780
403 626
403 1216
403 932
403 65
403 1242
403 143
403 689
403 1009
403 157
403 1251
403 562
403 1257
403 213
403 627
403 56
403 668
403 779
403 7
403 912
403 1408
403 570
403 837
403 789
403 891
403 787
403 485
403 1094
403 1321
403 355
403 10
403 1241
403 1115
403 492
403 561
403 1183
403 1138
403 216
403 1289
403 1190
403 495
403 1043
403 1124
403 249
403 272
403 1082
403 491
403 506
403 717
403 408
403 85
403 702
403 566
403 381
403 573
406 1006
406 420
406 1377
406 885
406 207
406 1070
406 1355
406 895
406 1075
406 200
406 1408
406 249
406 113
406 1009
406 52
406 1068
406 248
406 1305
406 1153
406 1353
406 169
406 922
406 243
406 1030
406 707
406 330
406 1216
406 1108
408 698
408 1213
408 947
408 108
408 644
408 1075
408 475
408 458
408 301
408 712
408 223
408 296
408 311
408 1045
408 1066
408 627
408 702
408 930
408 1130
408 1413
408 1060
408 111
408 357
408 1205
408 1043
408 224
408 1294
408 283
408 1255
408 854
408 464
408 985
408 1279
408 1377
408 1216
408 428
408 1326
408 327
408 1361
408 355
408 787
408 258
408 376
408 211
408 403
408 1254
408 150
408 466
408 1121
408 603
408 404
408 381
408 215
408 113
408 1257
408 436
408 837
408 885
408 798
408 65
408 456
408 334
408 91
408 94
408 626
408 731
418 1348
418 361
418 1441
418 545
418 590
418 451
421 373
421 313
421 545
421 724
421 194
421 655
428 334
428 1160
428 816
428 355
428 1289
428 313
428 1115
428 107
428 1350
428 702
428 272
428 1413
428 627
428 1307
428 495
428 1069
428 932
428 29
428 408
428 953
428 825
428 1441
428 147
428 573
428 451
428 361
428 143
428 518
428 756
428 915
428 1241
428 827
428 626
428 204
428 209
433 495
433 1421
433 1337
433 1117
433 922
433 618
433 355
437 1319
438 1413
438 632
438 451
439 1447
439 115
439 76
439 692
439 621
439 1097
439 718
439 1130
439 568
439 864
439 1132
439 1409
441 1216
441 589
441 770
441 1326
441 1361
441 947
441 1255
441 817
441 464
441 672
441 258
441 482
441 224
441 498
441 930
441 355
441 408
441 883
441 274
441 165
441 565
441 30
441 579
441 1206
441 357
441 1163
441 493
441 360
441 151
442 837
442 607
442 545
442 28
445 268
445 957
445 313
445 835
448 396
448 979
448 171
448 896
448 547
448 570
448 950
448 1055
448 185
448 1101
448 491
448 1179
448 540
448 503
448 708
448 273
451 448
451 438
451 272
451 1441
451 849
451 1266
451 264
451 1107
451 724
451 607
451 1348
451 361
451 1351
451 293
451 418
451 1315
451 702
451 143
451 373
451 590
451 787
451 313
454 607
458 274
458 195
458 258
458 918
458 408
458 1361
458 211
458 1176
458 341
458 883
458 999
458 1206
458 493
458 5
458 947
458 355
458 280
458 146
458 642
458 1216
458 607
458 485
458 770
458 1075
458 491
458 404
458 1086
458 1121
458 498
458 817
458 930
458 1424
461 314
461 607
461 387
461 837
461 753
461 1411
464 211
464 627
464 1255
464 441
464 5
464 458
464 381
464 258
464 642
464 498
464 579
464 355
464 497
464 1424
464 408
464 565
464 918
464 357
464 770
464 883
464 947
464 341
468 314
468 637
468 1115
468 173
469 795
473 915
473 1159
473 231
473 1350
473 1419
473 1442
473 1059
473 836
473 785
473 284
473 80
473 628
473 635
473 1205
473 815
473 62
473 65
473 535
473 1225
473 728
473 1072
473 1056
473 261
473 178
473 800
473 1253
473 294
473 1123
473 765
473 344
473 213
473 453
473 251
473 1118
473 624
473 161
473 1321
473 1279
473 466
473 977
473 238
473 756
473 277
473 1267
473 753
473 1254
473 398
473 339
473 697
473 288
473 233
473 1417
473 1373
473 812
474 793
476 886
476 94
476 1032
476 672
476 181
480 546
487 1009
487 1030
487 52
487 1353
487 1355
487 475
487 57
487 113
487 229
487 200
487 922
487 207
490 491
490 308
490 607
490 418
491 643
491 268
491 100
491 272
491 770
491 1297
491 953
491 823
491 458
491 462
491 502
491 875
491 451
491 466
491 485
491 899
491 1386
491 213
491 904
491 204
491 1160
491 1350
491 428
491 506
491 419
491 535
491 607
491 62
491 373
491 573
491 403
491 1233
491 685
491 1102
491 125
491 314
491 1391
491 810
491 1043
491 25
491 490
491 251
491 1338
491 364
491 594
491 714
491 212
491 910
491 1094
491 508
491 334
491 693
491 84
491 293
491 259
491 1284
491 1210
491 1114
491 284
491 1059
491 725
491 664
491 1419
491 1213
491 335
491 56
491 957
491 215
491 1289
491 1159
491 448
491 919
491 397
491 1138
491 996
491 384
491 121
491 1205
491 545
491 367
491 108
491 105
491 1168
491 861
491 65
491 1158
491 29
491 1394
491 1237
491 453
491 789
491 635
491 1045
491 780
493 642
493 355
493 464
493 883
493 947
493 1121
493 627
493 918
493 383
493 999
493 1255
493 1176
493 341
493 1326
493 762
493 435
493 404
493 408
493 224
493 1216
493 280
493 1256
493 258
493 1075
493 495
493 589
493 579
494 590
494 1184
494 451
495 1304
495 787
495 603
495 376
495 579
495 1425
495 94
495 817
495 1441
495 5
495 7
495 1117
495 1206
495 947
495 1082
495 215
495 751
495 352
495 716
495 404
495 1273
495 1205
495 249
495 1421
495 1254
495 1353
495 626
495 341
495 1043
495 1376
495 590
495 436
495 565
495 545
495 702
495 76
495 930
495 91
495 985
495 357
495 1424
495 1381
495 108
495 1294
495 65
495 435
495 408
495 231
495 1075
495 618
495 111
495 211
495 731
495 712
495 1108
495 1045
495 770
495 1331
495 1195
495 1070
495 589
495 54
495 1115
495 311
495 516
495 798
495 1213
495 874
495 464
495 493
495 381
495 1092
495 885
495 573
495 302
495 809
495 730
495 213
495 1279
495 562
495 918
498 885
498 341
498 817
498 1045
498 404
498 698
498 352
498 751
498 1066
498 854
498 493
498 1279
498 1216
498 589
498 458
498 816
498 1121
498 798
498 464
498 883
498 466
498 874
498 1195
498 565
498 712
498 357
498 1206
498 1413
498 376
498 381
498 441
498 65
498 258
498 579
498 5
498 54
498 215
498 495
498 408
500 1384
503 448
506 1230
506 837
506 485
506 10
506 1241
506 570
506 491
506 403
506 1124
506 573
506 1441
506 428
508 1337
508 712
508 1045
508 376
518 1289
518 334
518 899
518 608
518 204
518 20
518 209
518 428
518 1096
518 403
518 1062
518 1022
525 1168
525 570
525 912
525 66
525 635
525 1378
525 722
532 955
532 939
532 478
532 1057
532 313
532 706
532 1148
535 695
535 1253
535 904
535 102
535 373
535 473
535 1350
535 800
535 1060
535 644
535 1307
535 329
535 231
535 1059
535 107
535 453
535 1254
535 233
535 1267
535 1279
535 1246
535 1160
535 1286
535 666
535 119
535 1373
535 1336
535 240
535 251
535 753
535 350
535 624
535 1118
535 1419
535 344
535 1442
535 1123
535 899
535 1394
535 1043
535 780
535 1306
535 261
535 1225
535 294
535 311
535 720
540 448
541 1390
543 242
543 935
543 189
543 1361
545 421
545 264
545 696
545 607
545 1348
545 442
545 787
545 194
545 6
545 1266
545 1216
545 451
545 603
545 408
545 250
545 608
545 355
545 815
545 746
545 147
545 491
545 494
545 391
545 1217
545 381
545 702
546 480
546 1084
546 156
546 125
546 1298
546 155
550 788
550 957
550 1411
565 274
565 408
565 627
565 1004
565 435
565 404
565 211
565 918
565 493
565 1255
565 464
565 1326
565 883
565 589
565 318
565 816
565 817
565 5
565 495
565 1075
565 579
565 458
565 258
565 357
566 373
566 1134
566 1114
566 1253
566 172
566 1408
566 445
566 671
566 1260
566 912
566 142
566 143
570 1289
570 367
570 105
570 293
570 403
570 334
570 857
570 525
570 209
570 1059
573 209
573 491
573 428
573 1241
573 912
573 1216
573 1441
573 105
573 408
573 1251
573 827
573 1115
573 1138
573 143
573 272
573 825
573 627
573 334
573 932
573 626
573 518
573 749
573 66
579 495
579 930
579 1361
579 1121
579 589
579 493
579 280
579 341
579 5
579 565
579 627
579 1216
579 408
579 258
579 464
579 1075
579 211
579 770
579 1424
579 274
579 642
579 816
589 30
589 1326
589 770
589 1176
589 493
589 73
589 280
589 224
589 1320
589 627
589 762
589 730
589 816
589 441
589 341
589 1075
589 482
589 999
589 404
589 1029
589 629
589 408
589 947
589 146
589 930
589 165
589 151
589 498
589 360
589 464
589 458
589 883
589 1361
589 769
590 1251
590 264
590 494
590 361
590 1351
590 816
590 1393
590 495
590 408
590 491
590 1216
590 250
590 545
590 272
590 1266
590 702
590 1184
590 627
590 770
590 787
590 724
590 955
590 607
590 696
590 823
591 1350
591 63
591 1408
591 915
591 140
591 55
591 403
591 717
591 1029
591 1253
591 1202
591 1163
591 334
591 766
591 677
591 789
591 277
591 1307
591 871
591 832
591 673
591 122
591 877
591 1444
591 178
591 1321
591 1392
593 465
597 769
597 1320
597 1096
597 583
597 306
597 1206
597 237
597 643
597 5
597 1138
602 508
602 125
602 1297
603 731
603 837
603 498
603 545
603 495
603 327
603 1117
603 1045
603 54
603 1413
603 1421
603 1337
603 355
603 712
603 816
603 627
603 1181
607 314
607 862
607 835
607 1289
607 1114
607 462
607 1096
607 1419
607 637
607 827
607 373
607 491
607 882
607 1441
607 545
607 1149
607 1181
607 1350
607 517
607 1191
607 638
607 458
607 125
607 425
607 837
607 461
607 348
607 920
607 1083
607 293
607 1431
607 748
607 272
607 1194
607 590
607 630
607 264
607 442
607 454
607 1413
607 651
607 1160
607 643
607 1361
607 953
607 1412
608 1350
608 1338
608 262
608 1237
608 1403
608 862
608 649
608 882
608 827
608 1395
608 1260
608 428
608 652
608 518
608 204
608 1056
608 638
608 1274
608 182
608 209
608 1284
608 29
608 1094
608 753
608 545
608 1413
608 1431
608 251
608 451
608 1386
608 837
608 748
608 0
608 1370
616 857
616 640
616 1419
618 1216
618 854
618 355
618 1117
618 1376
618 1337
618 495
624 284
624 336
624 1043
624 1417
624 1059
624 1410
624 1408
624 535
624 1118
624 785
624 1350
624 633
624 1202
624 261
624 473
624 350
624 666
624 119
624 915
624 836
624 510
624 835
624 1267
624 231
624 213
624 91
624 1225
624 1419
624 1246
624 335
624 294
624 206
624 450
624 697
624 62
624 899
624 765
624 1307
624 238
624 1392
624 466
624 233
625 957
626 1422
626 1186
626 403
626 334
626 236
626 702
626 381
626 1115
626 408
626 143
626 738
626 42
626 428
626 1369
626 837
626 495
626 355
627 143
627 731
627 408
627 1413
627 985
627 644
627 1326
627 702
627 1205
627 751
627 94
627 787
627 435
627 1066
627 1306
627 274
627 579
627 1279
627 5
627 885
627 1206
627 456
627 65
627 798
627 311
627 712
627 381
627 1248
627 1043
627 1130
627 495
627 357
627 213
627 493
627 327
627 224
627 816
627 108
627 545
627 466
627 1294
627 223
627 874
627 403
627 215
627 626
627 930
627 111
627 150
627 258
627 1348
627 854
627 1183
627 76
627 1075
627 464
627 1257
627 458
627 1254
627 1121
627 565
627 54
627 1060
629 589
629 280
629 998
630 607
632 334
632 403
633 336
633 213
633 685
633 780
633 466
633 904
633 1210
633 1043
633 261
633 514
633 91
633 344
633 1374
633 119
633 453
633 65
633 1410
633 405
633 1417
633 1373
633 1056
633 1160
636 385
636 16
636 381
636 1288
636 606
636 793
638 310
638 1395
638 314
638 1269
638 753
638 1297
638 987
638 1102
638 607
638 125
638 29
638 957
638 991
642 274
642 947
642 589
642 579
642 502
642 495
642 493
642 341
642 1424
642 498
642 404
642 565
642 441
642 464
642 355
642 608
642 1326
642 918
642 1255
642 435
642 1206
642 211
642 607
642 1104
642 1107
642 930
642 458
642 154
642 878
642 988
642 357
643 607
643 0
643 29
643 107
643 125
643 1350
643 608
643 862
643 987
643 628
643 753
643 491
643 213
649 983
649 317
649 373
649 56
649 703
649 1346
649 1370
649 259
649 652
650 1248
652 1370
652 566
652 1260
652 373
652 1114
652 317
652 259
658 485
658 825
658 1251
658 1138
658 334
658 1241
658 932
658 403
664 607
664 491
664 835
664 1253
664 753
671 143
671 99
671 793
671 700
671 491
671 712
671 215
671 77
672 190
672 111
672 181
672 1032
672 441
693 492
693 1043
693 562
693 231
693 668
693 491
693 644
693 311
693 1306
693 1082
693 296
693 99
693 91
693 1009
693 873
693 885
693 752
693 213
693 1183
695 535
695 1031
695 704
695 62
695 344
695 915
695 1442
695 1253
695 1072
695 1321
695 1118
695 140
695 119
695 644
695 277
695 1059
695 206
695 560
695 468
695 910
695 1417
695 1069
695 1267
695 756
695 1159
695 284
695 251
695 238
695 369
695 1336
695 1279
695 673
696 545
696 590
697 1419
697 161
697 450
697 1373
697 1043
697 1442
697 1374
697 65
697 238
697 1159
697 785
697 206
697 1202
697 915
697 635
697 876
697 272
697 551
697 728
697 311
697 1161
697 473
697 343
697 1410
697 178
697 336
697 836
697 261
697 251
697 1253
697 88
697 1417
697 140
697 119
697 233
697 1060
697 1307
697 624
697 294
697 561
697 1197
697 1444
697 213
697 1392
697 107
697 633
697 284
697 835
698 874
698 355
698 731
698 816
698 408
698 1045
698 712
698 327
698 54
698 1066
700 404
700 789
700 341
700 5
700 1121
700 351
700 1206
702 819
702 626
702 428
702 590
702 573
702 816
702 143
702 495
702 451
702 381
702 545
702 355
702 403
703 697
703 1350
703 373
703 514
703 107
703 240
703 336
703 1410
703 1392
706 313
706 939
706 532
706 1297
707 406
707 1009
707 209
707 52
707 895
707 288
707 362
707 1030
707 425
707 475
707 1355
707 682
707 169
707 57
707 945
707 1070
707 1053
707 1068
707 248
707 377
707 200
707 48
707 243
712 498
712 376
712 288
712 408
712 491
712 299
712 352
712 985
712 671
712 108
712 842
712 731
712 99
712 1045
712 627
712 1216
712 381
712 355
712 874
712 793
722 525
722 367
722 1350
722 206
722 1168
722 666
722 107
724 313
724 545
724 590
724 541
724 56
724 421
724 823
724 2
730 922
730 1176
730 1305
730 828
730 383
730 220
730 1091
730 341
730 516
730 884
730 1216
730 999
730 22
730 5
730 1256
730 355
731 1421
731 456
731 1045
731 495
731 712
731 1066
731 874
731 54
731 355
731 381
731 516
731 922
731 698
732 409
735 1413
748 107
748 29
748 125
748 213
748 1350
748 1289
748 835
748 628
748 209
748 1297
749 334
749 485
749 573
749 658
749 825
749 403
749 789
749 1255
751 1216
751 1279
751 408
751 352
751 498
751 1060
751 381
751 376
751 1130
751 1413
751 76
751 355
757 957
770 425
770 495
770 491
770 1424
770 1181
770 627
770 52
770 224
770 274
770 1206
770 377
770 280
770 1075
770 458
770 1256
770 1068
770 1216
770 642
770 1121
770 258
770 273
770 1255
770 1294
770 48
770 557
770 579
770 947
770 464
770 435
770 5
770 404
770 341
770 493
770 918
770 1353
770 565
774 121
774 309
787 403
787 418
787 1431
787 988
787 1348
787 1115
787 451
787 545
787 1441
787 546
787 590
787 428
787 355
787 495
787 143
789 891
789 673
789 403
789 229
789 749
789 306
789 1029
789 793
789 827
789 482
789 121
789 0
789 1242
789 334
789 769
789 151
789 1059
789 987
789 1321
789 1350
789 700
790 1160
790 615
790 881
790 125
790 1442
790 1059
790 376
793 334
793 116
793 712
793 1169
793 403
793 230
793 288
793 1305
793 474
793 671
793 61
793 1004
793 492
793 1321
793 5
793 1091
793 308
793 215
793 99
793 108
793 912
793 970
793 30
793 1183
793 1408
793 209
793 296
793 562
793 1082
793 673
793 1304
793 231
793 717
793 789
801 545
806 1194
807 983
807 626
807 236
810 515
810 1257
810 780
810 121
810 892
810 876
810 466
810 904
810 1306
810 511
810 720
810 880
810 372
810 213
810 1225
810 56
810 278
810 405
810 999
814 1436
814 362
814 82
814 766
814 866
814 1305
814 200
814 1212
814 828
814 377
814 1091
814 229
814 1294
814 52
814 314
814 1068
814 854
814 1053
814 1075
814 393
816 1421
816 603
816 76
816 985
816 1183
816 1216
816 562
816 327
816 493
816 215
816 498
816 1348
816 1304
816 111
816 770
816 1294
816 798
816 341
816 1206
816 1082
816 1248
816 712
816 357
816 565
816 1424
816 404
816 698
816 1130
816 54
816 731
816 885
816 837
816 223
816 1213
816 466
816 258
816 883
816 441
816 355
816 545
816 352
816 1075
816 108
816 224
816 1043
816 274
816 1107
816 579
816 150
816 302
816 1045
816 751
816 1361
816 495
816 702
816 1326
816 589
816 874
816 1205
816 1121
816 918
816 1273
816 231
816 644
816 376
816 403
822 779
822 1338
822 455
822 752
822 76
822 1130
825 1307
825 105
825 658
825 857
825 568
825 570
825 749
825 1413
825 1241
825 666
825 428
825 1097
827 649
827 294
827 491
827 1260
827 485
827 293
827 573
827 925
827 932
827 1161
827 45
827 361
827 403
827 753
827 1251
827 789
827 334
827 428
829 879
836 343
836 466
836 765
836 251
836 1374
836 697
836 450
836 336
836 119
836 350
836 339
836 1392
836 876
836 624
836 231
836 1350
837 846
837 290
837 816
837 204
837 957
837 627
837 236
837 387
837 1274
837 1413
837 1343
837 987
837 1051
837 607
837 495
837 1183
837 573
837 364
837 355
837 1403
837 3
837 1083
837 485
837 314
837 1124
837 1094
837 1441
837 1411
837 1432
837 1368
837 56
837 626
837 403
837 1066
837 753
837 155
837 125
837 608
837 17
837 19
837 1333
837 986
837 886
837 442
837 209
848 421
852 290
854 1273
854 1305
854 603
854 885
854 1122
854 420
854 433
854 516
854 828
854 1070
854 436
854 1009
854 1376
854 408
854 1353
854 922
854 1377
854 243
854 731
854 1381
854 1216
854 814
854 1117
854 1421
854 1108
854 229
854 327
854 1302
854 355
854 809
854 1294
854 1408
854 113
854 1425
854 475
855 1413
857 1289
857 202
857 570
857 616
862 607
862 100
862 1413
862 209
862 780
862 334
862 403
862 924
862 643
862 1138
862 1241
867 272
868 403
868 1283
868 1138
869 448
878 642
880 1396
880 431
880 810
880 892
881 609
881 991
881 177
881 486
881 1149
881 1094
881 1343
881 1140
881 232
881 397
882 608
882 607
882 1149
883 770
883 408
883 355
883 441
883 579
883 341
883 1424
883 498
883 1320
883 360
883 5
883 381
883 589
883 30
883 1216
883 930
883 151
883 1163
883 1361
883 482
883 258
883 1206
883 565
883 165
883 1326
883 464
883 1075
883 642
883 458
885 223
885 627
885 712
885 1294
885 249
885 644
885 475
885 7
885 751
885 91
885 1213
885 1306
885 311
885 76
885 492
885 562
885 1082
885 854
885 1216
885 213
885 693
885 376
885 108
885 355
885 215
885 816
885 1160
885 65
885 922
885 495
885 498
885 352
885 985
885 381
886 120
886 94
886 983
886 1432
886 19
886 468
886 1186
886 1102
886 1395
886 236
886 111
886 1426
886 42
886 1214
886 672
886 1181
886 181
886 1368
886 1249
886 738
892 880
892 372
892 780
892 344
892 527
892 121
892 240
892 1257
892 79
892 1160
892 1343
892 904
892 1413
892 67
892 491
892 466
892 810
892 215
892 213
892 56
895 169
895 1070
895 1223
895 1078
895 200
895 828
895 945
895 189
895 243
895 1302
895 975
895 377
895 716
895 1006
895 406
895 1016
895 57
895 487
895 776
895 1030
895 795
895 1036
895 242
895 362
895 1353
895 432
895 1300
895 288
895 1122
895 116
895 475
895 1294
895 207
903 1320
903 1029
903 237
903 597
903 482
903 151
903 769
903 259
903 1206
903 1163
908 478
908 928
908 1214
908 1177
908 1051
908 586
908 1432
908 1437
908 310
908 1139
908 637
908 295
908 1271
908 738
908 1017
908 1305
908 821
917 334
917 1138
917 403
918 435
918 357
918 1255
918 999
918 1075
918 355
918 5
918 1176
918 1256
918 441
918 224
918 627
918 770
918 1361
918 947
918 341
918 404
918 1216
918 817
918 458
918 1121
918 579
918 408
918 642
918 930
920 491
920 1438
920 607
920 312
920 965
920 43
922 1425
922 627
922 7
922 406
922 1377
922 487
922 1030
922 1117
922 1294
922 150
922 330
922 381
922 495
922 618
922 854
922 113
922 1408
922 828
922 516
922 1108
922 1337
922 1152
922 408
922 1070
922 1353
922 1421
922 548
922 603
922 1216
924 862
932 658
932 403
932 573
932 272
932 428
939 1391
939 706
939 770
939 125
939 532
939 1297
945 57
945 1075
945 1355
945 48
945 169
945 288
945 1006
945 682
945 828
945 1030
945 229
945 243
945 377
945 207
945 1053
945 895
945 1091
945 1294
949 1087
953 1267
953 695
953 1237
953 1336
953 1417
953 560
953 677
953 0
953 1031
953 704
953 608
953 466
953 1442
953 206
953 273
953 1310
953 1350
953 1059
953 607
953 510
953 753
953 1246
953 1159
953 1143
953 1419
953 1392
953 284
953 178
953 56
953 335
953 1307
953 877
953 140
953 125
957 1183
957 491
957 1368
957 445
957 314
957 12
957 757
957 29
957 1138
957 625
957 1403
957 209
957 846
957 638
957 1386
970 108
970 671
970 56
970 143
970 793
970 288
970 749
970 867
977 912
977 1439
977 473
977 1408
980 1300
980 454
983 236
983 1431
983 1138
983 1316
983 1315
983 19
983 738
983 1426
983 807
983 209
983 42
983 1102
985 54
985 1045
985 408
985 885
985 108
985 355
985 712
985 376
985 491
985 816
985 508
985 299
986 621
987 638
987 1032
987 94
987 181
987 1395
987 476
987 643
987 1298
987 111
987 268
987 190
987 837
988 1403
988 204
988 491
988 1096
988 502
988 642
988 1431
996 100
996 99
996 25
996 1213
999 146
999 810
999 1344
999 5
999 383
999 493
999 575
999 519
999 1256
999 1176
999 730
999 458
999 121
999 1305
999 341
1010 25
1010 1343
1010 1156
1010 486
1010 881
1010 210
1010 1094
1010 28
1010 444
1022 1289
1025 56
1032 476
1032 190
1032 111
1032 987
1032 886
1045 299
1045 376
1045 842
1045 1066
1045 408
1045 495
1045 874
1045 352
1045 381
1045 885
1045 627
1045 712
1045 816
1045 498
1045 491
1062 643
1062 748
1064 791
1064 1210
1064 904
1066 495
1066 603
1066 1370
1066 816
1066 1368
1066 408
1066 985
1066 352
1066 627
1066 373
1066 1045
1066 84
1066 874
1066 698
1066 886
1066 456
1066 94
1066 111
1066 1260
1067 1185
1067 1419
1067 88
1067 1350
1067 18
1067 1159
1067 1276
1067 1031
1069 695
1069 56
1070 355
1070 491
1070 249
1070 288
1070 243
1070 207
1070 1294
1070 406
1070 1030
1070 707
1070 330
1070 57
1070 248
1070 420
1070 495
1070 113
1070 169
1070 1053
1070 1068
1070 1075
1070 1408
1079 823
1079 790
1083 209
1083 1094
1083 387
1083 543
1083 461
1084 546
1086 273
1094 387
1094 609
1094 491
1094 1284
1094 485
1094 506
1094 1083
1094 210
1094 188
1094 84
1094 1140
1094 1343
1094 461
1094 1138
1094 1010
1094 314
1094 209
1094 1403
1094 444
1094 1241
1094 177
1098 1124
1098 125
1102 1331
1102 983
1102 1149
1102 491
1102 236
1102 1252
1102 1369
1103 157
1103 125
1107 816
1107 1256
1107 642
1107 1413
1107 317
1107 40
1107 1176
1108 406
1108 249
1108 383
1108 883
1108 475
1108 854
1108 922
1108 355
1108 495
1108 7
1108 1138
1115 626
1115 314
1115 381
1115 408
1115 787
1115 209
1115 816
1115 1216
1115 886
1115 428
1115 334
1115 1126
1117 436
1117 52
1117 922
1117 618
1117 150
1117 283
1117 730
1117 1377
1117 816
1117 854
1117 1068
1117 408
1117 327
1117 1337
1117 433
1117 214
1124 1241
1124 1138
1124 403
1124 837
1124 506
1124 573
1124 334
1124 1094
1130 376
1130 1060
1130 666
1130 439
1130 822
1130 115
1130 380
1130 498
1130 492
1130 76
1130 668
1130 884
1130 627
1130 1447
1130 1413
1130 223
1130 844
1130 692
1130 568
1130 1348
1130 215
1130 1338
1130 816
1130 1097
1130 873
1130 352
1130 1279
1130 16
1130 1309
1130 1183
1130 466
1138 1368
1138 1249
1138 868
1138 1124
1138 749
1138 219
1138 1199
1138 157
1138 216
1138 825
1138 249
1138 56
1138 658
1138 334
1138 491
1138 361
1138 912
1138 917
1138 1283
1138 373
1138 1094
1138 1441
1138 573
1138 1319
1138 1408
1138 983
1138 597
1138 293
1138 485
1138 259
1138 1370
1149 1094
1149 175
1149 864
1149 1331
1149 545
1149 951
1149 232
1149 1413
1149 491
1149 1144
1149 837
1149 882
1149 314
1149 103
1149 988
1149 754
1149 221
1149 608
1149 1358
1149 251
1149 331
1149 490
1149 193
1149 665
1149 637
1149 1051
1149 725
1149 68
1151 666
1152 1236
1156 1010
1156 25
1158 525
1158 635
1158 125
1158 50
1158 1297
1158 264
1158 1378
1160 633
1160 693
1160 885
1160 870
1160 373
1160 125
1160 1205
1160 491
1160 1394
1160 998
1160 876
1160 272
1160 376
1160 213
1160 790
1160 231
1160 531
1160 535
1160 644
1160 780
1160 1306
1160 607
1160 1043
1161 473
1161 560
1161 1159
1161 80
1161 510
1161 704
1161 238
1161 1253
1161 827
1161 673
1161 272
1161 206
1161 428
1161 1123
1161 62
1161 1213
1161 697
1161 1417
1161 107
1161 251
1161 294
1161 1350
1161 1310
1161 756
1167 1218
1168 912
1168 491
1168 367
1168 722
1168 1158
1168 525
1168 635
1169 277
1169 717
1169 514
1169 238
1169 689
1169 403
1169 1350
1169 251
1169 1253
1169 1336
1169 704
1169 1408
1169 107
1169 591
1169 673
1169 140
1169 766
1169 891
1169 1242
1169 1321
1169 793
1169 122
1169 1419
1176 146
1176 730
1176 383
1176 280
1176 999
1176 1256
1176 918
1176 1107
1176 599
1181 666
1181 837
1181 313
1181 1249
1181 209
1181 557
1181 1395
1183 1257
1183 752
1183 793
1183 692
1183 309
1183 403
1183 668
1183 381
1183 296
1183 1216
1183 355
1183 29
1183 76
1183 885
1183 811
1183 844
1183 227
1183 957
1183 779
1183 16
1183 837
1183 258
1183 1082
1183 408
1183 1409
1190 334
1190 403
1191 550
1191 290
1191 491
1194 793
1194 806
1194 373
1194 862
1199 209
1199 1138
1200 800
1201 1261
1201 594
1201 491
1202 1419
1202 336
1202 766
1202 1163
1202 1279
1202 63
1202 284
1202 273
1202 1253
1202 560
1202 1350
1202 206
1202 1059
1202 1444
1202 915
1202 717
1202 673
1202 677
1202 306
1202 1043
1202 1336
1202 1392
1202 473
1202 591
1202 1307
1202 1246
1202 251
1202 891
1202 1417
1202 624
1206 306
1206 583
1206 318
1206 259
1206 404
1206 498
1206 441
1206 482
1206 495
1206 435
1206 769
1206 341
1206 1029
1206 224
1206 947
1206 1216
1206 1163
1206 597
1206 1361
1206 408
1206 30
1206 565
1206 770
1206 1305
1206 589
1206 211
1206 700
1206 355
1206 798
1206 116
1206 464
1206 1193
1206 151
1206 1326
1206 5
1210 1373
1210 780
1210 453
1210 1306
1210 1279
1210 1246
1210 1394
1210 1205
1210 1065
1210 904
1210 1413
1210 466
1210 644
1210 1043
1210 1060
1210 861
1210 685
1216 327
1216 1108
1216 1408
1216 1070
1216 1361
1216 231
1216 516
1216 495
1216 1331
1216 1424
1216 456
1216 54
1216 618
1216 751
1216 930
1216 885
1216 1376
1216 249
1216 341
1216 493
1216 492
1216 1183
1216 213
1216 603
1216 573
1216 562
1216 498
1216 1117
1216 296
1216 1195
1216 94
1216 91
1216 376
1216 698
1216 1294
1216 1082
1216 1348
1216 854
1216 770
1216 730
1216 985
1216 816
1216 1279
1216 1255
1216 565
1216 1441
1216 787
1216 883
1216 357
1216 545
1216 111
1216 644
1216 215
1216 1115
1216 798
1216 1066
1216 731
1216 1306
1216 702
1216 406
1216 922
1216 1121
1216 876
1216 113
1216 224
1216 579
1216 76
1216 475
1216 1337
1216 408
1216 403
1216 1326
1218 213
1218 1167
1218 336
1218 119
1218 635
1218 373
1218 261
1218 697
1218 624
1218 1114
1218 448
1218 1225
1218 1370
1230 403
1230 977
1230 209
1230 334
1236 1311
1236 425
1236 87
1236 1096
1240 448
1241 749
1241 568
1241 209
1241 1307
1241 115
1241 293
1241 573
1241 862
1241 1094
1241 74
1241 666
1241 1097
1241 825
1241 99
1241 506
1241 485
1241 837
1241 671
1241 1289
1241 970
1241 428
1241 1413
1241 105
1241 204
1241 658
1248 1257
1248 937
1248 894
1248 1306
1248 876
1248 816
1248 885
1248 1254
1248 644
1248 1216
1248 408
1248 381
1248 1213
1248 495
1248 1205
1248 650
1249 1368
1249 236
1249 790
1249 1181
1249 1138
1249 557
1249 1432
1249 1115
1249 1422
1251 932
1251 105
1251 361
1251 827
1251 272
1251 1138
1251 573
1251 334
1255 1361
1255 165
1255 883
1255 458
1255 435
1255 798
1255 441
1255 1326
1255 211
1255 341
1255 930
1255 769
1255 770
1255 589
1255 280
1255 30
1255 357
1255 947
1255 482
1255 749
1255 151
1255 404
1255 360
1255 408
1255 493
1255 132
1255 355
1255 565
1255 428
1255 381
1255 918
1256 195
1256 730
1256 770
1256 73
1256 280
1256 341
1256 762
1256 918
1256 458
1256 1107
1257 515
1257 885
1257 562
1257 1082
1257 408
1257 1183
1257 1009
1257 892
1257 495
1257 311
1257 693
1257 1306
1257 1043
1257 899
1257 1205
1257 492
1257 1254
1257 1248
1257 376
1257 296
1257 79
1257 381
1257 876
1257 668
1257 143
1260 84
1260 1343
1260 1218
1260 703
1260 1066
1260 827
1260 837
1260 1408
1260 608
1260 753
1260 1346
1260 259
1260 1370
1266 201
1266 724
1266 313
1266 1181
1266 421
1270 241
1274 461
1274 3
1274 608
1274 1083
1280 733
1280 1439
1280 1114
1280 602
1280 793
1280 231
1284 1386
1284 837
1284 491
1284 1201
1284 1218
1287 315
1289 466
1289 251
1289 272
1289 1062
1289 293
1289 125
1289 491
1289 0
1289 535
1289 835
1289 1096
1289 756
1289 1241
1289 1022
1289 213
1289 1413
1289 573
1289 485
1289 403
1289 204
1289 530
1289 209
1289 1431
1289 20
1289 428
1289 607
1289 1297
1289 707
1294 377
1294 52
1294 355
1294 475
1294 1355
1294 1331
1294 1273
1294 116
1294 1009
1294 243
1294 1117
1294 945
1294 207
1294 7
1294 866
1294 376
1294 895
1294 885
1294 408
1294 828
1294 246
1294 814
1294 1068
1294 362
1294 1353
1294 302
1294 1216
1294 1421
1294 248
1294 922
1294 1305
1294 495
1294 627
1294 816
1294 381
1294 854
1294 1053
1297 303
1297 748
1297 626
1297 706
1297 607
1297 630
1297 1158
1297 125
1297 68
1297 209
1297 532
1297 1289
1297 864
1297 790
1297 787
1297 602
1297 334
1297 1103
1297 1445
1297 403
1297 643
1297 194
1297 419
1297 1441
1297 1098
1297 1184
1297 917
1298 546
1306 535
1306 1410
1306 91
1306 28
1306 119
1306 816
1306 1402
1306 495
1306 1257
1306 627
1306 1132
1306 376
1306 1248
1306 812
1306 355
1306 405
1306 384
1306 531
1306 350
1306 408
1306 861
1306 780
1306 343
1306 486
1306 1308
1306 514
1306 121
1306 1413
1306 1205
1306 876
1306 213
1306 1246
1306 336
1315 546
1315 1298
1315 545
1315 590
1315 156
1325 596
1325 1196
1325 1238
1326 589
1326 1424
1326 498
1326 1206
1326 1361
1326 817
1326 816
1326 627
1326 495
1326 381
1326 404
1326 770
1326 565
1326 930
1326 458
1326 435
1326 1075
1326 1121
1326 464
1326 493
1326 258
1326 918
1329 1194
1331 1252
1331 495
1331 355
1331 854
1331 406
1331 1102
1331 553
1331 885
1331 922
1331 1294
1333 1386
1337 447
1337 516
1337 1216
1337 854
1337 1368
1337 618
1337 1117
1337 495
1337 731
1337 327
1343 1010
1343 444
1343 177
1343 881
1343 84
1343 606
1343 1140
1343 210
1343 373
1343 1156
1343 486
1343 25
1343 1132
1343 1066
1346 1260
1346 373
1346 1370
1346 317
1348 822
1348 692
1348 264
1348 816
1348 545
1348 381
1348 407
1348 56
1348 76
1348 60
1348 627
1348 787
1348 418
1348 1216
1348 1441
1348 590
1348 1130
1348 779
1351 451
1351 85
1351 419
1356 1361
1356 1173
1358 1017
1358 447
1358 1403
1358 1149
1358 1039
1361 211
1361 918
1361 1159
1361 878
1361 464
1361 1121
1361 495
1361 565
1361 607
1361 458
1361 258
1361 408
1361 770
1361 381
1361 274
1361 5
1361 642
1361 435
1361 589
1361 627
1361 883
1361 1326
1361 341
1361 947
1361 817
1361 493
1361 1223
1368 1319
1368 433
1368 491
1368 1269
1368 618
1368 837
1368 1260
1368 886
1368 1348
1368 1343
1368 638
1368 125
1368 1370
1370 608
1370 827
1370 649
1370 1114
1370 1138
1370 703
1370 1218
1370 101
1370 209
1370 373
1370 84
1370 837
1370 753
1370 652
1370 1368
1376 854
1376 355
1376 1421
1376 618
1376 1216
1376 495
1378 525
1378 1158
1378 39
1378 100
1378 66
1378 635
1384 992
1386 550
1386 125
1386 491
1386 1333
1386 837
1386 373
1386 168
1386 1284
1390 541
1392 206
1392 63
1392 1350
1392 1072
1392 1444
1392 277
1392 644
1392 677
1392 591
1392 251
1392 1253
1392 273
1392 666
1392 766
1392 119
1392 946
1392 785
1392 1417
1392 1410
1392 336
1392 953
1392 877
1392 560
1392 1159
1392 703
1392 756
1392 335
1392 466
1392 350
1392 835
1392 62
1392 704
1392 306
1392 1163
1392 633
1392 832
1392 915
1392 55
1392 1419
1392 115
1392 284
1392 891
1392 510
1394 1413
1394 329
1394 1056
1394 1205
1394 535
1394 780
1394 491
1394 1350
1394 899
1394 91
1394 466
1394 213
1394 861
1394 1059
1394 1065
1394 685
1394 1308
1394 1043
1394 1419
1394 904
1394 102
1394 1254
1394 1307
1394 231
1395 313
1395 421
1395 56
1395 125
1395 837
1395 314
1395 491
1395 607
1395 1181
1395 638
1403 988
1403 607
1403 819
1403 529
1403 68
1403 877
1403 1358
1403 491
1403 333
1403 478
1403 608
1403 345
1403 532
1403 1149
1403 725
1403 1214
1403 1017
1403 951
1403 447
1403 853
1403 746
1403 1051
1403 314
1403 837
1403 103
1404 590
1408 912
1408 215
1408 1321
1408 355
1408 1216
1408 689
1408 793
1408 122
1408 591
1408 7
1408 406
1408 272
1408 1072
1408 361
1408 336
1408 854
1408 1242
1408 1169
1408 977
1408 673
1408 789
1408 891
1408 1108
1408 922
1408 475
1411 920
1411 987
1411 461
1413 862
1413 1097
1413 785
1413 1279
1413 1289
1413 689
1413 666
1413 1038
1413 735
1413 240
1413 1210
1413 1160
1413 1014
1413 311
1413 1373
1413 1130
1413 231
1413 644
1413 65
1413 498
1413 215
1413 861
1413 837
1413 405
1413 1159
1413 485
1413 355
1413 685
1413 885
1413 408
1413 352
1413 1060
1413 1394
1413 491
1413 816
1413 251
1413 373
1413 568
1413 344
1413 376
1413 453
1413 115
1413 810
1413 438
1413 984
1413 1307
1413 102
1413 1043
1413 107
1413 1056
1413 62
1413 899
1413 191
1413 753
1413 633
1413 535
1413 751
1413 213
1413 1254
1413 428
1421 283
1421 516
1421 816
1421 1294
1421 854
1421 730
1421 1376
1421 731
1421 433
1421 495
1421 1425
1421 436
1425 355
1425 1216
1425 854
1425 495
1426 626
1426 236
1426 1369
1431 983
1431 1096
1431 1289
1431 988
1431 882
1431 204
1431 1138
1431 502
1431 787
1431 607
1431 1319
1436 1212
1436 393
1436 814
1436 82
1436 943
1436 325
1439 566
1439 230
1439 733
1439 793
1439 99
1439 1004
1439 231
1439 1114
1439 299
1441 428
1441 485
1441 334
1441 264
1441 787
1441 545
1441 627
1441 1241
1441 506
1441 607
1441 590
1441 1094
1441 837
1441 6
1441 381
1441 573
1441 418
1441 1297
1445 1297
1445 1184
1447 115
1447 76
1447 309
1447 844
1447 140
1447 1413
1447 864
1447 16
1447 1309
1447 1132
1447 692
1447 873
1447 1097
