1 99
1 591
1 680
1 176
1 538
1 400
1 364
1 525
1 430
1 638
1 119
1 563
1 79
1 690
1 378
1 69
1 486
1 359
1 390
1 23
1 365
1 428
1 164
1 603
1 379
1 12
1 159
1 384
1 580
1 172
1 57
1 497
1 556
1 13
1 34
1 644
1 508
1 536
1 696
1 245
1 144
1 422
1 311
1 391
1 456
1 199
1 291
1 149
1 575
1 592
1 615
1 155
1 425
1 453
1 686
1 271
1 252
1 356
1 415
1 573
1 593
1 401
1 143
1 84
1 329
1 611
1 639
1 409
1 213
1 132
1 96
1 528
1 685
1 158
1 325
1 71
1 196
1 80
1 81
1 205
1 76
1 459
1 423
1 303
1 368
1 200
1 678
1 65
1 698
1 496
1 360
1 102
1 288
1 45
1 214
1 54
1 354
1 445
1 101
1 126
1 478
1 522
1 198
1 551
1 181
1 501
1 458
1 302
1 177
1 175
1 485
1 655
1 703
1 505
1 174
1 14
1 480
1 83
1 581
1 157
1 654
1 7
1 33
1 466
1 473
1 37
1 296
1 254
1 11
1 15
1 267
1 389
1 232
1 630
1 451
1 171
1 369
1 74
1 435
1 243
1 246
1 282
1 586
1 448
1 377
1 146
1 607
1 509
1 402
1 670
1 498
1 253
1 612
1 599
1 349
1 195
1 147
1 261
1 116
1 597
1 160
1 523
1 584
1 503
1 432
1 383
1 21
1 10
1 352
1 281
1 19
1 618
1 60
1 637
1 371
1 664
1 393
1 216
1 370
1 524
1 470
1 619
1 373
1 545
1 471
1 320
1 431
1 118
1 64
1 367
1 139
1 568
1 659
1 513
1 550
1 350
1 692
1 75
1 49
1 652
1 479
1 363
1 376
1 201
1 570
1 292
1 340
1 152
1 412
1 558
1 154
1 234
1 399
1 209
1 631
1 628
1 188
1 585
1 403
1 275
1 136
1 308
1 98
1 220
1 543
1 535
1 142
1 643
1 22
1 494
1 330
1 269
1 608
1 108
1 463
12 652
12 106
12 507
12 512
12 643
12 680
12 412
12 184
12 309
12 396
12 339
12 646
12 575
12 227
12 638
12 513
12 649
12 209
12 620
12 569
12 640
12 476
12 398
12 181
12 287
12 67
12 534
12 647
12 59
12 141
12 46
12 128
12 66
12 495
12 520
12 615
12 470
12 523
12 263
12 555
12 681
12 210
12 218
12 153
12 280
12 183
12 574
12 301
12 392
12 383
12 405
12 420
12 137
12 634
12 329
12 290
12 145
12 371
12 11
12 477
12 102
12 175
12 378
12 642
12 577
12 192
12 140
12 585
12 702
12 416
12 246
12 53
12 27
12 662
12 105
12 562
12 628
12 701
12 81
12 428
12 131
12 337
12 133
12 231
12 80
12 431
12 187
12 619
12 343
12 185
12 113
12 599
12 283
12 241
12 201
12 158
12 214
12 576
12 530
12 72
12 363
12 307
12 274
12 700
12 660
12 340
12 142
12 460
12 404
12 119
12 415
12 269
12 696
12 96
12 95
12 447
12 588
12 314
12 387
12 49
12 198
12 108
12 624
12 43
12 311
12 610
12 393
12 699
12 234
12 90
12 589
12 168
12 413
12 147
12 629
12 115
12 324
12 423
12 292
12 442
12 330
12 317
12 503
12 268
12 607
12 134
12 605
12 691
12 258
12 16
12 235
12 138
12 559
12 294
12 216
12 364
12 536
12 179
12 685
12 93
12 302
12 516
12 232
12 409
12 322
12 622
12 286
12 17
12 421
12 57
12 687
12 174
12 426
12 203
12 149
12 261
12 354
12 661
12 510
12 617
12 34
12 279
12 566
12 65
12 525
12 377
12 126
12 618
12 563
12 305
12 479
12 167
12 568
12 452
12 171
12 380
12 450
12 120
12 606
12 76
12 623
12 30
12 58
12 443
12 6
12 165
12 465
12 424
12 399
12 551
12 92
12 453
12 310
12 341
12 267
12 334
12 114
12 323
12 33
12 206
12 250
12 627
12 285
12 247
12 173
12 177
12 481
12 248
12 584
12 360
12 163
12 656
12 432
12 482
12 2
12 422
12 483
12 29
12 433
12 161
12 461
12 612
12 462
12 238
12 328
12 68
12 291
12 89
12 186
12 18
12 298
12 357
12 487
12 543
12 233
12 641
12 199
12 411
12 417
12 616
12 169
12 26
12 400
12 665
12 670
12 464
12 104
12 366
12 604
12 347
12 252
12 8
12 7
12 441
12 54
12 135
12 64
12 331
12 202
12 365
12 494
12 361
12 644
12 455
12 15
12 296
12 437
12 625
12 648
12 62
12 217
12 440
12 220
12 538
12 31
12 300
12 150
12 669
12 603
12 160
12 549
12 517
12 679
12 88
12 558
12 61
12 472
12 552
12 143
12 212
12 42
12 402
12 82
12 697
12 474
12 321
12 154
12 346
12 281
12 458
12 253
12 73
12 368
12 448
12 312
12 256
12 508
12 542
12 100
12 180
12 245
12 189
12 112
12 356
12 614
12 103
12 144
12 597
12 13
12 79
12 672
12 275
12 166
12 372
12 369
12 653
12 219
12 170
12 463
12 110
12 353
12 164
12 125
12 295
12 155
12 162
12 98
12 159
12 435
12 259
12 211
12 129
12 109
12 657
12 506
12 14
12 318
12 430
12 260
12 621
12 586
12 391
12 9
12 675
12 325
12 602
12 239
12 626
12 666
12 596
12 578
12 28
12 215
12 594
12 352
12 375
12 316
12 444
12 515
12 499
12 266
12 303
12 572
12 434
12 223
12 486
12 242
44 315
44 659
44 675
44 311
44 285
44 266
44 489
44 256
44 314
44 126
44 686
44 440
44 263
44 556
44 147
44 528
44 57
44 555
44 79
44 50
44 626
44 274
44 592
44 407
44 17
44 230
44 500
44 520
44 395
44 702
44 636
44 605
44 313
44 80
44 396
44 337
44 483
44 511
44 359
44 662
44 488
44 141
44 392
44 388
44 168
44 509
44 67
44 77
44 673
44 358
44 254
44 61
44 497
44 680
44 221
44 278
44 219
44 625
44 539
44 37
44 614
44 603
44 355
44 142
44 317
44 538
44 646
44 416
44 585
44 621
44 543
44 170
44 456
44 452
44 331
44 530
44 27
44 270
44 399
44 279
44 570
44 12
44 550
44 220
44 39
44 157
44 442
44 81
44 553
44 394
44 28
44 501
44 259
44 397
44 611
44 26
44 310
44 145
44 568
44 439
44 409
44 175
44 382
44 612
44 294
44 165
44 316
44 324
44 229
44 578
44 335
44 391
44 664
44 261
44 225
44 265
44 569
44 243
44 548
44 629
44 383
44 32
44 462
44 447
44 293
44 71
44 669
44 43
44 275
44 303
44 160
44 661
44 97
44 109
44 100
44 698
44 513
44 403
44 420
44 615
44 118
44 521
44 207
44 47
44 559
44 343
44 56
44 575
44 98
44 689
44 171
44 119
44 288
44 188
44 516
44 149
44 534
44 546
44 613
44 616
44 703
44 298
44 3
44 112
44 672
44 94
44 356
44 607
44 42
44 332
44 96
44 196
44 428
44 174
44 162
44 216
44 178
44 505
44 271
44 148
44 215
44 318
44 637
44 227
44 138
44 518
44 561
44 583
44 552
44 634
44 412
44 153
44 660
44 433
44 252
44 604
44 334
44 654
44 73
44 15
44 55
44 573
44 233
44 104
44 260
44 144
44 177
44 296
44 471
44 389
44 117
44 525
44 123
44 567
44 88
44 402
44 45
44 694
44 345
44 596
44 641
44 246
44 321
44 46
44 65
44 320
44 84
44 33
44 361
44 423
44 653
44 668
44 133
44 652
44 453
44 268
44 563
44 685
44 151
44 470
44 384
44 476
44 312
44 479
44 105
44 199
44 289
44 210
44 533
44 19
44 526
44 328
44 364
44 645
44 319
44 651
44 683
44 198
44 129
44 491
44 622
44 350
44 531
44 674
44 430
44 59
44 115
44 184
44 545
44 140
44 469
44 159
44 623
44 336
44 102
44 218
44 535
44 326
44 114
44 581
44 203
44 253
44 524
44 609
44 670
44 486
44 76
44 163
44 113
44 588
44 512
44 522
44 330
44 599
44 10
44 454
44 131
44 566
44 238
44 127
44 301
44 687
44 401
44 4
44 647
44 352
44 381
44 519
44 111
44 353
78 440
78 378
78 562
78 59
78 359
78 15
78 68
78 672
78 645
78 570
78 228
78 274
78 28
78 284
78 501
78 603
78 483
78 681
78 696
78 364
78 485
78 426
78 568
78 685
78 600
78 410
78 428
78 152
78 376
78 590
78 664
78 657
78 535
78 679
78 658
78 611
78 169
78 322
78 538
78 170
78 409
78 629
78 307
78 393
78 51
78 702
78 100
78 471
78 159
78 578
78 655
78 531
78 407
78 473
78 85
78 186
78 624
78 596
78 652
78 379
78 43
78 642
78 71
78 7
78 261
78 99
78 669
78 405
78 229
78 586
78 254
78 546
78 246
78 291
78 561
78 688
78 402
78 495
78 82
78 389
78 119
78 571
78 509
78 474
78 259
78 255
78 144
78 102
78 618
78 69
78 143
78 412
78 116
78 610
78 301
78 548
78 371
78 565
78 674
78 37
78 97
78 50
78 320
78 613
78 240
78 168
78 621
78 614
78 384
78 680
78 158
78 31
78 479
78 106
78 185
78 245
78 154
78 581
78 494
78 162
78 216
78 279
78 265
78 524
78 525
78 199
78 196
78 10
78 258
78 502
78 339
78 463
78 654
78 13
78 237
78 541
78 355
78 647
78 372
78 612
78 193
78 489
78 35
78 442
78 488
78 589
78 42
78 453
78 164
78 207
78 637
78 422
78 651
78 678
78 129
78 1
78 298
78 382
78 92
78 594
78 311
78 701
78 171
78 41
78 11
78 48
78 64
78 660
78 529
78 653
78 155
78 315
78 456
78 221
78 192
78 626
78 330
78 166
78 340
78 8
78 543
78 230
78 528
78 392
78 636
78 520
78 533
78 96
78 141
78 536
78 136
78 354
78 280
78 84
78 345
78 370
78 689
78 118
78 341
78 209
78 66
78 576
78 157
78 486
78 224
78 113
78 356
78 174
78 161
78 377
78 178
78 126
78 165
78 608
78 591
78 662
78 147
78 401
78 47
78 526
78 160
78 584
78 324
78 283
78 344
78 557
78 29
78 403
78 94
78 585
78 686
78 487
78 465
78 248
78 396
78 252
78 213
78 690
78 214
78 348
78 539
78 329
78 296
78 424
78 363
78 598
78 76
78 25
78 677
78 32
78 464
78 549
78 616
78 563
78 198
78 369
78 57
94 59
94 623
94 634
94 312
94 327
94 636
94 63
94 340
94 386
94 308
94 329
94 580
94 633
94 53
94 48
94 508
94 331
94 492
94 425
94 300
94 434
94 144
94 155
94 157
94 324
94 364
94 520
94 395
94 700
94 110
94 303
94 64
94 519
94 583
94 397
94 659
94 396
94 346
94 318
94 245
94 371
94 626
94 406
94 118
94 246
94 256
94 485
94 159
94 196
94 535
94 522
94 13
94 337
94 392
94 7
94 548
94 42
94 128
94 220
94 672
94 92
94 479
94 161
94 148
94 410
94 544
94 70
94 149
94 462
94 607
94 614
94 391
94 677
94 673
94 338
94 344
94 562
94 236
94 90
94 572
94 632
94 113
94 590
94 285
94 235
94 203
94 378
94 419
94 315
94 97
94 495
94 1
94 18
94 557
94 266
94 363
94 178
94 478
94 114
94 219
94 465
94 31
94 531
94 566
94 546
94 199
94 152
94 260
94 130
94 420
94 383
94 690
94 415
94 52
94 588
94 193
94 647
94 192
94 288
94 233
94 689
94 682
94 158
94 552
94 283
94 669
94 341
94 163
94 424
94 224
94 305
94 473
94 209
94 359
94 19
94 171
94 3
94 393
94 216
94 457
94 584
94 0
94 431
94 259
94 296
94 476
94 126
94 540
94 692
94 12
94 361
94 221
94 198
94 483
94 160
94 150
94 674
94 169
94 375
94 525
94 539
94 477
94 511
94 188
94 454
94 357
94 36
94 438
94 250
94 71
94 435
94 347
94 328
94 489
94 496
94 32
94 44
94 65
94 348
94 111
94 2
94 272
94 278
94 591
94 67
94 451
94 639
94 334
94 585
94 703
94 313
94 15
94 423
94 681
94 638
94 240
94 345
94 282
94 600
94 307
94 453
94 430
94 666
94 322
94 127
94 319
94 369
94 252
94 217
94 523
94 502
94 325
94 89
94 66
94 439
94 559
94 187
94 368
94 515
94 530
94 472
94 335
94 389
94 370
94 195
94 55
94 421
94 543
94 596
94 162
94 39
94 354
94 166
94 560
94 176
94 463
94 339
94 622
94 133
94 617
94 679
94 238
94 174
94 443
94 349
94 145
94 649
94 129
94 630
94 509
94 222
94 280
94 96
94 635
94 140
94 311
94 30
94 532
94 23
94 553
94 388
94 75
94 323
94 538
94 153
94 505
94 676
94 671
94 301
94 101
94 360
94 380
94 293
94 84
94 205
94 513
94 448
94 35
94 452
94 197
94 569
94 428
94 417
94 21
94 223
94 14
94 175
94 384
94 37
94 437
94 387
94 229
94 183
94 268
94 619
94 398
94 258
94 662
94 228
94 267
94 643
94 304
94 542
94 653
94 527
94 494
94 243
94 616
94 61
94 41
94 85
94 382
94 17
94 317
94 154
94 533
94 445
94 563
94 122
94 693
94 330
94 652
94 263
94 565
94 225
94 405
94 86
94 289
94 400
94 50
94 550
94 691
94 298
94 377
94 8
94 292
94 501
94 655
94 28
94 142
94 460
94 189
94 227
94 294
94 88
94 261
94 470
94 168
94 362
94 401
94 469
94 481
94 554
94 287
94 444
94 119
94 545
94 447
94 26
94 464
94 642
94 694
94 517
94 102
94 561
94 58
97 390
97 275
97 236
97 269
97 247
97 648
97 169
97 306
97 302
97 82
97 414
97 479
97 374
97 441
97 533
97 583
97 703
97 156
97 134
97 526
97 229
97 439
97 518
97 289
97 430
97 433
97 318
97 322
97 549
97 129
97 503
97 205
97 523
97 75
97 346
97 7
97 553
97 618
97 396
97 700
97 368
97 170
97 567
97 473
97 540
97 245
97 650
97 163
97 627
97 305
97 508
97 126
97 104
97 45
97 94
97 470
97 54
97 543
97 150
97 274
97 636
97 588
97 651
97 101
97 485
97 565
97 284
97 619
97 77
97 73
97 497
97 609
97 444
97 212
97 561
97 393
97 350
97 474
97 50
97 398
97 145
97 141
97 256
97 55
97 215
97 672
97 668
97 261
97 538
97 267
97 482
97 633
97 530
97 198
97 401
97 391
97 167
97 232
97 662
97 556
97 363
97 202
97 693
97 58
97 495
97 412
97 531
97 635
97 541
97 43
97 35
97 383
97 356
97 505
97 308
97 625
97 327
97 568
97 105
97 300
97 311
97 12
97 472
97 657
97 656
97 694
97 392
97 154
97 290
97 456
97 304
97 32
97 149
97 469
97 341
97 400
97 455
97 286
97 89
97 537
97 199
97 95
97 443
97 405
97 157
97 340
97 454
97 207
97 354
97 67
97 512
97 194
97 575
97 270
97 115
97 612
97 501
97 217
97 181
97 287
97 90
97 579
97 325
97 607
97 5
97 335
97 634
97 219
97 307
97 481
97 186
97 71
97 471
97 596
97 96
97 175
97 240
97 310
97 200
97 605
97 593
97 431
97 515
97 435
97 590
97 448
97 378
97 460
97 686
97 573
97 661
97 397
97 357
97 259
97 142
97 26
97 99
97 591
97 113
97 59
97 184
97 621
97 285
97 373
97 137
97 562
97 109
97 298
97 654
97 249
97 572
97 345
97 192
97 576
97 168
97 147
97 164
97 488
97 403
97 532
97 406
97 608
97 571
97 188
97 626
97 451
97 161
97 102
97 701
97 370
97 6
97 369
97 56
97 428
97 63
97 644
97 581
97 563
97 394
97 314
97 279
97 64
97 490
97 112
97 489
97 294
97 542
97 133
97 20
97 10
97 698
97 372
97 143
97 79
97 263
97 527
97 445
97 623
97 502
97 255
97 671
97 504
97 296
97 487
97 48
97 457
97 348
97 423
97 336
97 500
97 344
97 358
97 34
97 702
97 395
97 389
97 196
97 566
97 72
97 338
97 76
97 70
97 51
97 339
97 28
97 467
97 642
97 144
97 165
97 328
97 468
97 297
97 262
97 271
97 239
97 380
97 88
97 52
97 610
97 560
97 603
97 190
97 673
97 550
97 324
97 195
97 529
97 227
97 659
97 155
97 464
97 211
97 315
97 640
97 528
97 282
97 332
97 494
97 151
97 159
97 233
97 140
97 228
97 41
97 313
97 15
97 381
97 37
97 371
97 253
97 18
97 447
97 317
97 92
97 85
97 580
97 419
97 516
97 539
97 62
97 2
97 8
97 353
97 476
97 153
97 36
97 203
97 208
97 525
97 692
97 329
97 238
97 127
97 478
97 521
97 81
97 637
97 458
97 214
97 118
97 638
97 570
97 379
97 551
98 656
104 312
104 287
104 425
104 217
104 532
104 250
104 80
104 100
104 84
104 440
104 230
104 375
104 525
104 654
104 494
104 661
104 296
104 442
104 190
104 219
104 398
104 113
104 433
104 446
104 134
104 205
104 611
104 307
104 293
104 82
104 702
104 44
104 410
104 590
104 90
104 236
104 569
104 369
104 111
104 210
104 443
104 570
104 515
104 207
104 675
104 105
104 350
104 622
104 15
104 165
104 294
104 214
104 265
104 56
104 629
104 479
104 463
104 238
104 305
104 74
104 589
104 643
104 548
104 266
104 500
104 503
104 498
104 599
104 30
104 519
104 421
104 591
104 128
104 630
104 163
104 7
104 583
104 221
104 21
104 31
104 399
104 657
104 232
104 35
104 317
104 634
104 409
104 267
104 417
104 636
104 308
104 282
104 170
104 65
104 215
104 631
104 616
104 469
104 445
104 560
104 382
104 456
104 58
104 116
104 610
104 368
104 288
104 403
104 240
104 263
104 621
104 144
104 563
104 688
104 523
104 495
104 405
104 512
104 407
104 29
104 115
104 562
104 327
104 303
104 63
104 157
104 330
104 203
104 430
104 664
104 17
104 450
104 360
104 315
104 659
104 361
104 530
104 79
104 395
104 94
104 556
104 28
104 97
104 481
104 448
104 441
104 444
104 344
104 678
104 377
104 613
104 669
104 601
104 638
104 639
104 605
104 332
104 667
104 228
104 686
104 521
104 103
104 411
104 579
104 427
104 554
104 241
104 272
104 271
104 140
104 8
104 81
104 507
104 435
104 550
104 632
104 485
104 164
104 543
104 357
104 318
104 4
104 0
104 466
104 125
104 290
104 522
104 604
104 114
104 603
104 220
104 504
104 568
104 309
104 586
104 54
104 83
104 122
104 471
104 126
104 467
104 151
104 545
104 468
104 275
104 528
104 617
104 242
104 536
104 655
104 48
104 420
104 101
104 129
104 92
104 194
104 540
104 455
104 323
104 492
104 553
104 608
104 651
104 527
104 387
104 68
104 319
104 202
104 314
104 615
104 347
104 549
104 546
104 682
104 453
104 535
104 486
104 472
104 61
104 633
104 75
104 171
104 502
104 598
104 577
104 212
104 400
104 326
104 566
104 256
104 517
104 336
104 534
104 141
104 41
104 60
104 218
104 88
104 183
104 206
104 623
104 3
104 690
104 478
104 567
104 572
104 619
104 653
104 213
104 401
104 311
104 358
104 71
104 33
104 597
104 6
104 337
104 473
104 98
104 146
104 650
104 10
104 188
104 37
104 482
104 199
104 451
104 299
104 138
104 102
104 465
104 334
104 353
104 644
104 23
104 576
104 390
104 663
104 227
104 247
104 696
104 340
104 516
104 383
104 261
104 289
104 86
104 95
104 501
104 142
104 477
104 225
104 391
104 341
104 131
104 683
104 359
104 493
104 537
104 602
104 607
104 209
104 72
104 374
104 646
104 304
104 464
104 155
104 46
104 460
104 184
104 582
104 555
104 162
104 438
104 674
104 641
104 581
104 167
104 43
104 384
104 592
104 620
104 119
104 428
104 524
104 322
104 518
104 2
104 169
104 118
104 85
104 594
104 423
104 511
104 166
104 11
104 196
104 356
104 404
104 1
104 677
114 358
114 339
114 600
114 152
114 233
114 612
114 176
114 615
114 381
114 227
114 302
114 622
114 632
114 652
114 518
114 523
114 44
114 307
114 467
114 598
114 3
114 664
114 20
114 168
114 67
114 698
114 1
114 653
114 98
114 555
114 245
114 618
114 636
114 393
114 148
114 221
114 346
114 473
114 132
114 503
114 376
114 659
114 528
114 487
114 488
114 450
114 688
114 228
114 260
114 644
114 213
114 306
114 7
114 643
114 577
114 269
114 19
114 460
114 464
114 178
114 430
114 683
114 246
114 428
114 219
114 51
114 551
114 311
114 660
114 104
114 569
114 415
114 568
114 590
114 474
114 584
114 377
114 637
114 22
114 651
114 56
114 624
114 265
114 424
114 267
114 310
114 288
114 440
114 77
114 702
114 397
114 689
114 413
114 4
114 205
114 312
114 275
114 697
114 131
114 403
114 173
114 329
114 119
114 296
114 11
114 607
114 271
114 17
114 592
114 71
114 603
114 272
114 483
114 486
114 534
114 407
114 74
114 681
114 536
114 328
114 320
114 349
114 509
114 34
114 75
114 517
114 289
114 157
114 500
114 97
114 356
114 420
114 392
114 35
114 274
114 171
114 465
114 279
114 370
114 29
114 676
114 495
114 353
114 217
114 43
114 14
114 525
114 471
114 50
114 549
114 396
114 563
114 520
114 357
135 184
135 416
135 261
135 638
135 271
135 133
135 314
135 597
135 189
135 244
135 590
135 155
135 243
135 252
135 426
135 196
135 241
135 291
135 429
135 163
135 349
135 327
135 14
135 174
135 580
135 666
135 37
135 470
135 157
135 674
135 628
135 356
135 664
135 223
135 437
135 383
135 565
135 516
135 694
135 659
135 237
135 344
135 217
135 169
135 473
135 82
135 124
135 563
135 0
135 433
135 49
135 419
135 630
135 346
135 444
135 112
135 158
135 61
135 115
135 392
135 699
135 604
135 545
135 280
135 574
135 680
135 494
135 567
135 541
135 19
135 526
135 227
135 559
135 18
135 167
135 596
135 503
135 47
135 12
135 614
135 642
135 421
135 646
135 550
135 7
135 31
135 340
135 575
135 292
135 544
135 359
135 255
135 365
135 283
135 330
135 170
135 447
135 513
135 499
135 372
135 689
135 64
135 407
135 451
135 598
135 647
135 69
135 414
135 460
135 486
135 325
135 339
135 172
135 132
135 266
135 206
135 607
135 99
135 199
135 322
135 43
135 129
135 391
135 540
135 400
135 432
135 171
135 584
135 651
135 396
135 698
135 254
135 504
135 90
135 636
135 616
135 506
135 675
135 214
135 351
135 89
135 511
135 176
135 234
135 618
135 220
135 192
135 608
135 627
135 423
135 562
135 293
135 80
135 410
135 686
135 560
135 485
135 434
135 321
135 445
135 335
135 249
135 153
135 661
135 336
135 39
135 296
135 161
135 320
135 131
135 205
135 406
135 290
135 312
135 238
135 305
135 390
135 207
135 376
135 17
135 348
135 571
135 286
135 690
135 656
135 639
135 73
135 425
135 613
135 625
135 164
135 514
135 488
135 264
135 352
135 92
135 229
135 347
135 381
135 633
135 116
135 413
135 669
135 10
135 418
135 258
135 507
135 106
135 117
135 52
135 403
135 53
135 685
135 515
135 441
135 20
135 655
135 194
135 109
135 197
135 697
135 464
135 641
135 481
135 219
135 566
135 552
135 48
135 301
135 3
135 637
135 543
135 208
135 670
135 393
135 401
135 672
135 128
135 282
135 329
135 165
135 81
135 77
135 367
135 455
135 374
135 573
135 265
135 6
135 531
135 160
135 361
135 262
135 454
135 230
135 601
135 59
135 143
135 310
135 440
135 97
135 203
135 318
135 610
135 119
135 476
135 216
135 487
135 377
135 615
135 363
135 2
135 369
135 654
135 114
135 682
135 251
135 4
135 379
135 345
135 443
135 332
135 375
135 202
135 502
135 9
135 602
135 138
135 67
135 70
135 617
135 96
135 631
135 438
135 55
135 534
135 496
135 457
135 585
135 213
135 640
135 357
135 151
135 509
135 245
135 337
135 469
135 572
135 667
135 256
135 130
135 75
135 45
135 270
135 107
135 289
135 606
135 101
135 458
135 32
135 168
135 446
135 477
135 525
135 311
135 673
135 215
135 86
135 535
135 355
135 568
135 253
135 22
135 382
135 428
135 177
135 569
135 620
135 44
135 154
151 375
163 435
163 261
163 605
163 147
163 433
163 252
163 217
163 183
163 341
163 659
163 110
163 119
163 1
163 315
163 357
163 34
163 43
163 702
163 470
163 289
163 491
163 374
163 554
163 541
163 496
163 497
163 234
163 448
163 461
163 356
163 338
163 92
163 151
163 525
163 498
163 63
163 490
163 190
163 586
163 250
163 672
163 527
163 396
163 20
163 521
163 140
163 674
163 526
163 592
163 680
163 623
163 393
163 604
163 364
163 447
163 230
163 186
163 155
163 443
163 572
163 473
163 281
163 617
163 320
163 300
163 328
163 174
163 517
163 314
163 611
163 317
163 319
163 625
163 504
163 64
163 375
163 117
163 423
163 157
163 325
163 688
163 318
163 538
163 142
163 160
163 700
163 76
163 420
163 377
163 445
163 233
163 505
163 476
163 537
163 6
163 344
163 67
163 94
163 425
163 626
163 82
163 384
163 13
163 392
163 485
163 69
163 265
163 651
163 565
163 275
163 430
163 177
163 469
163 291
163 691
163 302
163 671
163 330
163 578
163 502
163 75
163 530
163 68
163 594
163 162
163 274
163 629
163 280
163 415
163 639
163 205
163 528
163 305
163 416
163 267
163 159
163 50
163 640
163 636
163 590
163 66
163 96
163 580
163 664
163 246
163 2
163 566
163 139
163 698
163 245
163 48
163 489
163 486
163 437
163 244
163 406
163 371
163 703
163 259
163 569
163 347
163 215
163 56
163 548
163 478
163 464
163 458
163 468
163 376
163 426
163 568
163 144
163 683
163 218
163 360
163 102
163 90
163 241
163 88
163 292
163 4
163 203
163 544
163 462
163 81
163 104
163 480
163 668
163 412
163 118
163 643
163 585
163 51
163 584
163 690
163 509
163 37
163 304
163 313
163 628
163 168
163 28
163 97
163 354
163 278
163 86
163 150
163 192
163 116
163 483
163 89
163 515
163 41
163 308
163 472
163 46
163 551
163 138
163 372
163 685
163 378
163 345
163 562
163 657
163 25
163 72
163 199
163 576
163 407
163 450
163 53
163 361
163 542
163 474
163 405
163 401
163 409
163 432
163 258
163 494
163 487
163 359
163 600
163 209
163 136
163 228
163 15
163 673
163 85
163 167
163 603
163 282
163 36
163 149
163 463
163 311
163 9
163 693
163 676
163 134
163 686
163 306
163 546
163 287
163 633
163 212
163 126
163 653
163 254
163 495
163 224
163 195
163 662
163 522
163 260
163 79
163 573
163 660
163 642
163 389
163 49
164 568
164 199
164 546
164 63
164 345
164 296
164 83
164 77
164 562
164 25
164 126
164 229
164 525
164 12
164 598
164 623
164 618
164 508
164 148
164 502
164 152
164 224
164 136
164 420
164 76
164 382
164 230
164 590
164 563
164 209
164 591
164 71
164 157
164 694
164 649
164 551
164 281
164 282
164 92
164 625
164 374
164 573
164 269
164 155
164 59
164 280
164 19
164 550
164 593
164 323
164 628
164 427
164 503
164 50
164 167
164 64
164 97
164 119
164 328
164 116
164 85
164 23
164 221
164 271
164 695
164 383
164 381
164 611
164 676
164 580
164 441
164 391
164 455
164 67
164 393
164 608
164 346
164 487
164 604
164 288
164 581
164 407
164 377
164 658
164 46
164 248
164 473
164 48
164 392
164 65
164 34
164 11
164 630
164 669
164 349
164 616
164 644
164 645
164 586
164 692
164 137
164 528
164 245
164 485
164 330
164 47
164 596
164 686
164 480
164 643
164 37
164 22
164 359
164 184
164 2
164 49
164 311
164 372
164 390
164 670
164 310
164 592
164 217
164 566
164 82
164 467
164 518
164 436
164 84
164 702
164 266
164 357
164 636
164 698
164 543
164 576
164 86
164 339
164 244
164 447
164 149
164 606
164 81
164 45
164 109
164 442
164 613
164 541
164 252
164 348
164 275
164 258
164 664
164 451
164 90
164 703
164 426
164 32
164 500
164 215
164 198
164 302
164 72
164 682
164 171
164 414
164 652
164 69
164 7
164 413
164 98
164 254
164 460
164 301
164 486
164 400
164 479
164 476
164 542
164 162
164 35
164 632
164 291
164 554
164 534
164 610
164 29
164 21
164 89
164 697
164 322
164 10
164 80
164 524
164 253
164 353
164 488
164 589
164 270
164 559
164 607
164 312
164 127
164 389
164 497
178 80
178 521
178 495
178 102
178 494
178 324
178 122
178 22
178 95
178 363
178 133
178 432
178 99
178 134
178 424
178 633
178 120
178 61
178 645
178 49
178 64
178 396
178 69
178 141
178 183
178 507
178 222
178 30
178 641
178 206
178 116
178 453
178 125
178 512
178 53
178 242
178 248
178 487
178 17
178 568
178 384
178 259
178 118
178 401
178 669
178 104
178 614
178 263
178 631
178 423
178 146
178 34
178 323
178 701
178 51
178 154
178 653
178 185
178 533
178 474
178 212
178 319
178 211
178 549
178 129
178 530
178 302
178 126
178 459
178 201
178 162
178 583
178 567
178 56
178 73
178 625
178 467
178 246
178 198
178 352
178 486
178 303
178 378
178 366
178 81
178 668
178 422
178 65
178 550
178 689
178 283
178 289
178 563
178 60
178 276
178 158
178 286
178 403
178 548
178 606
178 438
178 460
178 10
178 191
178 674
178 298
178 528
178 62
178 527
178 12
178 314
178 696
178 462
178 252
178 576
178 464
178 262
178 189
178 670
178 105
178 516
178 63
178 629
178 241
178 163
178 58
178 164
178 590
178 300
178 559
178 297
178 434
178 695
178 139
178 664
178 666
178 199
178 318
178 215
178 525
178 578
178 44
178 390
178 35
178 393
178 660
178 174
178 471
178 543
178 170
178 197
178 307
178 679
178 236
178 96
178 700
178 224
178 461
178 594
178 360
178 506
178 604
178 193
178 86
178 267
178 370
178 470
178 295
178 282
178 702
178 661
178 213
178 381
178 377
178 481
178 650
178 435
178 350
178 334
178 535
178 600
178 356
178 160
178 275
178 630
178 308
178 221
178 179
178 513
178 97
178 387
178 693
178 278
178 284
178 518
178 445
178 477
178 45
178 249
178 11
178 341
178 647
178 202
178 391
178 611
178 204
178 442
178 569
178 492
178 54
178 652
178 331
178 82
178 493
178 386
178 16
178 395
178 517
178 88
178 414
178 42
178 89
178 466
178 348
178 529
178 519
178 207
178 293
178 380
178 77
178 287
178 187
178 23
178 610
178 143
178 94
178 420
178 258
178 349
178 7
178 627
178 43
178 171
178 176
178 685
178 240
178 456
178 347
178 274
178 13
178 383
178 441
178 634
178 39
178 229
178 244
178 41
178 301
178 285
178 186
178 251
178 558
178 316
178 361
178 48
178 172
178 407
178 404
178 168
178 524
178 151
178 480
178 427
178 472
178 238
178 232
178 540
178 131
178 272
178 294
178 375
178 156
178 658
178 581
178 416
178 509
178 410
178 208
178 339
178 379
178 200
178 488
178 622
178 526
178 340
178 59
178 703
178 554
178 439
178 455
178 312
178 269
178 177
178 532
178 36
178 557
178 497
178 90
178 413
178 288
178 612
178 273
178 562
178 665
178 181
178 681
178 566
178 32
178 47
178 28
178 571
178 332
178 382
178 74
178 437
178 593
178 3
178 24
178 225
178 640
178 698
178 132
178 502
178 25
178 565
178 233
178 338
178 157
178 152
178 589
178 113
178 457
178 33
178 570
178 93
178 473
178 545
178 264
178 538
178 147
178 605
178 675
178 618
178 76
178 19
178 214
178 345
178 598
178 353
178 209
178 691
178 123
178 106
178 239
178 394
178 210
178 623
178 586
178 138
178 315
178 619
178 686
178 468
178 234
178 417
178 430
178 398
178 592
178 632
178 305
178 431
178 46
178 79
178 496
178 697
178 425
178 651
178 112
178 304
178 440
178 325
178 542
178 444
178 491
178 368
178 281
178 678
178 490
178 169
178 624
178 330
178 537
178 388
183 114
183 104
183 263
183 631
183 404
183 247
183 336
183 513
183 654
183 670
183 455
183 179
183 327
183 350
183 619
183 525
183 194
183 478
183 139
183 532
183 483
183 135
183 204
183 507
183 459
233 357
233 338
233 296
233 30
233 6
233 67
233 126
233 363
233 567
233 562
233 599
233 436
233 349
233 36
233 644
233 159
233 111
233 138
233 522
233 251
233 410
233 444
233 288
233 395
233 689
233 380
233 252
233 19
233 616
233 337
233 631
233 254
233 653
233 4
233 80
233 81
233 658
233 139
233 692
233 189
233 509
233 422
233 673
233 176
233 448
233 192
233 151
233 266
233 388
233 383
233 250
233 524
233 646
233 102
233 9
233 315
233 272
233 615
233 548
233 8
233 283
233 402
233 64
233 155
233 670
233 496
233 521
233 650
233 602
233 195
233 273
233 336
233 606
233 188
233 464
233 262
233 354
233 350
233 53
233 234
233 334
233 702
233 299
233 79
233 501
233 370
233 215
233 202
233 559
233 610
233 645
233 295
233 230
233 405
233 241
233 125
233 598
233 407
233 89
233 675
233 373
233 44
233 181
233 443
233 148
233 609
233 573
233 116
233 510
233 493
233 641
233 236
233 224
233 368
233 117
233 210
233 326
233 95
233 596
233 677
233 25
233 550
233 173
233 63
233 482
233 590
233 576
233 611
233 156
233 420
233 578
233 232
233 538
233 255
233 15
233 552
233 652
233 583
233 201
233 56
233 314
233 110
233 435
233 554
233 662
233 246
233 519
233 398
233 453
233 105
233 240
233 179
233 265
233 439
233 455
233 630
233 248
233 584
233 190
233 101
233 415
233 69
233 34
233 85
233 504
233 430
233 605
233 325
233 150
233 212
233 328
233 679
233 479
233 54
233 219
233 115
233 451
233 426
233 460
233 134
233 469
233 477
233 114
233 571
233 65
233 635
233 135
233 461
233 249
233 500
233 280
233 541
233 642
233 133
233 264
233 269
233 62
233 346
233 369
233 175
233 247
233 305
233 375
233 5
233 607
233 417
233 323
233 568
233 530
233 113
233 580
233 697
233 506
233 649
233 200
233 639
233 525
233 329
233 61
233 508
233 454
233 355
233 178
233 622
233 476
233 701
233 229
233 31
233 433
233 304
233 534
233 523
233 319
233 312
233 239
233 351
233 647
233 59
233 3
233 180
233 406
233 603
233 381
233 457
233 1
233 187
233 345
233 183
233 146
233 356
233 472
233 124
233 228
233 424
233 361
233 396
233 222
233 136
233 193
233 324
233 394
233 207
233 445
233 141
233 566
233 452
233 177
233 364
233 535
233 531
233 585
233 279
233 197
233 413
233 374
233 425
233 512
233 275
233 165
233 544
233 516
233 574
233 377
233 637
233 330
233 465
233 468
233 18
233 341
233 256
233 307
233 661
233 680
233 671
233 154
233 130
233 162
233 142
233 359
233 35
233 618
233 597
233 260
233 431
233 416
233 205
233 206
233 620
233 659
233 242
233 98
233 625
233 614
233 403
233 238
233 657
233 218
233 21
233 498
233 196
233 629
233 378
233 427
233 528
233 243
233 569
233 332
233 450
233 310
233 286
233 694
233 459
233 100
233 244
233 613
233 586
233 293
233 311
233 633
233 120
233 128
233 167
233 209
233 49
233 50
233 655
233 161
233 131
233 558
233 149
233 437
233 163
233 540
233 382
233 685
233 82
233 654
233 367
233 28
233 13
233 184
233 505
233 401
233 511
233 358
233 543
233 194
233 489
233 551
233 214
233 404
233 291
233 77
233 220
233 140
233 99
233 217
233 371
233 462
233 216
233 532
233 572
233 144
233 14
233 529
233 66
233 432
233 48
233 626
233 389
233 223
233 594
263 575
263 570
263 187
263 677
263 25
263 565
263 457
263 369
263 247
263 219
263 249
263 614
263 105
263 583
263 191
263 442
263 391
263 592
263 69
263 591
263 607
263 593
263 170
263 444
263 619
263 471
263 651
263 383
263 435
263 240
263 75
263 530
263 349
263 458
263 563
263 147
263 485
263 413
263 668
263 412
263 68
263 581
263 63
263 237
263 248
263 596
263 577
263 483
263 32
263 522
263 264
263 268
263 267
263 526
263 634
263 519
263 434
263 343
263 116
263 228
263 192
263 654
263 477
263 395
263 296
263 420
263 130
263 39
263 462
263 136
263 567
263 661
263 149
263 326
263 246
263 373
263 57
263 460
263 347
263 184
263 189
263 511
263 10
263 357
263 417
263 622
263 415
263 241
263 23
263 459
263 515
263 416
263 377
263 543
263 190
263 282
263 78
263 396
263 640
263 341
263 15
263 466
263 505
274 656
274 190
274 618
274 598
274 221
274 71
274 278
274 170
274 214
274 345
274 485
274 584
274 650
274 660
274 517
274 97
274 131
274 344
274 152
274 692
274 542
274 356
274 550
274 610
274 63
274 299
274 349
274 301
274 54
274 589
274 512
274 73
274 335
274 160
274 431
274 570
274 665
274 531
274 643
274 158
274 232
274 141
274 629
274 275
274 635
274 360
274 435
274 503
274 522
274 662
274 395
274 209
274 405
274 330
274 241
274 148
274 127
274 202
274 544
274 534
274 135
274 16
274 649
274 191
274 128
274 569
274 49
274 311
274 614
274 192
274 55
274 302
274 254
274 518
274 287
274 469
274 79
274 196
274 389
274 193
274 646
274 348
274 58
274 639
274 596
274 602
274 284
274 240
274 50
274 683
274 266
274 60
274 88
274 177
274 634
274 245
274 124
274 66
274 222
274 32
274 185
274 611
274 132
274 425
274 457
274 129
274 391
274 272
274 57
274 259
274 267
274 369
274 70
274 179
274 75
274 224
274 112
274 476
274 161
274 508
274 489
274 455
274 413
274 526
274 463
274 670
274 467
274 355
274 350
274 30
274 234
274 511
274 250
274 312
274 233
274 521
274 6
274 173
274 365
274 387
274 51
274 368
274 22
274 556
274 394
274 265
274 573
274 507
274 256
274 664
274 25
274 18
274 81
274 689
274 165
274 510
274 572
274 376
274 465
274 410
274 452
274 149
274 263
274 80
274 466
274 220
274 382
274 417
274 568
274 375
274 442
274 696
274 27
274 687
274 486
274 262
274 682
274 648
274 613
274 388
274 606
274 354
274 198
274 605
274 136
274 76
274 623
274 404
274 384
274 334
274 609
274 681
274 270
274 230
274 636
274 347
274 456
274 95
274 133
274 632
274 238
274 146
274 540
274 288
274 331
274 495
274 113
274 668
274 281
274 549
274 86
274 318
274 628
274 538
274 679
274 4
274 285
274 412
274 374
274 271
274 164
274 621
274 411
274 392
274 106
274 184
274 39
274 157
274 351
274 552
274 78
274 195
274 169
274 676
274 181
274 205
274 303
274 1
274 145
274 327
274 225
274 487
274 143
274 407
274 85
274 595
274 645
274 153
274 286
274 218
274 458
274 453
274 433
274 200
274 659
274 47
274 120
274 273
274 470
274 210
274 307
274 560
274 216
274 443
274 509
274 537
274 35
274 235
274 688
274 337
274 105
274 690
274 309
274 280
274 23
274 326
274 246
274 65
274 227
274 402
274 82
274 100
274 21
274 294
274 282
274 620
274 29
274 482
274 244
274 45
274 637
274 422
274 107
274 324
274 582
274 702
274 607
274 651
274 204
274 424
274 561
274 677
274 138
274 500
274 19
274 603
274 84
274 506
274 523
274 252
274 652
274 501
274 110
274 441
274 481
274 31
274 600
274 101
274 144
274 446
274 515
274 661
274 189
274 310
274 566
274 543
274 353
274 685
274 497
274 529
274 104
274 445
274 565
274 451
274 415
274 626
274 430
274 2
274 118
274 186
274 207
274 98
274 555
274 447
274 74
274 122
274 380
274 427
274 43
274 83
274 583
274 432
274 403
274 567
274 372
274 10
274 551
274 673
274 260
274 358
274 559
274 401
274 390
274 533
274 393
274 142
278 689
278 678
278 76
278 198
278 527
278 292
278 473
278 458
278 442
278 425
278 364
278 80
278 459
278 190
278 471
278 260
278 114
278 355
278 578
278 505
278 224
278 596
278 632
278 681
278 572
278 633
278 544
278 60
278 69
278 636
278 577
278 629
278 359
278 291
278 557
278 647
278 338
278 326
278 649
278 686
278 479
278 21
278 232
278 694
278 134
278 648
278 521
278 92
278 330
278 66
278 454
278 133
278 405
278 607
278 369
278 156
278 406
278 568
278 371
278 171
278 503
278 37
278 290
278 643
278 655
278 472
278 462
278 592
278 583
278 424
278 451
278 516
278 267
278 465
278 581
278 543
278 136
278 511
278 611
278 279
278 184
278 637
278 545
278 673
278 608
278 15
278 14
278 645
278 410
278 365
278 132
278 157
278 651
278 118
278 168
278 312
278 618
278 159
278 252
278 165
278 348
278 97
278 310
278 540
278 56
278 11
278 680
278 398
278 367
278 417
278 488
278 480
278 175
278 377
278 64
278 153
278 179
278 657
278 407
278 615
278 432
278 536
278 399
278 404
278 566
278 258
278 255
278 2
278 46
278 541
278 71
278 559
278 685
278 573
278 178
278 660
278 531
278 468
278 277
278 628
278 605
278 423
278 29
278 580
278 624
278 269
278 378
278 379
278 363
278 437
278 138
278 324
278 409
278 68
278 85
278 670
278 392
278 347
278 1
278 332
278 282
278 616
278 229
278 690
278 130
278 514
278 334
278 140
278 374
278 146
278 216
278 112
278 271
338 79
338 151
338 366
338 653
338 536
338 609
338 545
338 60
338 316
338 315
338 105
338 365
338 268
338 115
338 11
338 532
338 603
338 663
338 392
338 573
338 54
338 631
338 286
338 152
338 44
338 1
338 28
338 233
338 183
338 531
338 160
338 202
338 240
338 645
338 174
338 410
338 443
338 98
338 486
338 305
338 634
338 216
338 104
338 510
338 314
338 565
338 42
338 636
338 262
338 657
338 566
338 170
338 404
338 131
338 197
338 153
338 660
338 163
338 6
338 612
338 326
338 498
338 615
338 141
338 591
338 599
338 331
338 424
338 444
338 55
338 323
338 623
338 193
338 398
338 403
338 67
338 542
338 269
338 507
338 513
338 127
338 457
338 492
338 521
338 445
338 310
338 337
338 221
338 5
338 206
338 74
338 369
338 187
338 691
338 328
338 353
338 241
338 384
338 215
338 601
338 18
338 264
338 56
338 227
338 593
338 224
338 670
338 319
338 107
338 481
338 373
338 2
338 321
338 29
338 288
338 119
338 348
338 236
338 611
338 194
338 103
338 217
374 618
374 389
374 1
374 407
374 563
374 46
374 589
374 485
374 271
374 670
374 354
374 518
374 493
374 149
374 562
374 30
374 675
374 244
374 702
374 341
374 358
374 550
374 154
374 77
374 347
374 605
374 50
374 469
374 216
374 396
374 267
374 565
374 545
374 207
374 533
374 105
374 2
374 370
374 66
374 422
374 367
374 97
374 21
374 177
374 540
374 349
374 162
374 698
374 300
374 616
374 447
374 608
374 428
374 240
374 486
374 9
374 165
374 113
374 414
374 652
374 35
374 37
374 325
374 106
374 437
374 61
374 83
374 541
374 115
374 632
374 252
374 265
374 193
374 208
374 393
374 270
374 629
374 233
374 359
374 440
374 357
374 439
374 509
374 294
374 303
374 526
374 82
374 631
374 544
374 471
374 513
374 409
374 173
374 6
374 186
374 634
374 432
374 694
374 31
374 615
374 653
374 424
374 73
374 266
374 479
374 556
374 230
374 586
374 36
374 282
374 412
374 436
374 506
374 360
374 314
374 256
374 356
374 537
374 674
374 613
374 671
374 285
374 250
374 305
374 334
374 138
374 390
374 454
374 546
374 119
374 298
374 413
374 399
374 535
374 234
374 489
374 383
374 392
374 361
374 80
374 291
374 110
374 483
374 20
374 474
374 456
374 644
374 328
374 488
374 444
374 32
374 100
374 155
374 213
374 662
374 697
374 76
374 621
374 164
374 118
374 192
374 99
374 28
374 337
374 573
374 72
374 660
374 435
374 109
374 248
374 579
374 508
374 522
374 561
374 296
374 146
374 33
374 482
374 539
374 703
374 685
374 417
374 232
374 625
374 676
374 543
374 668
374 131
374 152
374 129
374 19
374 410
374 609
374 529
374 188
374 312
374 286
374 397
374 167
374 467
374 246
374 313
374 139
374 225
374 538
374 212
374 572
374 460
374 280
374 96
374 606
374 220
374 554
374 302
374 655
374 431
374 680
374 369
374 578
374 174
374 423
374 104
374 227
374 664
374 416
374 480
374 102
374 659
374 650
374 74
374 636
374 667
374 549
374 530
374 274
374 379
374 92
374 116
374 202
374 450
374 130
374 14
374 53
374 516
374 642
374 376
374 194
374 42
374 364
374 622
374 332
374 521
374 148
374 157
374 283
374 306
374 89
374 143
374 84
374 178
374 420
374 470
374 382
374 567
374 391
374 260
374 168
374 90
374 368
374 136
374 25
374 144
374 163
374 453
374 98
374 580
374 307
374 686
374 679
374 403
374 569
374 628
374 159
374 142
374 261
374 199
374 218
374 289
374 515
374 445
374 585
374 171
374 217
374 47
374 639
374 71
374 566
374 559
374 588
374 203
374 127
374 329
374 278
374 600
374 239
374 570
391 550
391 608
391 394
391 446
391 521
391 518
391 245
391 30
391 662
391 230
391 502
391 393
391 190
391 360
391 570
391 522
391 466
391 389
391 375
391 439
391 219
391 584
391 49
391 629
391 630
391 302
391 85
391 425
391 543
391 530
391 154
391 35
391 217
391 396
391 328
391 474
391 64
391 381
391 215
391 236
391 494
391 330
391 667
391 403
391 126
391 94
391 68
391 450
391 144
391 633
391 265
391 127
391 573
391 685
391 467
391 445
391 465
391 285
391 590
391 76
391 659
391 686
391 267
391 487
391 66
391 509
391 591
391 637
391 254
391 447
391 442
391 218
391 32
391 194
391 252
391 694
391 12
391 417
391 458
391 84
391 405
391 486
391 288
391 221
391 208
424 654
424 650
424 363
424 657
424 400
424 348
424 233
424 343
424 31
424 297
424 303
424 4
424 25
424 425
424 598
424 525
424 377
424 319
424 392
424 509
424 216
424 28
424 371
424 68
424 515
424 159
424 248
424 526
424 578
424 615
424 626
424 481
424 100
424 480
424 696
424 330
424 563
424 370
424 528
424 61
424 618
424 588
424 648
424 511
424 181
424 508
424 192
424 439
424 155
424 317
424 99
424 470
424 546
424 118
424 486
424 649
424 608
424 217
424 153
424 94
424 188
424 307
424 44
424 607
424 518
424 287
424 36
424 660
424 355
424 234
424 32
424 311
424 373
424 275
424 571
424 507
424 270
424 451
424 455
424 71
424 341
424 171
424 596
424 637
424 686
424 154
483 494
483 196
483 90
483 280
483 186
483 249
483 445
483 197
483 134
483 199
483 151
483 136
483 287
483 270
483 443
483 321
483 426
483 633
483 53
483 227
483 218
483 628
483 138
483 437
483 127
483 28
483 524
483 581
483 604
483 550
483 459
483 70
483 92
483 507
483 563
483 669
483 282
483 591
483 339
483 69
483 423
483 407
483 618
483 337
483 678
483 79
483 155
483 473
483 350
483 557
483 375
483 57
483 424
483 232
483 300
483 532
483 36
483 289
483 431
483 605
483 409
483 382
483 343
483 349
483 432
483 599
483 574
483 82
483 378
483 521
483 688
483 479
483 430
483 667
483 585
483 167
483 620
483 334
483 61
483 42
483 243
483 340
483 493
483 233
483 114
483 255
483 314
483 612
483 245
483 653
483 517
483 610
483 10
483 460
483 659
483 549
483 451
483 49
483 345
483 501
483 261
483 86
483 655
483 558
483 149
483 623
483 267
483 348
483 144
483 67
483 266
483 354
483 73
483 259
483 51
483 654
483 668
483 125
483 14
483 160
483 523
483 500
483 642
483 250
483 265
483 661
483 415
483 80
483 315
483 658
483 147
483 50
483 341
483 644
483 677
483 18
483 189
483 30
483 17
483 629
483 372
483 214
483 154
483 32
483 116
483 238
483 391
483 133
483 219
483 97
483 516
483 68
483 368
483 544
483 608
483 696
483 406
483 611
483 377
483 31
483 274
483 480
483 469
483 281
483 529
483 455
483 387
483 613
483 651
483 682
483 6
483 45
483 366
483 545
483 284
483 476
483 2
483 383
483 417
483 436
483 183
483 269
483 169
483 447
483 246
483 129
483 100
483 542
483 94
483 309
483 263
483 208
483 304
483 248
483 650
483 44
483 388
483 606
483 318
483 278
483 327
483 96
483 422
483 307
483 411
483 305
483 48
483 503
483 158
483 575
483 34
483 363
483 528
483 466
483 228
483 572
483 302
483 298
483 671
483 594
483 534
483 25
483 26
483 525
483 576
483 193
483 619
483 573
483 703
483 46
483 588
483 420
483 72
483 7
483 161
483 389
483 522
483 506
483 157
483 400
483 414
483 225
483 394
483 35
483 140
483 452
483 20
483 5
483 457
483 109
483 21
483 515
483 1
483 586
483 223
483 41
483 565
483 691
483 316
483 76
483 458
483 548
483 146
483 625
483 396
483 365
483 126
483 442
483 145
483 176
483 474
483 184
483 571
483 482
483 8
483 328
483 205
483 689
483 64
483 380
483 0
483 71
483 381
483 647
483 621
483 236
483 412
483 681
483 95
483 395
483 203
483 306
483 477
483 512
483 527
483 496
483 520
483 291
483 347
483 673
483 698
483 172
483 660
483 357
483 379
483 148
483 195
483 237
483 638
483 311
483 568
483 486
483 600
483 88
483 177
483 19
483 241
483 352
483 556
483 271
483 364
483 164
483 312
483 222
483 664
483 288
483 58
483 326
483 624
483 485
483 329
483 191
483 141
483 640
483 175
483 461
483 393
483 224
483 332
483 450
483 283
483 552
483 690
483 294
483 104
483 118
483 373
483 322
483 589
483 128
483 630
483 9
483 481
483 84
483 648
483 686
483 215
483 543
483 643
483 637
483 636
483 683
483 290
483 434
483 353
483 463
508 650
508 215
508 659
508 355
508 358
508 118
508 259
508 362
508 621
508 611
508 305
508 672
508 592
508 388
508 580
508 307
508 518
508 497
508 491
508 29
508 361
508 445
508 660
508 21
508 661
508 42
508 420
508 142
508 36
508 22
508 233
508 469
508 389
508 258
508 180
508 35
508 456
508 234
508 120
508 702
508 501
508 623
508 376
508 603
508 341
508 295
508 254
508 453
508 37
508 174
508 206
508 32
508 335
508 223
508 113
508 137
508 270
508 301
508 62
508 19
508 548
508 166
508 529
508 261
508 541
508 616
508 385
508 63
508 515
508 197
508 57
508 193
508 383
508 583
508 165
508 555
508 409
508 482
508 496
508 566
508 302
508 159
508 632
508 33
508 636
508 378
508 150
508 628
508 126
508 31
508 90
508 431
508 110
508 597
508 237
508 313
508 637
508 221
508 101
508 642
508 641
508 263
508 554
508 640
508 493
508 498
508 569
508 322
508 167
508 23
508 100
508 461
508 534
508 671
508 375
508 296
508 7
508 250
508 411
508 231
508 4
508 379
508 638
508 373
508 521
508 228
508 208
508 105
508 243
508 369
508 681
508 472
508 588
508 525
508 232
508 502
508 488
508 454
508 511
508 500
508 73
508 194
508 56
508 368
508 542
508 18
508 474
508 328
508 465
508 332
508 557
508 345
508 13
508 507
508 248
508 127
508 356
508 551
508 67
508 613
508 407
508 269
508 283
508 294
508 460
508 178
508 652
508 563
508 134
508 608
508 353
508 265
508 255
508 365
508 696
508 512
508 220
508 131
508 430
508 340
508 278
508 549
508 393
508 79
508 629
508 138
508 143
508 293
508 281
508 321
508 275
508 325
508 44
508 381
508 49
508 576
508 585
508 251
508 65
508 540
508 196
508 34
508 360
508 403
508 618
508 584
508 439
508 415
508 581
508 16
508 639
508 172
508 394
508 664
508 535
508 459
508 212
508 668
508 582
508 395
508 151
508 190
508 114
508 260
508 308
508 176
508 39
508 357
508 559
508 279
508 688
508 599
508 48
508 545
508 432
508 550
508 163
508 481
508 186
508 673
508 147
508 314
508 560
508 463
508 591
508 222
508 285
508 5
508 238
508 676
508 425
508 655
508 352
508 553
508 396
508 153
508 567
508 444
508 627
508 689
508 45
508 470
508 428
508 494
508 526
508 160
508 604
508 643
508 239
508 219
508 115
508 216
508 468
508 334
508 440
508 662
508 102
508 245
508 634
508 520
508 195
508 123
508 80
508 699
508 473
508 136
508 10
508 692
508 421
508 570
508 82
508 189
508 6
508 199
508 117
508 464
508 98
508 537
508 92
508 675
508 106
508 448
508 267
508 598
508 235
508 28
508 594
508 630
508 506
508 619
508 654
508 386
508 241
508 694
508 442
508 392
508 698
508 152
508 480
508 436
508 230
508 590
508 300
508 252
508 236
508 55
508 615
508 86
508 12
508 489
508 108
508 146
508 11
508 426
508 589
508 78
508 561
508 20
508 626
508 343
508 418
508 119
508 406
508 347
508 319
508 693
508 161
508 88
508 670
508 51
508 109
508 329
508 364
508 198
508 54
508 380
508 412
508 291
508 139
508 316
508 181
508 346
508 164
508 304
508 272
508 533
508 61
508 607
508 679
508 433
508 478
508 157
508 249
529 361
529 626
529 169
529 426
529 508
529 238
529 113
529 461
529 531
529 99
529 679
529 129
529 534
529 237
529 75
529 198
529 458
529 140
529 399
529 22
529 245
529 109
529 164
529 530
529 223
529 412
529 554
529 520
529 662
529 96
529 275
529 630
529 312
529 262
529 301
529 568
529 209
529 177
529 307
529 184
529 356
529 512
529 511
529 202
529 95
529 302
529 553
529 580
529 541
529 376
529 411
529 208
529 485
529 134
529 18
529 440
529 17
529 369
529 472
529 550
529 27
529 501
529 438
529 629
529 643
529 67
529 607
529 694
529 143
529 604
529 403
529 79
529 291
529 688
529 612
529 43
529 425
529 240
529 152
529 560
529 353
529 605
529 10
529 306
529 41
529 639
529 263
529 149
529 507
529 377
529 48
529 126
529 686
529 494
529 596
529 496
529 6
529 374
529 636
529 51
529 206
529 234
529 631
529 344
529 537
529 82
529 667
529 633
529 634
529 42
529 608
529 453
529 428
529 365
529 115
529 480
529 63
529 362
529 220
529 90
529 394
529 59
529 459
529 389
529 136
529 383
529 702
529 76
529 131
529 286
529 188
529 430
529 499
529 270
529 366
529 69
529 415
529 132
529 345
529 254
529 624
529 88
529 448
529 632
529 146
529 105
529 244
529 373
529 516
529 659
529 498
529 162
529 44
529 463
529 514
529 217
529 454
529 671
529 28
529 335
529 616
529 21
529 78
529 416
529 589
529 225
529 646
529 29
529 603
529 310
529 269
529 155
529 133
529 80
529 521
529 693
529 555
529 585
529 71
529 478
529 144
529 465
529 186
529 690
529 586
529 395
529 597
529 562
529 358
529 460
529 661
529 606
529 591
529 311
529 229
529 228
529 588
529 193
529 285
529 114
529 421
529 435
529 500
529 194
529 424
529 388
529 296
529 320
529 543
529 294
529 598
529 525
529 0
529 565
529 457
529 489
529 625
529 25
529 470
529 563
529 26
529 37
529 515
529 230
529 583
529 675
529 474
529 433
529 651
529 505
529 13
529 1
529 452
529 622
529 540
529 348
529 5
529 599
529 357
529 524
529 252
529 697
529 432
529 298
529 621
529 190
529 77
529 400
529 590
529 253
529 466
529 62
529 532
529 503
529 282
529 332
529 497
529 618
529 380
529 339
529 283
529 410
529 142
529 397
529 422
529 593
529 518
529 221
529 546
529 32
529 561
529 419
529 243
529 436
529 251
529 267
529 350
529 256
529 476
529 235
529 584
529 645
529 233
529 83
529 522
529 473
529 84
529 334
529 328
529 371
529 384
529 50
529 676
529 548
529 112
529 471
529 73
529 577
529 153
529 72
529 640
529 128
529 45
529 509
529 176
529 258
529 393
529 154
529 627
529 355
529 487
529 305
529 255
529 281
529 573
529 581
529 381
529 482
529 570
529 85
529 173
529 2
529 189
529 271
529 664
529 655
529 526
529 677
529 260
529 450
529 318
529 119
529 488
529 31
529 49
529 517
529 272
529 462
529 313
529 451
529 338
529 97
612 72
612 240
612 546
612 253
612 593
612 214
612 495
612 71
612 25
612 611
612 228
612 454
612 115
612 518
612 330
612 567
612 138
612 628
612 225
612 473
612 411
612 632
612 648
612 92
612 312
612 45
612 622
612 525
612 73
612 592
612 589
612 12
612 150
612 433
612 391
612 613
612 653
612 192
612 443
612 678
612 502
612 686
612 95
612 354
612 345
612 41
612 318
612 32
612 198
612 9
612 20
612 207
612 301
612 51
612 49
612 117
612 28
612 176
612 659
612 34
612 3
612 44
612 173
612 80
612 522
612 511
612 656
612 194
612 29
612 572
612 77
612 76
612 436
612 619
612 521
612 130
612 132
612 451
612 316
612 139
612 372
612 288
612 459
612 441
612 137
612 440
612 283
612 633
612 642
612 698
612 166
612 128
612 563
612 267
612 169
612 647
612 609
612 413
612 576
612 255
612 397
612 205
612 74
612 530
612 297
612 42
612 688
612 652
612 639
612 512
612 313
612 129
612 405
612 369
612 407
612 636
612 702
612 606
612 664
612 445
612 46
612 293
612 171
612 209
612 578
612 338
612 574
612 507
612 538
612 8
612 670
612 508
612 537
612 11
612 463
612 579
612 23
612 256
612 290
612 428
612 474
612 513
612 588
612 199
612 15
612 266
612 84
612 355
612 384
612 402
612 39
612 254
612 101
612 252
612 235
612 675
612 114
612 540
612 260
612 534
612 239
612 19
612 48
612 410
612 373
612 615
612 174
612 292
612 134
612 229
612 694
612 681
612 259
612 268
612 439
612 319
612 558
612 152
612 415
612 61
612 184
612 180
612 294
612 493
612 18
612 476
612 87
612 265
612 423
612 594
612 203
612 550
612 419
612 65
612 516
612 43
612 234
612 536
612 690
612 506
612 303
612 261
612 523
612 262
612 679
612 453
612 21
612 218
612 350
612 165
612 321
612 637
612 339
612 625
612 371
612 421
612 220
612 302
612 206
612 343
612 380
612 224
612 409
612 236
612 162
612 505
612 147
612 509
612 54
612 96
612 13
612 651
612 222
612 7
612 562
612 181
612 498
612 120
612 59
612 437
612 501
612 81
612 269
612 608
612 496
612 325
612 304
612 356
612 22
612 78
612 136
612 680
612 420
612 154
612 515
612 55
612 600
612 99
612 364
612 317
612 57
612 662
612 696
612 400
612 31
612 85
612 673
612 164
612 358
612 455
612 590
612 125
612 282
612 426
612 351
612 219
612 644
612 141
612 467
612 661
612 377
612 112
612 610
612 466
612 438
612 403
612 676
612 145
612 417
612 126
612 151
612 216
612 427
612 94
612 424
612 217
612 544
612 113
612 524
612 432
612 156
612 545
612 324
612 481
612 211
612 520
612 310
612 591
612 643
612 287
612 603
612 119
612 630
612 596
612 79
612 539
612 329
612 430
612 210
612 190
612 320
612 685
612 296
612 469
612 68
612 196
612 494
612 601
612 331
612 668
612 365
612 381
612 597
612 246
612 183
612 93
612 379
612 683
612 187
612 98
612 352
612 102
612 177
612 560
612 500
612 245
612 554
612 144
612 669
612 305
612 368
612 532
612 306
612 566
612 556
612 212
612 233
612 450
612 389
612 167
612 160
612 401
612 186
612 465
612 692
612 485
612 86
612 131
612 172
612 452
644 413
644 549
644 604
644 61
644 4
644 119
644 458
644 177
644 223
644 496
644 370
644 669
644 157
644 392
644 589
644 578
644 372
644 11
644 455
644 486
644 645
644 599
644 541
644 279
644 102
644 527
644 381
644 330
644 94
644 12
644 39
644 347
644 591
644 224
644 403
644 35
644 371
644 696
644 511
644 162
644 284
644 181
644 341
644 190
644 132
644 184
644 134
644 393
644 205
644 470
644 275
644 172
644 114
644 437
644 676
644 569
644 580
644 471
644 345
644 42
644 354
644 254
644 258
644 164
644 528
644 25
644 317
644 442
644 622
644 15
644 51
644 542
644 677
644 83
644 378
644 1
644 68
644 217
644 131
644 615
644 383
644 343
644 194
644 577
644 603
644 460
644 590
644 412
644 71
644 649
644 568
644 43
644 154
644 260
644 161
644 126
644 407
644 202
644 340
644 30
644 358
644 398
644 512
644 291
644 272
644 20
644 598
644 544
644 572
644 686
644 287
644 319
644 673
644 647
644 550
644 657
644 151
644 243
644 46
644 44
644 452
644 313
644 399
644 153
644 654
644 159
644 426
644 689
674 636
674 403
674 610
674 618
674 550
674 696
674 660
