674 365
674 349
98 598
78 468
338 132
164 492
135 582
529 491
104 186
164 409
674 362
183 328
151 382
151 18
374 24
151 438
151 147
674 201
424 643
151 336
12 276
151 697
263 587
114 458
78 276
529 483
338 120
183 299
391 384
114 673
97 411
424 194
391 114
114 326
374 293
278 18
263 82
529 200
338 260
263 573
98 11
674 380
674 277
183 100
44 417
644 122
135 404
612 24
424 664
483 385
278 610
644 192
1 366
424 228
104 539
98 426
263 652
163 583
163 58
483 247
164 481
278 188
278 366
278 7
278 261
163 39
644 356
1 695
674 578
183 330
104 648
183 528
151 456
391 117
183 423
424 414
151 287
164 373
263 111
674 455
12 429
338 538
164 117
183 372
78 649
163 268
183 601
163 256
263 229
338 527
424 349
164 557
114 138
135 431
135 561
151 38
78 555
163 121
183 439
164 452
278 183
183 73
263 584
164 671
114 118
98 579
278 164
183 435
98 635
644 97
1 645
164 79
151 588
98 399
104 200
338 377
98 535
151 381
1 388
391 162
98 549
135 308
338 3
183 693
263 697
338 489
644 482
104 386
278 195
263 433
151 88
278 187
98 249
278 533
644 564
98 125
1 347
94 429
674 337
263 139
78 40
151 421
278 467
1 27
183 264
151 299
164 376
183 593
151 475
278 671
391 169
183 240
164 226
391 141
391 415
424 302
483 135
163 536
183 585
644 146
644 671
114 189
424 91
78 492
151 90
263 544
97 191
78 220
338 462
151 293
183 191
164 587
1 167
612 464
151 654
338 198
114 442
374 640
151 660
164 438
644 231
114 395
114 83
263 438
263 517
508 552
164 297
98 76
151 554
338 472
674 686
98 527
263 680
612 491
391 15
278 466
44 665
1 408
44 387
163 135
183 495
183 288
98 371
151 398
114 336
529 68
164 520
164 247
338 621
98 126
163 164
233 408
183 128
163 180
508 156
98 697
674 259
78 620
263 223
163 70
183 175
263 350
674 6
98 474
98 490
424 584
644 366
674 251
1 241
424 479
114 352
1 540
78 306
263 635
424 472
391 129
183 253
674 680
98 114
114 408
104 195
644 280
163 587
183 257
644 617
1 314
233 627
391 322
424 437
98 353
98 112
391 14
674 466
183 163
263 225
338 228
391 489
374 684
98 254
44 564
164 93
674 361
163 429
278 430
114 573
529 185
391 695
114 147
391 135
644 474
263 339
391 514
164 549
183 361
44 366
644 137
183 574
424 539
114 58
94 123
674 494
78 180
424 614
98 313
374 532
164 680
151 129
164 99
163 614
263 694
508 323
78 55
424 653
163 321
104 354
163 484
612 449
374 185
114 451
338 662
263 431
483 475
674 282
78 145
114 501
151 22
263 693
391 40
674 258
1 587
424 359
164 6
644 500
98 382
424 374
644 584
263 11
483 286
183 505
278 273
674 461
338 140
183 680
114 141
391 116
183 625
391 431
391 567
164 484
183 290
424 603
263 321
151 401
1 225
674 569
644 303
644 80
391 171
1 481
278 242
278 372
44 52
391 373
135 484
98 277
98 203
674 673
104 666
338 643
674 552
338 41
151 650
164 446
151 265
338 589
183 92
424 96
114 170
278 393
98 609
114 65
278 380
374 352
674 355
114 340
98 105
374 319
263 463
529 552
44 169
98 272
114 160
644 368
1 20
1 668
98 231
98 140
644 189
674 198
263 684
98 424
263 440
114 112
529 336
163 101
278 63
151 51
151 540
674 0
424 105
94 182
529 601
183 278
263 51
674 524
338 518
78 427
151 610
94 264
644 351
178 182
183 235
114 151
183 224
483 4
163 431
374 103
1 578
424 625
114 367
98 286
164 52
164 475
104 385
674 133
151 638
374 161
424 230
78 95
98 664
274 378
674 609
338 651
278 579
338 461
391 488
391 244
338 330
374 170
114 481
114 510
151 331
674 614
391 34
98 484
338 204
391 576
151 680
338 345
374 223
483 139
674 323
424 173
164 277
164 380
278 177
114 273
674 170
644 406
278 586
183 121
483 386
98 308
164 231
424 548
674 699
263 144
151 188
278 220
98 160
674 98
263 535
1 231
374 597
135 524
114 66
114 686
278 361
164 173
338 195
114 593
508 182
374 418
183 427
1 125
278 311
674 585
674 271
1 218
44 323
114 594
674 405
263 306
674 340
1 328
94 695
424 56
151 230
44 699
98 499
151 37
644 66
183 340
151 152
391 289
263 355
263 393
151 91
98 378
151 698
483 701
424 163
151 616
424 460
263 418
424 134
114 436
674 40
151 498
424 38
114 462
529 644
529 654
674 128
98 637
674 597
424 694
183 486
1 318
374 527
183 302
233 547
391 75
151 418
163 264
163 273
183 34
183 552
263 141
135 224
151 562
151 373
424 523
164 401
391 645
151 84
233 418
674 576
163 293
183 144
98 20
183 620
104 120
114 94
98 478
151 125
12 491
391 38
674 203
278 67
135 54
391 636
78 293
94 309
98 44
612 385
674 575
278 106
78 101
263 221
151 407
151 689
263 356
164 176
1 674
183 621
674 547
644 490
278 663
338 49
151 440
483 91
644 574
1 515
529 337
114 499
135 588
674 85
164 293
644 142
529 404
233 185
114 304
424 140
529 174
151 229
612 52
644 454
114 286
183 146
1 95
98 470
135 212
674 73
674 228
151 319
674 513
98 52
644 13
644 265
674 667
278 357
674 213
164 565
1 395
183 488
529 87
674 419
98 456
163 77
674 4
391 471
374 327
483 268
644 89
183 237
424 289
78 110
674 397
12 684
263 95
151 518
391 464
233 687
151 543
278 563
164 663
508 226
263 414
183 584
183 124
338 414
98 397
424 552
164 341
183 395
391 237
263 500
674 544
233 297
44 571
391 556
44 208
178 385
424 675
183 267
391 655
263 217
263 327
644 236
164 564
114 675
674 528
114 646
151 124
98 284
391 585
183 371
424 7
391 520
391 159
151 190
151 263
12 277
78 411
78 52
338 43
391 386
644 302
163 630
94 99
391 271
263 50
183 561
391 247
278 58
97 197
644 225
278 693
98 410
164 122
44 484
151 222
151 662
644 595
44 424
278 42
274 491
529 663
338 299
338 351
164 656
163 182
1 372
338 533
44 404
114 317
135 273
98 330
151 463
114 239
98 300
391 7
151 95
263 615
674 541
508 523
674 308
183 174
164 651
1 284
424 433
483 449
674 446
612 514
483 536
424 360
424 476
183 196
183 616
674 438
151 50
151 594
674 376
151 647
98 525
483 645
151 395
98 134
97 387
263 287
12 91
644 402
78 572
278 448
78 673
374 385
424 126
1 8
424 14
644 554
78 314
151 272
278 126
98 451
338 329
278 294
44 181
151 79
163 326
263 451
391 258
163 418
529 257
163 206
263 686
391 382
98 459
529 187
391 420
183 270
151 605
98 507
183 110
98 438
391 60
263 421
183 206
114 684
263 265
278 259
278 701
644 432
338 577
374 125
483 320
644 24
644 233
674 571
674 48
163 441
183 335
12 107
78 316
78 404
135 587
263 342
104 513
674 212
424 482
183 259
338 544
338 548
424 62
674 359
263 218
424 255
114 293
78 656
391 193
278 506
164 182
135 108
391 481
263 43
114 635
183 2
644 420
151 432
98 172
338 53
1 342
508 179
278 569
644 8
44 164
12 257
183 702
263 376
644 634
164 454
135 536
674 658
78 253
78 49
391 650
644 605
164 105
508 547
1 517
374 58
338 426
163 682
424 550
263 301
151 448
78 336
114 47
98 334
135 191
183 161
674 7
94 321
151 45
674 183
163 506
674 333
97 558
424 591
391 578
151 120
164 235
338 85
78 27
674 86
644 69
674 45
151 44
674 256
338 81
163 120
612 701
391 678
424 157
508 434
1 595
274 117
183 568
338 493
612 195
391 101
151 10
164 180
674 196
424 58
78 264
151 30
164 70
391 376
151 59
278 683
274 297
644 226
164 236
98 6
183 216
338 553
98 657
263 470
644 65
114 60
391 309
263 8
164 511
278 206
98 416
163 290
391 379
151 65
1 280
424 205
424 651
114 402
183 68
508 242
98 352
1 141
263 611
98 481
338 551
374 226
674 156
114 369
1 305
151 97
674 298
424 670
151 226
1 192
98 323
391 349
278 105
151 678
98 101
338 77
391 39
644 346
44 666
424 115
274 680
674 338
98 401
278 612
391 90
338 108
391 639
98 289
374 22
424 610
338 97
529 695
674 269
98 339
674 589
278 24
98 40
97 574
163 249
97 333
233 499
391 278
644 342
98 279
674 371
424 19
183 18
1 510
644 28
183 357
391 74
151 446
151 641
151 476
183 673
644 93
674 143
391 559
644 199
114 46
98 519
674 691
163 661
78 394
644 273
1 38
644 521
183 431
674 283
263 436
278 137
263 5
674 525
98 546
78 139
104 571
183 556
644 334
98 169
263 119
98 216
98 369
151 449
674 601
151 536
98 671
424 454
263 106
114 268
274 41
644 661
674 79
483 210
183 285
374 135
674 278
183 650
164 365
612 35
163 635
391 620
233 624
644 344
278 449
98 205
508 574
163 385
391 148
263 687
338 692
644 116
424 121
114 658
98 320
44 292
391 256
164 189
391 83
391 693
674 621
151 126
135 609
338 226
151 539
644 117
338 431
391 542
338 476
114 533
424 364
183 75
338 212
278 354
164 210
483 656
424 49
78 467
151 34
151 670
114 124
278 487
183 304
338 375
151 417
674 379
233 91
98 488
278 109
644 160
114 100
508 326
151 410
44 20
391 143
674 71
183 238
338 190
391 600
151 467
135 388
44 237
674 146
78 163
338 578
163 387
278 181
98 462
164 33
263 239
338 605
98 694
98 119
338 456
424 417
674 177
151 163
151 567
183 65
674 38
78 211
674 572
391 588
98 314
274 587
674 262
1 323
151 441
183 420
44 35
164 278
151 434
338 275
374 468
391 646
338 700
391 197
78 249
424 536
1 634
674 531
338 458
338 606
151 181
151 127
278 687
424 442
98 7
164 489
424 139
391 598
263 79
278 391
183 233
391 651
98 541
163 231
374 52
529 86
644 163
263 371
674 316
98 4
98 19
98 517
164 514
12 52
183 56
78 189
114 23
529 54
114 484
338 123
391 292
151 321
164 432
263 588
424 300
183 169
529 387
674 125
263 164
391 602
644 422
98 667
135 121
98 256
183 521
338 376
424 700
374 499
529 249
674 512
263 269
151 541
424 352
391 115
163 179
98 111
338 92
151 655
151 529
163 16
644 253
44 180
612 237
391 681
183 317
612 387
424 263
424 125
151 17
674 537
674 191
1 490
164 588
98 482
424 590
44 477
674 179
98 66
151 251
114 469
44 418
114 181
529 527
1 134
263 394
183 503
674 307
164 405
183 292
674 204
151 29
391 416
278 151
114 143
263 491
98 411
391 198
164 41
44 125
1 122
114 250
338 258
338 535
391 691
374 206
151 32
183 221
674 435
338 624
98 131
114 13
151 301
424 136
278 436
338 596
612 517
183 542
338 185
1 24
338 270
183 497
78 183
644 630
164 572
183 559
78 146
424 210
163 631
483 342
44 595
278 457
338 271
391 111
278 548
114 461
151 307
151 524
98 123
151 298
338 117
424 485
114 127
94 595
114 581
114 564
183 113
114 623
164 317
98 699
151 344
164 106
424 267
391 480
151 394
183 308
183 401
114 108
644 123
78 540
529 106
263 547
263 216
151 323
183 99
151 25
338 467
278 98
97 601
98 310
424 450
1 641
391 150
44 121
391 46
151 215
44 257
424 540
114 262
278 327
338 358
183 611
183 403
1 104
338 89
644 182
424 399
338 649
44 23
529 309
183 39
98 206
674 650
674 331
98 522
164 690
98 601
274 468
612 418
78 406
1 112
135 125
338 464
374 433
151 686
674 377
98 389
98 469
338 91
612 226
391 166
183 102
529 519
529 701
183 322
263 195
338 171
424 213
1 89
391 525
98 251
674 119
263 612
163 624
674 44
644 251
529 182
674 448
391 653
114 539
98 430
183 363
114 61
674 358
183 393
674 502
183 539
644 419
163 286
674 176
151 117
98 639
644 586
104 226
644 663
274 243
263 262
183 390
183 150
98 38
508 135
163 533
163 226
674 95
424 605
44 690
183 489
135 523
98 247
391 699
674 565
183 249
98 116
274 484
183 106
98 613
164 314
183 22
391 37
424 197
98 702
263 645
424 18
163 251
114 284
163 492
674 382
78 692
164 300
98 161
151 553
263 643
1 110
338 626
135 677
98 584
98 10
263 123
644 700
164 327
98 358
391 59
674 413
151 279
391 20
278 158
114 338
338 690
151 652
391 11
263 647
263 96
338 168
78 305
114 419
278 677
424 116
78 542
164 141
374 665
424 254
44 554
164 612
98 345
1 276
391 365
263 406
374 26
674 279
98 211
424 685
391 540
374 365
98 585
391 71
424 368
78 484
151 389
529 455
508 342
391 528
278 341
644 395
674 449
391 266
114 337
424 200
674 657
1 386
674 27
114 691
183 703
263 449
183 387
94 117
1 542
98 590
424 630
391 641
151 406
263 122
278 107
183 96
338 230
508 492
164 289
151 343
183 5
263 20
44 510
263 132
183 63
114 640
644 582
183 149
164 507
644 282
674 161
374 297
1 429
183 260
151 560
164 170
183 496
278 268
78 388
114 422
508 519
164 504
391 554
97 347
338 142
391 448
529 429
424 137
98 680
1 299
424 493
391 594
263 479
263 639
151 387
391 627
98 381
274 231
338 504
391 516
338 147
483 253
674 390
78 602
263 289
644 140
98 441
424 444
674 629
135 665
163 220
424 237
391 387
98 536
263 691
78 5
424 196
151 694
644 633
674 470
151 514
12 695
263 226
278 221
1 128
1 186
98 368
178 327
98 77
94 491
94 132
391 533
674 467
114 641
233 226
391 519
151 300
644 530
338 116
483 323
263 84
163 111
263 323
644 660
98 336
391 453
233 587
338 418
644 333
114 57
114 172
278 654
164 112
98 322
391 343
424 396
278 433
178 514
263 9
1 6
104 558
674 240
338 192
1 504
151 304
164 295
391 680
529 52
151 558
263 381
164 336
391 91
391 479
424 697
114 33
424 138
98 413
529 7
1 397
674 670
391 654
97 114
674 189
1 88
674 314
274 578
98 608
391 593
674 104
278 609
508 475
644 417
78 599
391 414
374 429
644 352
391 51
338 413
338 627
424 500
164 0
338 478
263 71
263 128
424 560
674 320
529 36
78 111
278 99
183 694
338 136
424 524
644 620
151 170
263 520
151 531
374 619
674 50
374 552
183 93
1 601
644 96
98 13
98 311
424 325
674 579
78 480
104 436
424 315
424 679
151 61
98 500
183 526
674 107
424 402
135 33
94 226
78 449
424 292
135 663
78 362
164 208
114 382
674 445
1 47
163 188
338 158
44 515
278 498
391 145
78 695
97 231
151 94
164 552
233 386
338 512
114 557
529 367
164 183
529 665
183 576
183 277
98 589
508 297
338 272
278 656
12 191
274 251
164 510
674 631
183 205
374 571
183 133
151 555
338 317
338 349
644 388
424 306
424 268
644 353
78 338
78 9
374 598
374 661
97 226
674 99
612 38
391 469
44 34
98 385
97 386
674 321
391 110
674 581
1 627
114 81
644 609
391 323
183 512
278 542
424 10
183 280
424 567
391 232
424 124
644 672
263 401
263 364
163 60
98 78
164 203
151 99
278 510
391 160
183 684
374 449
78 682
183 476
424 663
1 588
338 681
391 369
338 562
164 53
98 51
612 58
183 571
391 406
164 145
151 314
644 357
183 344
391 390
164 408
104 159
98 627
114 92
151 701
44 449
151 201
644 457
278 223
278 61
644 47
114 570
1 351
674 74
644 124
338 30
135 370
278 344
612 490
151 534
374 179
644 210
391 652
183 460
278 478
44 95
374 691
263 288
424 128
374 326
151 414
114 305
278 270
374 362
233 93
151 259
391 319
151 589
151 511
278 666
78 544
644 699
98 192
98 183
151 130
1 223
44 74
391 246
114 344
391 587
508 602
1 182
151 89
98 366
391 512
338 300
151 566
644 261
263 271
483 122
674 414
338 642
278 639
98 611
424 283
164 560
98 687
424 558
1 3
114 449
391 82
114 558
94 135
424 446
114 45
151 677
644 540
263 568
338 495
164 201
98 404
391 133
151 212
114 87
151 451
424 430
151 490
278 305
151 383
163 73
183 62
151 488
391 673
151 430
374 558
44 576
98 59
151 48
263 666
114 532
274 248
424 475
424 647
424 393
674 287
391 303
114 115
263 309
338 154
391 421
114 582
674 462
424 240
151 507
674 384
674 182
424 269
164 385
338 497
104 418
114 542
391 355
338 31
391 48
529 4
263 688
98 646
391 529
44 587
644 283
674 18
674 173
391 195
98 492
151 542
44 24
529 141
183 78
274 91
674 168
374 172
391 310
98 222
183 301
374 496
114 619
529 211
97 295
114 318
338 629
151 186
391 675
163 80
44 504
78 347
644 653
424 533
508 387
278 558
151 408
163 55
374 201
104 671
278 507
114 201
98 218
674 540
98 445
674 206
114 362
183 543
94 367
674 685
274 483
151 357
483 103
391 211
674 697
674 456
278 546
338 237
164 626
1 221
98 494
263 628
674 408
338 251
98 221
263 251
263 55
278 342
151 462
98 34
151 160
1 100
114 656
151 532
163 459
674 499
98 622
183 59
674 310
183 391
183 129
163 514
151 454
183 590
391 13
263 115
1 344
98 28
263 278
424 225
674 120
114 431
164 114
233 564
183 115
78 290
151 563
151 330
114 560
424 293
98 8
151 702
183 501
278 446
674 477
529 268
1 492
163 309
151 452
278 3
424 272
612 663
98 196
274 342
374 635
151 396
424 109
278 476
338 610
508 620
674 65
391 579
164 239
263 454
98 151
151 207
183 220
263 205
644 475
183 52
163 299
151 583
78 208
98 652
114 423
78 241
391 424
78 93
263 152
164 333
644 242
94 373
151 413
644 106
278 288
374 242
151 703
163 399
178 510
391 276
263 702
151 308
263 582
1 316
151 141
424 308
183 258
644 450
424 673
278 316
183 555
1 660
1 657
183 355
612 40
263 397
151 497
674 5
164 355
114 253
529 299
114 630
263 352
164 597
114 52
183 425
114 452
424 256
263 41
44 103
338 622
674 420
98 502
508 510
151 585
98 691
164 338
424 23
1 537
183 659
151 637
114 546
151 495
338 587
98 625
278 247
183 517
674 659
529 542
612 484
278 625
674 58
644 73
114 183
183 132
1 32
263 176
674 561
151 573
263 358
163 175
263 291
338 618
135 644
338 45
163 400
338 34
338 537
151 19
135 65
644 506
278 644
183 228
135 93
44 451
163 621
674 690
644 411
278 131
135 300
12 408
151 334
529 170
151 171
644 206
674 180
674 247
78 430
114 82
151 189
674 652
278 477
263 135
674 542
278 703
338 490
164 1
529 434
163 438
1 206
164 678
374 8
338 452
424 453
263 675
263 333
164 577
114 663
278 31
391 340
183 17
163 332
151 145
391 137
44 122
94 151
1 656
135 449
424 168
78 523
338 386
94 558
674 184
183 481
183 152
183 46
278 587
391 501
338 491
391 178
183 35
98 629
114 446
114 591
529 161
151 196
151 72
338 630
644 19
278 52
338 297
78 148
44 378
44 494
151 312
674 530
151 369
424 378
98 547
338 547
424 394
278 390
263 172
424 573
183 1
263 636
1 464
644 656
44 458
98 395
424 113
114 667
97 251
424 652
164 251
98 70
183 140
274 449
183 466
97 475
391 333
98 420
1 649
151 579
674 87
263 624
338 430
338 466
644 492
644 22
114 341
338 191
674 434
263 254
278 519
98 387
263 679
183 8
164 222
338 177
1 450
338 110
391 490
644 436
183 456
483 484
183 123
78 387
338 324
151 443
104 107
151 598
391 41
78 342
391 350
424 682
78 444
278 28
278 422
183 293
151 56
644 77
94 201
338 279
263 124
391 156
424 419
98 432
94 87
674 554
94 670
391 562
263 531
263 175
163 481
674 14
644 625
424 309
151 447
44 308
391 326
278 203
44 562
424 464
183 165
263 102
391 168
183 190
674 31
424 312
104 614
97 60
674 36
44 436
612 257
424 490
233 211
263 40
263 148
98 91
183 254
114 206
644 446
151 86
164 185
135 272
644 74
424 131
674 443
114 200
529 183
612 468
233 385
274 277
98 690
114 589
98 175
391 280
508 441
338 448
674 52
98 496
183 442
104 475
151 270
151 221
338 149
674 567
674 406
508 276
151 78
12 342
164 43
424 375
98 520
483 699
114 210
114 389
644 301
44 107
374 268
278 349
114 278
98 198
391 553
483 601
338 9
644 250
274 20
424 503
151 363
98 396
233 38
483 121
374 62
98 236
164 490
114 606
674 559
114 685
114 117
114 277
97 682
151 458
674 497
674 285
183 339
98 453
274 343
164 602
151 200
674 527
183 354
263 200
278 652
98 662
163 362
278 246
612 408
674 21
674 529
424 391
178 38
104 36
135 277
674 293
98 41
78 550
338 333
151 109
98 434
612 326
483 418
424 351
674 678
263 256
98 144
424 674
98 31
98 513
114 128
424 680
98 282
114 368
183 186
1 36
338 86
338 397
44 110
163 367
263 277
644 234
338 604
78 313
374 107
391 364
674 241
98 398
78 226
391 692
529 103
338 696
78 349
135 139
338 181
274 663
151 359
644 385
164 538
274 223
98 213
338 118
391 397
151 249
424 380
151 122
391 27
391 476
98 454
1 436
424 298
164 594
278 287
263 657
391 121
278 322
151 591
374 599
78 671
263 360
644 587
12 226
391 683
612 547
98 185
1 52
98 529
644 410
183 617
508 210
374 419
674 49
114 418
391 462
183 50
151 574
263 232
151 161
183 452
98 563
424 461
391 436
97 687
391 79
274 571
263 682
98 142
78 556
164 468
278 702
644 48
98 363
98 283
674 200
78 361
114 254
391 224
278 452
674 145
391 234
424 83
98 121
612 241
424 264
135 248
278 202
44 185
674 193
78 604
644 218
424 190
163 553
98 293
338 239
98 425
183 623
151 615
183 385
97 599
98 280
391 419
98 654
94 427
424 282
424 331
391 134
78 580
263 307
644 158
98 94
1 632
674 157
674 375
508 187
263 113
183 369
278 475
644 321
508 331
151 0
163 172
278 8
78 684
164 26
183 671
424 261
674 195
278 553
674 654
263 227
163 404
151 202
263 202
183 349
114 699
164 166
98 447
644 583
338 379
338 259
114 72
424 281
98 612
44 226
151 377
338 576
391 532
114 609
94 112
391 16
98 122
263 674
114 434
391 251
391 23
163 78
98 480
233 475
78 70
98 54
151 199
644 174
424 345
263 407
44 421
674 421
183 138
135 427
44 362
151 533
263 649
644 467
44 448
151 569
183 60
98 452
151 110
263 42
278 688
98 448
644 9
263 99
104 635
424 613
98 155
1 59
183 312
183 580
104 306
78 619
183 209
263 186
263 630
183 462
151 596
391 308
529 351
674 587
391 132
374 595
674 248
151 135
164 207
164 129
163 74
263 38
164 638
114 655
151 262
338 21
391 702
151 118
391 582
114 642
263 700
374 12
644 109
674 564
529 656
391 473
424 180
338 128
338 284
44 446
183 47
98 29
263 214
644 536
183 633
183 36
163 207
183 596
263 16
44 5
278 210
98 487
44 464
163 333
644 632
1 382
644 311
44 411
424 412
674 330
151 362
78 367
114 696
644 325
12 490
644 336
338 257
163 510
98 600
78 470
424 162
151 685
114 529
263 274
151 39
151 657
263 549
78 481
338 656
374 91
78 597
278 47
44 643
278 254
391 352
97 524
263 346
183 599
424 245
263 322
263 362
1 640
338 560
263 297
135 235
1 589
644 557
424 40
1 626
44 370
391 507
674 250
338 306
424 644
164 661
391 362
98 408
263 411
163 257
674 503
114 332
278 90
183 324
151 617
183 610
183 434
263 206
1 665
1 124
263 367
151 157
1 287
374 133
151 193
674 639
278 318
98 84
674 105
164 94
674 217
98 374
338 522
391 24
135 260
529 204
104 264
151 621
151 11
164 558
644 294
263 489
151 46
44 354
424 45
274 516
151 217
135 342
674 181
151 464
338 679
674 505
98 0
263 447
183 309
644 637
151 228
163 336
164 547
78 39
178 91
44 85
263 638
644 143
78 0
529 40
278 87
183 557
424 440
274 666
151 108
98 355
135 40
338 178
644 386
338 285
338 595
674 346
44 574
1 117
98 228
104 52
644 266
391 356
338 73
151 234
391 503
278 555
263 671
424 244
674 507
78 182
233 182
391 205
163 571
644 431
644 240
98 167
1 449
674 582
674 249
644 331
424 294
98 171
263 245
114 492
644 208
612 687
183 454
98 607
263 166
163 501
529 574
151 683
164 449
424 166
98 312
183 394
424 231
114 309
338 360
529 680
391 19
164 689
97 695
263 656
114 192
674 588
163 701
78 574
263 676
1 635
183 482
529 163
1 683
151 667
44 90
94 257
644 498
114 224
338 674
12 333
338 401
391 52
98 528
278 317
278 667
178 231
151 622
98 446
114 388
98 423
78 514
78 295
98 202
508 684
278 297
151 77
97 595
674 424
114 693
391 399
644 156
263 325
78 273
391 321
1 106
338 534
263 385
374 41
164 462
183 558
151 595
163 91
98 159
674 454
483 276
424 581
183 626
98 431
183 379
483 242
97 631
644 62
263 559
114 187
44 70
98 342
163 132
97 122
98 450
424 152
391 345
78 472
98 568
151 623
338 281
391 660
44 93
151 156
163 44
263 461
338 676
114 679
163 552
278 121
164 135
78 225
44 367
644 130
104 699
97 248
674 437
97 699
644 183
44 582
338 282
483 156
97 108
183 627
391 294
391 385
164 294
278 360
164 498
1 307
674 275
424 698
114 324
529 484
278 504
98 234
183 275
263 253
94 665
278 501
114 53
338 586
151 437
164 667
674 289
98 458
278 345
278 497
1 519
114 135
151 564
644 79
674 645
163 352
644 476
12 475
183 118
114 445
644 529
424 70
391 644
278 176
674 428
674 612
424 206
164 469
163 391
674 159
263 279
338 420
424 495
98 97
644 23
674 378
114 191
163 38
263 22
98 455
424 158
151 519
424 587
674 300
98 36
674 606
338 496
274 671
338 322
263 86
391 361
374 79
391 325
151 499
44 684
424 26
151 505
44 542
674 516
183 337
97 665
424 466
263 527
263 419
1 468
263 564
164 202
644 364
391 449
424 431
114 255
674 489
674 425
163 40
98 591
424 76
391 441
183 217
424 53
278 154
338 48
44 499
183 449
338 214
644 110
151 103
1 489
178 429
674 63
278 697
151 609
104 185
163 27
391 54
114 620
424 54
674 246
114 649
483 587
164 123
183 89
644 281
278 427
424 382
44 351
1 63
1 675
263 659
164 683
183 284
391 314
424 66
278 696
391 603
674 474
391 371
178 547
424 12
674 656
338 524
78 60
674 484
424 489
114 361
1 300
644 18
94 24
674 93
1 228
374 0
164 474
164 298
338 75
424 477
135 187
164 609
424 201
263 304
263 13
233 333
183 345
98 669
151 182
114 355
98 359
338 40
233 277
424 471
483 666
163 124
94 699
135 259
151 342
183 158
114 400
391 461
163 331
44 475
183 24
674 388
338 143
44 682
114 371
674 616
183 38
508 290
78 108
94 16
151 474
424 280
151 699
644 312
151 75
183 300
263 613
424 623
263 685
164 646
391 625
1 222
612 553
98 582
278 614
644 387
1 285
674 493
1 264
98 145
674 373
151 239
183 649
644 519
338 425
263 566
374 594
44 197
135 491
164 634
483 211
97 491
644 298
424 156
278 262
674 596
644 118
151 213
114 595
98 37
374 121
183 436
263 273
674 166
183 303
424 565
644 534
183 61
674 695
114 322
94 60
424 176
424 72
674 633
97 519
529 406
12 40
183 432
674 188
263 30
164 522
114 672
98 260
183 652
98 597
183 122
644 451
114 665
644 200
163 449
374 351
674 402
424 305
424 376
183 252
391 451
151 457
529 107
135 624
278 340
1 507
1 467
424 701
424 658
338 78
424 513
674 82
183 674
183 0
391 25
151 236
183 11
278 243
674 521
374 210
278 679
98 273
263 244
644 418
183 383
164 570
278 669
183 126
263 108
151 485
183 142
674 592
338 342
424 193
104 351
183 399
151 119
529 602
644 642
263 368
374 292
674 97
12 484
374 189
424 640
114 294
644 149
135 122
263 97
164 283
644 627
424 600
483 182
183 15
78 547
424 691
424 172
183 544
338 514
424 335
263 85
114 111
151 159
424 585
529 179
483 490
612 110
98 595
183 364
151 332
135 555
114 621
674 627
674 67
644 423
183 430
374 564
98 360
151 690
183 388
114 315
391 158
151 484
391 259
644 111
424 145
178 587
78 478
135 79
164 696
151 571
98 316
97 624
114 378
274 242
151 83
338 265
98 79
338 347
163 632
114 84
612 587
164 305
98 592
114 427
263 169
263 626
278 675
674 475
674 151
98 232
424 218
644 178
529 558
674 642
1 427
374 366
178 362
674 586
338 607
98 569
151 149
104 124
151 114
151 390
424 592
98 292
135 183
114 15
338 417
183 493
374 536
104 505
233 257
483 231
674 91
97 204
151 433
391 17
164 499
338 588
338 61
164 555
424 656
1 77
151 12
674 568
644 34
98 180
391 206
274 624
97 111
151 481
644 121
151 57
644 293
424 258
424 553
135 547
78 493
424 632
135 103
278 16
644 286
644 91
644 449
674 693
151 15
163 213
338 446
674 336
278 286
644 285
98 449
374 16
508 645
151 183
263 528
151 378
183 272
151 172
98 559
114 350
391 28
151 174
391 411
644 232
278 213
674 441
98 506
391 665
1 609
183 426
644 230
44 295
178 121
163 202
151 278
278 103
164 249
391 610
674 347
94 564
391 122
263 171
644 277
278 470
151 661
98 287
391 142
151 55
104 223
338 680
529 117
164 191
391 366
98 574
391 504
338 23
151 477
78 429
151 427
44 150
674 423
151 429
1 614
263 335
164 539
424 462
114 531
338 17
263 399
644 125
644 318
12 99
78 490
644 33
183 57
338 234
164 583
612 295
612 362
183 524
644 504
78 462
98 281
644 90
424 135
98 258
338 516
151 204
483 553
263 655
97 496
104 191
135 87
98 45
163 567
78 36
263 153
104 362
98 189
278 601
644 428
483 54
164 470
374 195
98 518
151 316
183 261
674 638
98 18
104 491
114 586
644 526
183 82
674 185
424 629
338 402
98 685
674 313
114 145
1 251
644 268
674 66
391 684
151 403
104 578
183 177
164 358
164 505
338 134
98 349
424 167
183 655
98 32
674 29
263 556
338 220
183 484
151 361
163 602
98 39
338 564
674 669
644 425
391 204
151 470
338 355
612 602
94 602
391 398
94 210
508 93
263 270
114 164
98 676
424 620
263 26
424 90
263 472
183 105
374 211
263 375
674 299
1 574
674 450
424 504
278 298
183 77
1 156
98 333
374 678
263 157
274 156
98 464
163 329
508 121
274 667
508 292
508 170
151 681
391 642
391 638
274 477
338 238
151 243
1 424
78 200
97 276
274 505
135 519
338 19
151 691
424 69
97 555
163 556
135 149
183 131
183 675
424 531
278 70
508 648
278 308
114 244
151 164
78 151
151 54
278 388
529 370
644 481
391 613
644 553
1 148
183 554
278 227
644 86
263 316
164 193
183 66
674 235
644 690
338 506
644 271
97 121
338 485
483 120
78 436
391 378
263 345
391 482
183 269
644 361
164 344
1 646
151 409
1 418
278 230
104 93
274 499
98 684
183 208
151 67
164 241
151 123
98 96
183 29
529 195
338 37
98 394
644 322
98 617
338 372
104 22
104 557
163 695
183 409
338 138
183 477
151 271
274 490
97 16
98 288
424 326
644 120
151 651
114 222
114 602
104 182
644 522
183 541
104 139
233 699
644 429
424 449
263 138
278 86
78 553
183 686
164 286
183 95
98 348
374 387
338 166
612 124
391 227
424 133
483 336
674 57
164 523
164 666
178 408
183 695
1 70
183 632
114 354
151 559
151 47
391 635
674 296
104 180
98 197
644 270
644 394
183 160
263 633
104 257
94 141
674 216
183 498
104 701
263 365
391 175
674 60
114 521
114 401
338 597
164 111
183 311
644 478
612 0
338 428
644 659
278 445
44 502
164 272
114 123
114 701
183 562
183 48
424 204
278 315
114 386
508 204
98 302
1 605
44 86
374 427
98 407
1 211
183 469
114 215
1 421
674 458
644 430
263 64
263 201
98 166
644 103
98 204
424 202
98 301
1 569
338 356
183 447
1 560
374 646
263 156
164 424
674 130
163 253
263 653
233 695
1 41
183 331
674 519
97 388
1 512
1 266
183 351
644 5
98 100
644 562
98 147
114 211
338 318
674 580
263 131
44 223
1 452
263 525
163 87
278 394
183 413
338 432
263 194
94 385
644 299
424 199
278 438
338 511
163 649
114 459
338 381
1 68
98 351
151 347
424 502
424 104
151 40
151 643
1 86
151 607
183 282
114 63
1 564
263 601
114 345
674 350
114 76
98 650
338 248
183 624
674 526
338 111
114 139
674 431
674 543
338 459
674 472
78 334
1 26
424 22
114 259
183 236
183 7
151 137
424 395
263 518
391 427
391 329
644 92
114 380
338 255
674 108
98 21
374 481
98 225
278 455
263 361
135 595
183 203
644 473
424 227
151 306
644 58
1 301
163 493
644 628
151 175
183 200
163 507
183 467
391 21
98 164
508 367
98 200
98 132
263 589
78 292
183 701
674 190
424 432
98 71
183 348
338 267
151 224
263 386
183 406
98 393
98 538
338 309
151 611
163 52
151 581
1 620
163 191
274 89
78 477
151 136
183 347
78 250
1 701
114 270
1 667
391 153
98 264
183 184
183 536
278 397
78 239
233 484
151 292
94 295
338 102
114 331
263 627
183 692
114 504
424 29
674 26
508 112
183 189
424 659
164 24
644 494
263 670
278 233
278 272
135 462
183 540
12 243
97 449
114 410
114 548
151 397
278 88
183 663
644 186
78 475
424 87
98 212
424 459
114 48
674 368
151 391
374 547
151 211
644 88
98 223
644 684
278 593
183 245
44 658
78 308
424 290
391 274
391 196
278 630
391 87
164 459
135 468
114 247
164 205
98 61
97 499
529 490
183 458
391 100
424 220
114 605
644 50
391 29
183 185
644 6
151 28
164 156
114 433
674 214
98 479
274 308
78 431
278 598
183 286
1 183
1 184
98 296
151 58
94 139
674 339
374 656
98 505
338 242
44 408
183 97
163 500
98 47
338 584
183 375
391 263
338 359
98 435
644 533
674 501
114 249
135 211
612 366
98 566
338 122
151 466
98 583
98 632
114 482
151 676
151 379
529 682
94 310
483 419
338 93
164 347
98 268
78 595
391 551
529 587
98 295
263 234
164 425
391 202
183 69
424 328
78 368
374 517
98 253
183 28
98 347
391 107
98 230
183 352
263 548
424 336
674 303
78 204
183 419
644 678
424 547
44 83
151 107
374 176
164 512
274 257
164 386
278 561
151 185
104 24
263 137
424 666
274 492
135 123
278 570
44 617
114 552
278 276
529 657
674 61
104 437
98 638
97 257
164 30
674 226
278 5
1 194
674 264
278 41
44 277
78 515
391 517
644 316
674 532
278 508
78 507
391 618
424 322
98 649
391 581
98 406
529 687
183 530
278 641
94 601
151 412
183 613
98 139
98 240
263 317
338 357
183 193
263 28
424 278
263 480
135 668
374 44
104 297
338 550
674 504
644 448
183 629
391 99
164 463
424 103
151 178
98 640
164 20
263 351
391 177
263 154
278 682
674 622
164 87
263 204
274 547
424 492
424 602
424 299
374 196
338 109
94 93
644 405
78 58
1 326
338 419
1 91
163 595
164 320
644 397
338 688
424 447
163 201
183 266
98 60
424 277
178 257
98 318
391 222
674 398
263 87
391 606
391 347
164 532
94 352
674 626
391 106
135 399
278 185
114 333
151 150
278 483
278 307
1 514
151 36
674 400
114 493
508 558
1 239
674 222
151 400
97 135
674 56
529 242
644 27
374 290
263 678
151 41
644 652
135 645
278 77
1 208
151 592
263 294
644 115
424 141
424 621
674 348
278 101
374 251
278 554
98 214
183 583
674 205
163 350
424 594
164 535
424 595
644 264
151 76
278 441
114 334
374 4
151 415
98 154
78 375
164 640
674 357
163 499
338 442
1 493
98 89
483 55
278 135
338 125
98 572
183 353
183 685
424 132
338 677
338 554
163 235
424 143
338 671
151 419
135 323
78 551
98 99
94 593
612 238
278 698
163 161
183 67
391 182
164 418
424 703
114 237
374 682
374 342
483 295
183 176
612 620
98 689
114 437
183 492
278 83
98 57
508 91
674 114
674 363
151 302
183 112
164 445
424 67
274 557
391 534
263 215
644 702
391 161
98 220
263 60
424 39
135 492
98 184
274 444
164 150
12 449
424 111
424 534
674 703
183 167
391 496
391 434
674 439
644 75
151 169
508 58
263 46
278 575
104 274
98 56
114 690
424 435
612 103
263 73
163 108
424 249
612 231
98 304
674 395
78 257
151 231
483 446
98 241
44 299
164 220
163 145
151 453
391 45
78 238
391 65
263 142
278 620
278 413
151 291
338 436
233 449
1 250
114 514
278 387
151 92
151 155
529 523
1 381
338 411
424 340
78 513
98 463
98 307
644 180
78 16
391 574
98 626
183 377
508 201
183 40
151 23
374 93
263 2
94 547
135 411
529 16
114 477
98 48
391 616
278 513
374 648
674 553
151 639
135 8
338 505
391 565
114 319
263 474
114 512
98 165
338 8
391 164
94 200
674 84
78 332
612 333
104 352
183 374
163 342
104 251
338 218
263 402
135 475
338 429
644 84
1 306
151 385
424 17
674 549
391 8
104 117
1 699
114 28
114 453
183 256
644 95
674 551
98 35
164 18
263 665
164 124
98 321
644 348
151 4
274 139
164 466
164 120
98 510
529 201
674 24
78 350
183 143
151 6
338 106
263 664
135 156
674 138
97 132
183 438
114 625
338 526
263 498
644 523
114 12
674 599
644 602
151 608
97 547
151 642
424 221
674 127
374 273
278 384
338 689
151 195
114 285
338 367
338 628
674 76
94 656
151 275
114 535
114 198
424 619
263 648
424 561
278 217
424 57
183 291
183 295
151 345
424 101
263 437
98 533
674 518
391 47
98 80
151 1
424 323
274 276
644 461
274 178
674 33
183 658
424 358
338 46
391 575
164 387
674 129
183 168
424 483
164 44
674 238
151 614
163 137
114 179
98 177
483 257
338 520
163 663
183 689
135 600
529 91
44 701
391 700
278 285
78 223
674 594
114 347
644 447
674 148
1 255
98 564
424 177
114 519
263 90
674 463
135 268
263 423
674 545
278 115
78 172
78 391
508 333
424 122
183 251
644 41
78 194
263 133
78 263
164 422
278 189
1 362
391 410
278 522
338 499
97 438
164 443
98 580
483 38
183 640
98 90
114 327
338 477
338 301
674 164
263 1
1 571
183 201
424 601
98 153
278 38
644 546
151 439
391 283
424 426
114 384
135 687
274 40
674 600
263 617
183 538
391 444
274 52
151 104
274 226
674 268
98 58
338 339
104 156
183 499
338 156
44 627
674 55
278 32
44 300
183 192
263 610
183 697
183 90
98 176
338 16
278 411
674 109
151 386
391 401
263 89
183 20
183 421
151 209
104 499
44 593
97 172
338 633
1 516
674 10
98 110
183 30
98 636
78 242
263 562
183 533
98 87
644 662
1 294
424 512
674 140
391 583
644 297
338 437
674 490
674 624
391 318
12 595
98 540
151 311
674 325
391 677
391 306
183 520
644 173
644 674
278 444
183 446
278 54
391 599
674 677
151 3
424 46
1 440
278 602
644 651
424 304
78 606
391 9
483 510
98 391
151 593
674 75
424 107
94 204
674 80
114 261
183 310
644 601
44 386
151 478
98 683
151 547
278 44
183 359
263 490
424 295
114 507
424 570
424 688
114 599
338 26
674 231
97 189
338 395
374 475
98 534
263 49
263 557
263 571
424 89
1 650
424 350
78 326
164 284
278 699
278 149
374 299
263 600
338 694
424 577
183 316
78 54
424 516
338 540
644 516
164 172
674 273
263 574
78 218
98 532
98 335
94 156
391 688
674 655
104 211
97 210
263 353
1 42
391 298
338 380
263 77
424 108
263 344
1 521
278 100
263 44
674 590
151 85
98 107
183 307
674 237
424 407
338 229
391 157
114 627
135 78
183 411
78 687
424 404
1 552
135 120
644 179
674 563
151 372
183 681
644 433
114 545
483 663
338 693
391 497
114 432
163 277
278 484
278 36
78 195
391 290
338 549
114 99
151 669
98 486
44 191
374 583
391 477
644 434
151 320
424 242
151 208
164 100
98 346
508 273
278 241
391 647
424 253
263 243
183 573
644 639
164 629
529 226
278 691
164 38
183 37
98 158
151 460
183 215
644 665
114 156
644 367
391 478
151 479
338 205
183 607
97 40
135 180
97 684
44 280
529 513
674 318
674 141
98 173
1 681
674 288
644 497
114 608
114 235
674 684
183 54
644 606
338 608
164 319
98 43
163 170
44 620
674 533
183 604
98 417
338 155
78 331
263 487
374 86
338 415
278 127
151 599
1 40
374 602
183 415
151 254
263 255
263 663
674 479
278 163
104 510
263 579
98 698
338 555
114 576
1 374
391 541
164 464
163 127
1 433
424 611
114 95
183 402
374 507
263 112
44 273
278 40
338 354
483 277
151 318
78 277
274 399
391 336
674 243
374 309
183 606
374 555
98 661
674 211
98 255
78 297
183 318
97 498
151 665
163 408
78 517
78 418
78 123
644 326
374 695
151 404
674 281
78 278
151 256
98 297
674 54
114 456
644 375
278 148
644 495
674 514
183 548
163 606
278 72
183 13
183 214
644 565
183 500
183 343
338 391
98 88
424 52
163 620
164 337
674 335
263 29
98 233
338 600
674 344
114 554
674 78
183 21
274 114
98 242
644 391
391 73
1 90
94 646
529 38
278 523
98 274
424 397
183 417
98 357
612 70
151 329
674 261
424 271
644 195
424 279
98 429
183 661
98 634
98 621
674 230
424 60
674 520
183 664
98 109
644 563
674 496
674 676
274 182
391 130
135 5
263 72
78 270
163 422
674 51
263 272
644 360
483 93
374 388
424 541
391 173
612 646
374 197
1 469
278 599
424 443
98 606
164 60
278 534
424 532
151 618
183 81
151 194
183 622
391 6
391 243
674 364
391 548
164 335
612 635
263 19
97 107
183 529
1 546
674 460
263 103
114 439
391 429
233 231
674 2
164 212
424 488
674 123
183 453
135 490
164 103
151 66
78 587
644 491
338 567
164 340
78 103
278 343
151 672
44 429
114 121
1 598
151 297
508 38
183 491
278 226
674 393
338 666
274 701
164 516
98 83
338 558
391 67
391 176
114 36
151 483
644 108
151 353
163 601
98 238
98 531
78 109
391 78
278 524
163 646
674 641
151 326
674 147
391 359
114 234
151 81
338 47
338 39
424 24
163 670
44 276
164 700
263 52
114 177
644 362
338 382
164 657
151 177
151 9
98 521
164 309
263 54
424 346
424 366
263 569
151 486
263 158
94 510
674 315
424 599
114 364
44 146
529 156
391 331
183 120
674 353
674 598
183 468
278 700
164 701
151 582
424 628
391 282
508 663
374 404
278 319
183 398
151 656
391 335
233 123
98 477
674 306
644 249
78 135
483 627
78 447
98 567
278 606
151 165
98 483
183 338
278 492
183 638
674 274
424 209
674 103
274 514
391 580
263 259
98 659
644 238
151 688
151 352
338 58
164 624
151 13
338 13
263 220
94 306
263 392
151 526
98 504
674 444
114 406
164 196
114 194
644 424
114 86
164 5
391 312
44 602
263 555
483 108
163 699
391 320
374 519
263 281
338 114
98 576
263 283
98 168
391 634
374 123
508 687
98 365
338 129
263 560
98 338
1 107
178 342
263 177
98 133
278 684
278 532
644 415
164 421
263 324
644 687
424 276
164 529
78 438
151 546
98 644
674 482
278 547
98 630
424 562
163 0
274 121
278 662
98 489
183 41
151 544
263 188
391 432
374 38
164 493
183 384
374 122
338 296
98 73
114 287
674 360
338 352
98 485
263 354
612 276
98 587
78 72
263 127
644 211
278 594
674 329
163 512
98 117
78 601
338 33
278 486
151 138
674 81
391 239
338 159
97 510
483 60
135 385
1 380
163 276
164 58
674 223
98 294
338 423
374 95
391 609
644 592
391 640
164 370
391 31
374 542
183 289
391 57
104 587
94 342
44 663
151 290
78 22
263 512
612 91
424 384
674 442
674 263
98 373
164 399
44 606
1 583
44 434
529 352
263 382
151 692
644 57
151 276
391 36
151 512
135 242
644 670
104 9
163 242
338 370
183 325
612 499
278 331
374 510
644 52
1 53
391 498
183 181
98 554
98 120
164 354
263 292
97 536
338 80
183 546
94 242
183 294
391 558
98 593
44 498
1 582
263 550
183 516
135 648
114 571
151 522
644 547
263 521
644 67
98 647
674 387
