125 101
119 444
471 408
543 529
16 101
509 88
548 328
678 713
802 339
585 514
125 731
594 223
240 108
497 403
679 387
350 315
245 809
503 299
238 464
577 192
205 504
6 155
769 814
610 628
275 621
246 352
329 773
187 591
813 90
246 562
470 645
724 572
313 567
43 53
330 574
171 645
14 373
551 82
238 446
265 403
779 684
228 142
350 453
660 792
397 188
151 80
450 324
76 409
652 61
173 403
253 330
770 783
179 524
83 690
308 633
247 778
600 409
68 126
329 729
16 798
76 503
135 494
716 666
640 474
494 660
271 87
618 33
657 240
302 370
42 176
641 281
242 390
648 36
189 170
143 724
576 445
151 101
455 275
816 756
816 136
317 219
329 267
419 692
669 180
349 236
411 739
809 783
645 618
525 250
205 170
191 590
153 561
189 549
79 698
68 731
749 490
119 383
134 192
322 139
459 87
816 565
67 627
525 611
16 155
441 788
151 288
32 566
484 265
449 440
652 167
246 629
281 385
3 299
640 269
650 426
641 558
313 118
479 519
56 22
192 638
484 32
119 492
543 326
641 778
388 531
15 557
775 148
337 74
401 783
50 192
287 258
157 151
432 181
479 809
576 802
208 402
774 787
672 566
745 188
657 663
174 398
802 260
762 444
769 221
201 810
125 339
56 80
242 486
813 787
179 550
669 401
237 196
816 241
483 620
313 470
343 154
810 166
353 157
551 84
0 435
419 782
606 302
359 478
659 353
330 558
56 345
153 795
198 291
163 73
189 62
318 489
96 170
208 286
301 630
813 694
460 454
453 561
770 190
716 402
76 624
198 202
15 286
130 667
311 796
607 734
71 400
607 332
295 628
184 648
199 592
397 788
265 362
34 92
80 343
464 583
19 611
337 432
253 539
157 397
484 55
287 789
176 459
716 544
359 321
606 198
205 304
174 444
459 230
191 622
293 419
174 560
577 418
284 625
311 515
557 508
119 203
134 108
171 39
130 124
181 645
359 218
517 402
244 217
657 480
752 35
359 280
774 347
612 197
393 575
237 399
551 786
171 92
417 560
67 402
594 161
455 169
271 352
389 372
211 592
775 640
576 642
650 4
309 279
309 670
238 359
411 122
265 178
44 587
782 540
755 476
277 321
724 768
79 298
641 481
476 605
61 239
469 126
259 508
650 606
181 33
204 539
80 397
779 144
816 395
76 803
286 221
496 319
80 4
749 445
600 612
171 220
96 385
157 259
544 251
187 115
142 258
432 416
502 363
502 509
181 791
610 721
819 458
16 665
645 270
192 565
759 496
119 483
616 612
716 690
389 489
749 31
660 639
290 6
543 475
337 796
328 211
689 292
672 134
270 621
300 742
199 152
76 130
505 284
669 346
308 5
119 819
15 77
508 624
689 735
284 664
794 722
450 666
401 168
349 482
745 236
187 156
775 633
290 181
96 27
300 67
142 691
587 316
627 667
270 358
567 420
67 135
125 531
135 624
819 189
441 751
200 424
50 391
173 497
586 126
271 134
669 199
343 113
32 560
221 206
268 257
777 798
645 537
290 84
495 647
211 296
240 359
446 483
157 726
26 790
567 129
672 810
83 609
42 69
157 652
494 413
576 323
724 464
373 145
157 92
259 499
802 665
344 374
179 16
813 326
455 528
98 256
745 52
290 417
496 567
44 177
330 801
174 673
253 682
243 648
470 815
618 440
344 194
576 477
200 807
450 278
388 109
439 583
779 434
42 547
80 107
15 567
300 27
616 571
418 473
353 450
819 111
389 733
313 644
237 667
752 813
293 32
459 37
730 154
657 545
453 663
389 146
327 280
459 566
198 403
640 491
56 706
143 555
293 718
610 266
769 699
638 684
494 573
618 458
725 191
441 674
389 398
316 45
3 627
770 652
659 5
659 468
471 629
15 540
618 525
679 270
198 50
766 625
509 648
669 789
171 68
669 268
322 372
187 32
34 364
819 699
402 626
483 27
316 604
725 552
502 288
765 128
24 312
752 354
494 812
313 214
745 306
439 819
19 484
449 264
98 131
90 370
19 281
237 95
517 160
244 696
505 221
669 734
204 31
567 378
291 288
741 348
544 632
42 447
605 603
344 143
359 120
402 381
300 80
309 380
343 661
484 209
471 397
561 56
567 245
775 193
497 343
15 70
759 10
313 139
770 567
752 155
759 715
163 509
469 693
759 577
259 420
741 773
228 13
80 137
47 101
245 196
587 318
353 779
237 52
286 652
388 117
201 89
211 105
802 631
471 300
605 37
648 617
56 473
50 393
660 672
508 609
561 749
313 438
564 246
143 216
517 255
253 317
270 748
295 626
672 304
204 160
816 749
765 372
432 31
16 688
543 160
173 680
61 574
281 139
91 461
211 22
373 609
557 295
453 618
176 150
647 526
176 595
495 575
739 454
86 332
487 747
293 355
263 494
311 161
802 252
610 129
316 490
228 251
643 613
19 120
543 549
163 809
221 51
146 113
208 319
561 530
794 793
350 395
76 423
151 278
199 337
774 168
6 747
245 530
813 382
208 812
265 412
44 531
277 310
270 202
174 276
770 685
752 503
327 131
309 638
14 577
349 573
26 265
388 694
450 459
311 668
311 759
749 637
50 511
610 136
203 354
0 680
679 136
210 211
24 777
61 162
284 12
329 433
344 818
417 237
179 596
759 473
724 121
724 528
657 716
469 582
309 815
293 609
98 592
337 719
802 813
314 481
627 135
476 94
373 380
29 736
777 806
777 733
713 708
749 724
204 592
471 613
544 543
660 502
450 550
641 2
337 328
26 713
476 771
470 165
576 529
479 730
19 494
318 367
777 538
816 65
594 47
142 500
525 171
139 590
656 193
476 91
295 556
187 677
548 100
32 98
308 279
598 805
42 418
275 206
67 293
80 683
3 608
136 606
56 338
277 432
761 28
83 457
157 192
136 133
76 68
388 653
26 649
174 708
319 212
189 424
612 151
311 134
584 803
286 468
237 664
684 338
476 335
529 732
171 289
47 606
647 604
483 113
640 786
348 768
417 81
317 376
179 695
548 460
810 750
766 527
605 770
268 207
455 268
548 408
343 709
139 54
761 193
761 235
268 530
759 1
640 144
495 357
459 697
270 366
497 643
215 466
90 383
204 629
125 720
548 299
187 748
745 450
618 707
79 114
302 764
766 782
564 74
417 533
205 760
163 246
32 318
584 298
774 699
301 581
598 446
774 380
56 222
652 115
717 135
34 41
794 331
295 69
200 655
449 379
469 499
281 483
471 690
67 573
189 37
610 619
487 44
268 690
134 776
397 104
769 651
211 1
158 639
29 735
402 437
42 32
302 494
76 261
819 75
16 329
91 127
135 544
343 510
176 801
449 141
240 644
765 362
208 564
198 33
192 439
432 760
724 109
15 311
598 338
761 459
739 63
578 545
576 391
446 505
157 574
446 557
610 380
300 724
221 581
717 495
724 596
263 296
44 391
337 7
187 172
343 293
327 491
171 299
329 710
143 450
657 387
353 451
14 448
418 803
181 179
277 395
24 44
509 64
130 31
199 800
678 63
432 95
309 114
184 306
502 260
287 131
273 701
350 795
508 753
641 542
328 425
293 716
402 596
316 686
238 312
741 18
606 549
476 86
640 270
762 753
618 760
359 43
641 51
578 100
466 413
548 4
293 324
284 733
802 596
171 43
343 571
268 226
208 187
453 371
741 691
68 167
594 246
749 272
389 692
143 162
446 610
245 627
244 629
532 577
119 247
606 801
83 450
774 785
273 581
765 172
610 392
80 444
130 444
228 605
725 327
432 484
201 597
83 681
171 796
265 301
3 555
810 733
275 312
318 169
496 602
453 109
200 322
157 9
495 772
724 199
163 522
600 415
43 724
132 114
284 205
441 108
725 502
67 385
42 731
281 356
816 483
809 40
450 4
641 0
184 181
643 261
678 609
598 227
221 245
198 20
600 115
650 402
561 99
151 357
19 390
450 568
71 106
333 440
265 668
24 446
762 780
329 795
586 571
577 97
656 35
645 308
417 9
684 254
135 574
244 139
210 337
44 540
343 758
32 55
643 250
14 486
348 728
453 446
605 209
134 325
794 142
301 780
5 582
777 604
44 103
717 651
775 458
657 750
672 749
495 107
775 247
281 161
247 55
755 693
259 788
311 658
119 637
268 359
587 100
813 676
453 551
191 5
645 76
460 355
328 637
293 60
15 616
125 758
142 653
43 183
564 377
359 241
446 536
287 762
769 706
68 245
402 464
774 112
308 9
293 712
766 427
238 541
268 116
242 62
15 631
348 712
669 231
576 809
648 613
293 240
153 286
811 247
244 328
449 220
130 248
198 31
669 102
502 558
713 353
819 415
343 237
388 277
96 304
67 478
308 727
774 69
543 559
739 255
270 573
679 571
564 509
775 332
153 777
130 327
561 563
476 500
762 202
782 574
287 592
587 739
761 369
242 207
813 358
755 433
600 237
176 579
459 238
598 246
449 202
50 84
130 236
607 0
200 239
26 502
739 780
796 320
389 812
71 460
739 87
96 786
270 407
441 556
247 607
557 652
337 794
496 224
359 266
813 391
318 85
577 477
34 753
44 305
717 246
503 290
337 65
243 452
67 237
497 89
42 431
775 164
98 796
752 646
647 43
612 609
311 247
578 189
15 629
612 315
353 44
319 154
417 392
316 249
439 22
259 651
716 426
459 516
302 643
496 463
762 8
484 80
598 150
337 234
90 615
34 542
317 788
211 427
242 223
656 546
29 798
14 195
450 301
402 681
684 5
627 267
275 140
157 140
759 77
411 159
517 387
660 450
135 242
328 94
80 664
586 281
811 273
517 231
616 613
143 741
745 748
627 11
402 439
16 459
32 739
208 521
293 542
389 394
200 433
648 162
24 163
67 579
418 536
327 515
34 269
163 349
163 9
86 494
157 801
157 26
290 237
607 307
464 263
577 523
469 137
184 237
125 308
259 11
200 230
525 432
487 651
544 582
752 17
656 387
373 234
270 230
459 58
605 658
762 583
90 815
759 463
210 284
203 794
578 815
311 673
32 499
130 775
587 594
388 201
34 432
291 120
505 778
470 557
295 235
142 665
548 808
769 65
6 163
157 0
508 407
432 450
759 197
286 486
16 674
291 542
606 772
460 130
627 738
656 755
61 49
153 713
672 468
495 478
645 400
134 90
237 510
765 64
291 815
612 15
265 696
244 348
86 340
158 189
210 254
265 623
176 611
794 524
724 295
432 535
146 2
29 187
606 134
198 502
716 263
80 114
525 181
586 407
689 535
648 275
505 578
657 590
610 174
648 422
713 24
91 789
71 350
494 555
330 742
584 787
432 733
290 20
373 685
308 559
200 193
130 121
208 665
56 800
741 87
359 68
300 739
819 363
198 315
476 581
151 94
648 650
199 54
42 263
557 266
551 59
291 179
716 168
741 460
765 47
134 790
564 354
16 527
796 61
548 721
96 661
487 189
32 703
730 568
411 249
91 493
71 628
173 788
752 184
603 185
775 77
811 595
284 126
774 602
238 406
176 461
311 555
483 116
471 0
187 360
411 747
3 738
717 252
476 46
616 418
3 672
328 173
143 287
460 701
725 338
578 465
610 642
730 245
319 768
777 203
3 114
679 358
411 820
204 526
204 660
432 817
650 736
759 96
203 740
810 642
319 442
585 346
578 371
6 321
3 707
135 226
135 579
598 643
761 10
301 425
401 426
811 63
716 72
211 62
203 212
741 106
208 447
237 132
543 325
724 191
529 591
495 210
143 801
309 386
313 129
551 420
761 762
466 325
68 319
191 562
199 546
270 41
402 775
130 292
24 812
561 663
802 507
640 59
584 528
205 669
291 521
19 576
281 271
607 182
678 317
678 330
503 699
600 808
509 300
3 681
657 293
287 608
24 242
309 178
119 217
802 722
83 158
26 553
728 791
749 5
388 67
44 779
389 460
80 399
418 808
508 608
293 522
242 413
672 354
268 266
50 140
471 447
246 545
389 47
5 395
184 122
517 764
44 384
650 290
497 571
68 501
275 624
34 213
125 255
293 180
548 455
348 755
350 667
551 323
672 760
287 687
752 553
724 452
76 820
586 163
247 348
337 240
189 467
181 433
26 753
586 687
142 512
268 295
495 622
796 555
171 368
119 182
86 746
455 410
287 639
484 54
503 45
0 790
544 489
496 771
98 508
446 670
199 55
810 9
293 28
237 768
275 599
181 271
238 416
638 393
449 756
130 671
210 561
263 685
96 678
389 382
318 512
348 75
819 574
648 64
80 760
24 361
247 336
246 702
645 600
782 252
265 763
43 806
402 540
344 316
308 419
184 302
479 16
309 470
479 411
529 313
142 605
648 707
273 107
125 413
16 268
432 392
455 810
578 501
247 766
479 702
728 385
672 276
645 753
290 767
656 333
505 246
238 422
388 429
794 121
717 167
373 337
659 589
184 658
618 674
508 301
173 423
650 613
0 159
603 753
80 12
497 450
627 224
189 792
0 81
211 469
487 55
96 761
476 323
713 765
802 415
679 428
618 369
455 501
333 731
761 365
343 398
497 793
192 196
349 645
174 519
584 124
67 95
26 622
496 335
752 725
724 523
0 13
205 473
119 202
311 394
343 579
618 249
508 91
418 178
401 103
132 570
441 524
484 686
198 170
796 666
26 656
273 362
293 438
616 121
311 242
318 239
487 232
647 775
153 291
548 764
316 643
813 772
517 272
777 18
529 418
810 287
240 443
418 134
584 16
627 23
612 265
540 378
417 633
724 726
446 278
503 463
557 64
656 678
782 711
343 60
459 606
134 630
327 86
301 267
157 264
44 478
466 813
271 328
660 536
173 159
503 100
130 295
71 34
271 142
318 52
15 676
543 439
79 314
313 263
749 657
816 752
50 516
469 76
594 396
761 586
544 425
610 118
32 669
157 423
618 472
585 679
752 108
309 43
774 304
71 283
333 135
561 642
215 546
14 143
487 794
811 184
328 629
308 480
291 696
761 379
199 588
244 318
192 618
171 397
606 98
271 476
627 350
656 3
242 196
684 436
157 71
529 685
544 542
125 801
600 301
270 689
328 290
610 261
316 54
557 646
198 464
136 232
204 638
766 732
157 178
187 778
119 800
329 240
774 671
483 231
774 186
44 285
774 513
432 428
811 737
329 641
813 687
328 85
291 816
728 163
32 113
484 453
192 394
125 708
14 88
796 703
766 601
263 560
487 566
652 525
749 757
469 37
3 632
19 751
330 511
43 692
584 817
32 477
14 106
286 751
730 547
349 493
725 488
317 720
221 185
656 184
678 433
16 337
728 37
794 741
243 10
389 554
640 328
557 52
373 190
497 745
350 251
567 140
79 210
446 776
484 373
76 588
136 509
135 562
327 479
728 506
455 668
322 585
373 735
143 671
43 536
508 250
61 43
181 765
14 774
153 425
418 269
684 296
724 183
203 400
184 473
417 236
532 108
29 765
496 763
638 617
509 791
411 639
471 775
813 49
502 321
755 9
192 225
769 195
647 810
479 514
327 242
716 753
187 381
548 727
275 279
779 260
502 586
469 603
171 26
532 107
494 712
237 584
0 33
19 163
211 248
393 780
794 594
322 2
56 469
494 358
15 350
770 475
328 446
343 176
291 103
146 557
330 583
330 537
300 654
200 411
657 770
449 710
179 162
393 246
411 435
242 627
810 792
281 406
373 455
548 174
762 472
603 607
284 750
616 484
300 527
263 177
679 585
819 276
344 255
460 805
548 561
432 15
42 657
752 251
471 80
770 100
600 780
174 57
90 156
678 622
130 528
210 82
627 288
716 574
350 652
607 561
730 224
198 419
453 779
24 203
153 595
487 372
314 177
678 804
191 676
373 571
417 359
0 649
529 57
684 173
713 326
353 537
816 627
603 65
142 193
240 216
142 225
96 767
350 710
561 6
529 626
327 530
503 806
16 267
605 78
544 698
253 200
813 217
32 663
432 698
739 506
739 134
755 435
158 345
459 327
730 711
322 16
766 275
389 393
432 372
551 405
432 13
50 523
464 339
24 199
201 24
50 383
98 38
247 263
79 255
459 193
318 627
612 710
794 341
684 181
328 46
244 530
470 716
761 338
612 195
158 171
679 674
745 122
26 118
319 698
286 553
402 40
15 539
641 311
741 276
309 567
641 766
71 535
136 521
6 569
809 631
327 351
253 723
679 448
201 137
497 566
210 764
449 418
119 339
181 596
689 342
221 627
151 398
142 431
543 293
476 715
607 179
439 394
660 228
143 639
557 606
449 65
741 83
577 436
607 116
221 143
151 248
432 586
244 751
348 682
237 23
607 354
689 640
741 696
268 347
171 505
90 536
502 423
201 462
656 53
439 435
439 222
679 17
300 565
659 521
284 82
765 316
199 274
669 379
587 738
761 526
302 664
271 63
453 20
650 625
349 413
769 592
605 245
388 113
265 312
90 750
598 731
139 727
769 53
672 247
557 817
585 795
350 170
402 487
551 589
91 677
441 567
243 131
130 221
441 703
96 494
578 358
464 320
419 209
455 332
612 153
460 153
578 235
263 151
441 784
645 643
201 485
211 706
551 625
605 24
263 793
645 50
660 327
277 165
564 228
322 366
483 815
302 161
645 527
290 520
268 376
432 258
759 770
284 193
146 149
201 454
15 517
50 198
215 651
237 663
329 270
291 243
739 595
270 655
496 594
301 288
739 259
314 752
189 679
16 626
672 484
80 325
176 377
540 490
34 483
16 529
189 800
344 399
15 456
337 49
656 149
647 696
739 810
483 55
286 713
494 592
794 590
5 17
716 49
329 217
557 413
765 673
5 135
26 640
309 231
135 186
638 304
543 706
517 543
551 330
432 250
725 398
0 60
211 783
388 789
308 251
627 256
158 419
200 67
794 271
171 400
532 468
587 343
544 514
67 437
16 633
259 374
330 754
243 675
316 178
173 517
295 486
242 537
237 528
548 753
277 88
777 296
265 78
455 770
759 242
494 765
211 342
770 644
98 393
6 667
419 148
263 280
263 750
612 46
348 806
810 10
237 810
247 314
809 38
329 156
173 590
455 172
450 226
576 169
616 538
761 432
14 294
16 218
401 292
638 757
561 427
151 366
86 763
509 264
576 512
564 642
755 101
460 435
713 56
242 732
247 164
577 766
5 250
330 367
618 749
317 637
417 134
479 579
603 533
181 659
411 797
652 266
343 87
243 682
245 518
494 725
210 660
752 160
132 532
24 463
300 497
313 532
577 303
567 257
176 730
638 767
594 613
179 165
6 659
26 443
330 506
816 706
353 652
215 132
455 622
594 585
765 391
802 158
471 412
460 526
271 547
775 117
179 799
327 75
689 211
716 798
50 155
487 11
293 755
717 24
618 474
441 100
200 101
43 670
543 566
487 494
509 283
466 661
253 606
495 397
816 456
606 157
645 60
476 276
647 372
716 77
540 72
577 674
577 433
245 798
508 327
401 801
96 133
529 687
287 467
761 788
184 70
146 205
174 732
561 780
215 122
509 118
19 279
135 6
56 291
762 302
713 772
132 120
761 373
132 656
300 482
762 241
151 596
139 622
146 518
247 752
327 695
290 32
716 463
441 412
578 288
146 781
567 580
139 181
471 127
67 72
228 707
640 422
50 19
287 729
484 612
242 10
198 137
450 117
660 745
765 378
146 47
201 683
449 468
135 323
645 735
203 201
770 593
717 6
689 533
309 594
656 398
373 259
586 548
343 383
67 168
275 619
745 382
3 319
441 137
83 9
308 219
564 760
716 300
755 437
453 494
143 286
76 49
56 516
819 647
648 300
770 339
237 603
770 83
253 297
3 497
287 472
455 132
470 15
200 682
660 495
389 504
215 417
819 390
603 10
350 185
741 502
393 254
479 252
775 316
29 68
716 186
26 67
640 228
80 770
529 192
221 369
449 597
741 158
813 140
494 169
809 102
359 716
470 43
517 187
210 336
417 596
810 155
300 42
263 189
98 741
652 491
643 179
540 455
246 138
245 112
774 388
765 102
268 329
119 701
271 636
417 361
192 144
253 34
68 728
476 338
659 295
179 105
469 118
373 776
210 389
198 15
464 725
809 73
96 439
238 811
716 358
543 743
618 259
745 205
0 553
317 719
157 158
204 559
24 513
273 169
576 186
761 303
627 19
551 571
441 728
68 425
16 758
238 60
517 541
19 40
487 235
221 598
587 80
777 157
247 399
329 231
163 310
246 336
741 552
476 760
761 27
605 764
184 273
584 695
143 777
660 258
466 697
450 616
638 114
656 548
173 112
284 626
240 236
5 567
79 90
205 652
42 451
290 47
16 315
198 104
24 238
650 542
211 564
411 547
181 145
67 359
464 347
349 624
204 124
134 81
741 557
716 790
587 561
24 509
373 811
755 502
61 662
586 46
716 585
243 641
495 325
610 106
532 774
802 798
587 276
68 723
679 756
139 510
293 259
484 633
42 530
459 576
567 438
584 428
44 745
5 134
557 106
0 130
173 382
329 639
61 815
678 579
204 803
42 770
618 621
322 0
469 229
752 393
543 9
725 642
551 42
502 687
268 555
765 783
548 232
157 208
221 75
157 575
211 139
494 57
713 379
647 699
211 484
208 94
316 202
476 680
293 661
348 621
191 408
469 283
359 549
210 769
678 554
327 511
762 275
253 794
455 115
713 656
86 317
242 91
90 241
136 429
441 603
316 648
68 188
418 330
578 653
153 352
725 601
135 85
659 292
71 330
616 143
125 407
725 437
388 703
689 515
134 709
0 211
494 538
762 214
389 639
245 778
594 587
816 588
809 648
618 339
607 225
181 86
328 607
494 129
34 250
277 794
301 19
770 59
271 638
275 117
319 637
567 397
68 792
56 107
476 390
24 672
724 251
679 503
494 153
517 611
564 157
71 336
61 8
606 191
61 215
132 777
660 282
153 476
777 566
16 670
464 399
277 709
259 440
586 135
179 156
96 714
450 598
328 336
5 261
811 321
308 653
290 37
318 625
659 141
612 741
287 263
308 182
487 354
24 289
717 594
247 627
586 654
157 509
612 587
238 222
759 710
205 105
313 529
811 759
638 259
281 419
417 576
50 489
455 89
293 678
766 586
329 347
388 673
684 610
291 119
779 629
16 404
598 646
713 809
640 639
484 489
277 136
397 696
311 192
567 745
464 623
158 615
600 240
348 251
373 59
713 60
328 238
5 372
584 737
432 758
739 258
647 777
779 168
816 255
309 606
567 461
761 32
353 133
502 40
24 565
576 571
311 332
184 804
509 252
245 730
762 184
503 220
143 365
263 73
181 383
802 277
669 589
802 342
508 253
716 204
659 194
470 679
774 184
672 14
811 572
189 352
578 292
275 466
460 233
98 526
143 544
96 816
237 76
813 453
291 0
174 140
813 402
319 739
139 283
132 693
268 443
119 563
163 408
302 498
316 615
44 411
600 271
311 365
348 708
749 763
273 137
201 319
479 199
3 126
724 490
401 540
450 275
453 347
199 371
811 289
139 665
199 641
275 237
308 571
728 0
86 726
284 20
221 127
689 272
643 756
29 34
713 350
61 472
388 147
139 678
739 387
32 76
47 483
717 412
181 333
204 130
525 545
238 414
469 82
603 146
240 715
14 246
647 512
585 408
174 290
548 446
302 376
176 25
309 487
567 663
146 486
618 766
91 347
295 128
268 149
782 665
43 101
14 390
411 760
316 265
418 717
353 792
464 203
446 644
189 304
765 806
44 8
353 24
171 652
439 143
446 330
308 302
157 628
449 678
242 314
83 674
327 30
0 23
247 135
657 119
244 701
638 327
647 41
210 405
125 224
672 744
455 35
56 806
242 73
811 209
495 54
43 598
314 439
496 507
432 809
466 330
657 815
143 102
16 104
419 701
607 652
265 787
158 491
163 713
752 481
730 175
460 517
802 590
730 164
311 339
353 801
268 504
228 242
418 650
551 558
373 757
678 591
215 174
91 630
777 660
587 630
228 604
567 20
253 101
246 97
679 119
645 389
449 648
612 280
417 500
192 298
16 132
794 279
647 610
271 379
794 197
205 513
627 108
132 152
584 685
716 378
3 153
483 432
142 74
181 781
487 496
656 521
15 411
508 744
201 809
151 594
455 700
270 195
439 389
775 678
242 516
273 462
344 112
766 340
163 488
765 441
794 816
265 481
281 517
724 403
672 253
201 354
640 461
811 232
659 525
755 672
171 698
349 732
578 335
610 545
576 780
277 249
543 377
135 612
26 246
449 479
311 699
657 245
86 313
544 776
432 573
739 221
157 291
311 580
330 262
344 188
484 644
16 385
650 553
606 276
302 512
29 585
466 301
373 268
494 371
487 658
689 228
650 626
90 79
198 145
205 274
134 250
495 94
502 308
98 495
455 685
618 349
291 60
76 163
329 419
61 655
316 331
139 391
343 322
309 700
417 243
567 483
648 522
616 589
333 437
373 740
650 479
135 75
43 811
643 54
247 441
135 61
244 603
460 650
487 579
56 42
333 381
529 819
544 572
318 632
96 206
650 3
243 722
316 710
240 606
551 715
761 246
215 436
397 233
567 350
548 12
373 273
192 763
359 487
811 787
221 97
146 653
228 339
291 547
525 241
200 52
684 70
192 778
291 273
606 450
163 178
253 695
640 383
446 371
61 37
779 81
163 109
96 452
450 258
578 97
173 633
237 305
769 484
61 663
779 442
198 333
728 446
329 41
567 194
199 714
337 413
176 28
755 118
268 360
189 630
813 657
192 195
275 29
517 451
329 670
163 334
135 294
42 455
157 293
393 795
281 743
68 726
71 588
132 702
181 192
810 28
373 306
311 652
650 637
6 735
319 48
446 49
739 533
540 650
90 170
19 497
329 60
495 157
314 311
316 292
471 9
359 30
728 203
775 657
508 448
810 310
759 108
678 347
765 249
470 518
173 637
503 793
811 645
532 174
42 40
135 235
543 497
529 777
813 434
548 186
32 597
469 346
496 633
211 306
71 396
311 568
796 359
125 604
96 722
313 416
67 673
153 276
449 57
495 6
796 30
765 394
215 368
417 88
189 696
401 384
449 528
483 563
627 375
263 302
253 680
353 492
752 140
184 314
598 318
246 672
393 742
724 634
627 348
529 820
181 166
350 331
329 49
353 336
271 241
96 368
647 611
344 96
811 379
119 130
243 467
775 348
684 183
765 390
314 546
503 327
638 594
125 572
495 804
455 204
576 75
689 290
487 345
271 425
91 395
330 34
242 301
487 450
277 107
476 107
151 701
68 433
578 623
350 95
669 780
277 386
441 181
238 442
606 804
717 468
204 588
286 564
678 65
802 190
483 230
497 4
204 495
221 713
509 7
459 264
564 605
466 40
187 806
648 674
71 485
343 155
135 21
610 175
725 284
532 556
157 448
770 639
659 588
813 33
782 471
270 382
98 380
275 726
660 715
191 26
215 226
61 221
401 48
598 85
275 774
134 427
83 348
308 335
388 5
584 304
237 118
728 608
594 36
86 427
6 250
641 159
348 206
672 709
314 619
328 154
476 121
713 371
302 265
319 719
83 257
446 272
417 203
6 565
184 110
142 261
648 672
618 251
242 111
659 84
247 203
503 513
308 529
246 380
47 224
34 339
669 351
290 540
796 772
328 593
503 25
770 804
242 445
561 317
638 779
669 538
388 779
337 123
71 109
483 167
47 502
660 479
450 308
174 479
76 619
322 734
576 366
132 780
548 545
509 449
810 478
774 802
203 437
200 641
42 600
645 602
56 439
67 322
330 802
652 243
119 35
199 814
725 180
543 86
603 728
679 516
777 108
446 110
153 577
151 243
450 52
61 339
32 234
469 187
777 740
717 465
136 28
215 738
446 662
741 1
495 112
208 729
759 107
273 576
181 311
91 363
83 405
557 158
270 624
302 364
263 127
61 671
476 234
268 627
441 715
587 168
484 556
496 409
277 582
449 519
766 519
755 606
585 336
561 671
215 312
228 398
594 787
713 510
576 372
656 270
483 753
502 285
328 639
313 87
502 7
610 754
496 315
184 284
243 463
328 634
349 280
246 79
402 273
643 532
373 621
389 766
505 153
389 282
598 462
308 574
564 402
246 166
205 76
476 659
811 128
26 103
56 751
765 617
208 502
263 217
761 269
402 288
578 134
15 73
455 663
300 419
157 46
607 33
26 158
470 512
179 606
302 496
494 759
497 512
344 547
638 139
439 503
302 113
56 155
314 510
211 42
314 200
176 465
67 659
67 604
811 386
32 369
79 306
268 6
187 35
494 278
237 306
441 619
313 727
811 336
322 205
679 808
349 431
402 302
459 202
724 381
777 90
191 737
43 116
290 709
470 18
453 648
313 250
300 615
672 97
5 507
265 153
603 752
302 469
90 620
606 234
811 470
163 82
612 567
643 192
125 569
68 700
397 404
586 742
311 78
44 796
802 398
660 796
643 727
749 162
548 642
329 697
337 489
505 551
311 248
246 722
650 244
600 585
741 275
286 360
359 134
650 628
717 611
782 443
725 613
616 244
286 677
638 488
0 584
638 503
759 21
648 681
730 288
618 26
210 136
329 713
745 251
157 290
441 33
349 73
61 728
794 454
669 775
136 745
525 519
142 520
417 786
181 189
678 455
766 724
470 132
782 651
641 213
483 480
15 621
551 623
91 272
471 579
245 174
146 767
774 15
759 52
816 182
293 781
449 114
607 668
189 700
762 388
650 336
327 471
796 566
16 408
281 329
198 664
130 115
656 535
277 446
584 394
134 500
766 560
246 363
76 629
26 208
90 532
24 376
349 796
766 719
449 173
0 400
348 732
47 50
265 193
290 77
238 643
316 392
317 251
471 657
540 575
459 458
44 310
459 810
775 681
645 338
487 396
301 50
684 297
509 233
656 533
544 475
603 526
724 426
759 681
313 503
302 742
184 590
567 760
143 151
86 81
301 759
130 310
246 327
199 422
816 260
517 422
755 103
401 167
752 278
585 348
44 113
71 288
540 414
322 70
295 234
470 713
47 734
201 708
411 8
50 738
329 66
586 20
151 24
656 426
163 701
44 596
265 217
762 664
612 18
14 38
689 695
79 280
449 208
749 557
349 224
684 546
576 765
79 628
313 326
79 687
389 408
32 788
210 287
240 68
302 306
494 495
265 279
119 818
47 60
411 696
810 796
343 376
564 590
419 72
794 378
242 783
0 134
237 338
765 433
259 789
561 50
173 568
717 733
311 460
130 629
612 252
509 347
782 532
466 644
308 819
191 82
263 375
796 692
0 277
441 328
612 788
418 295
130 618
460 470
741 183
268 61
432 307
86 303
19 276
300 287
459 675
43 770
586 154
179 472
551 243
157 435
811 575
770 807
44 142
725 99
577 409
586 216
496 591
187 193
586 338
151 434
136 571
479 794
557 146
68 72
344 59
717 96
684 415
130 375
402 659
450 339
119 316
730 31
393 477
42 239
270 345
6 230
606 69
238 383
243 509
3 212
796 740
240 388
388 661
281 144
777 155
494 794
244 168
43 90
71 418
769 244
578 524
605 258
641 400
564 582
497 420
184 264
509 673
543 602
187 712
638 692
32 374
349 576
532 165
618 755
200 212
56 420
287 273
301 97
359 547
689 669
716 746
373 631
484 589
455 42
641 652
184 457
24 595
328 621
300 819
794 319
388 99
543 353
638 571
201 244
713 664
716 732
765 51
777 317
730 532
83 556
228 531
253 710
91 500
238 348
211 439
301 427
777 662
495 508
273 342
343 694
600 246
802 513
769 215
561 414
672 270
811 521
503 614
470 420
302 495
647 56
819 371
557 147
660 48
15 735
136 717
327 592
484 724
652 817
749 504
142 7
0 668
143 371
548 361
659 651
584 48
14 413
752 403
0 488
577 814
242 504
174 413
153 668
314 230
819 552
287 256
42 794
532 604
717 420
136 416
290 11
598 705
561 190
273 758
96 666
460 320
151 51
561 482
643 171
301 583
606 628
215 313
761 681
450 177
725 303
291 496
716 235
308 50
290 44
163 630
373 732
317 299
34 752
769 87
755 727
263 18
759 739
238 626
291 294
317 496
349 543
502 524
471 125
91 576
245 282
240 135
208 301
567 807
76 679
495 384
189 76
44 369
819 712
725 2
34 701
90 482
496 798
344 754
641 243
0 701
373 439
770 187
311 266
259 196
578 792
495 58
187 186
397 402
529 561
79 539
453 688
679 138
745 402
672 643
90 231
418 304
313 339
401 344
439 743
215 632
777 236
187 166
679 538
779 670
359 146
745 14
56 423
243 500
476 294
318 630
612 681
244 806
29 279
198 538
393 76
603 257
689 446
819 719
319 54
240 333
210 334
460 592
578 515
181 516
328 450
151 7
739 759
749 695
730 572
349 323
43 507
816 236
503 122
730 602
393 658
647 643
98 535
802 534
242 811
211 220
397 289
469 670
605 73
83 671
684 239
327 148
586 14
603 167
179 803
459 77
464 53
762 749
44 407
476 616
176 169
153 384
34 84
119 330
201 254
450 291
163 561
402 470
656 461
79 31
302 794
401 348
67 649
713 733
136 177
551 225
71 125
497 137
322 61
584 545
638 635
525 53
343 58
308 772
487 571
752 726
594 30
265 82
548 151
286 231
359 375
689 291
564 215
607 52
446 664
517 746
353 110
487 547
134 221
669 178
187 779
577 416
598 649
171 294
263 201
68 439
242 86
61 749
173 275
90 285
567 701
819 370
174 694
713 526
645 681
291 459
551 664
761 404
755 161
505 362
211 396
471 162
496 586
464 188
616 762
192 253
179 698
659 160
228 18
130 330
739 520
350 660
606 640
577 706
319 62
309 106
281 363
373 512
470 585
598 228
146 277
551 670
469 545
316 814
187 47
544 560
184 683
284 93
291 585
466 147
502 801
286 222
561 297
32 735
529 134
311 820
344 630
203 250
344 806
487 521
50 695
32 201
277 748
275 589
779 264
198 286
373 283
32 409
759 451
476 244
314 367
397 810
240 757
16 260
146 534
311 678
441 771
243 280
80 413
567 449
484 406
809 34
61 457
61 12
679 62
816 425
600 147
327 304
567 324
301 164
648 519
134 4
509 291
471 567
359 570
316 618
397 170
584 683
132 499
157 705
439 200
139 561
184 320
741 815
450 388
337 330
311 421
453 703
813 446
179 135
314 71
373 328
91 543
561 27
309 709
26 161
44 743
402 406
98 359
199 785
811 356
587 698
300 365
603 305
173 402
318 670
174 119
302 120
610 121
130 475
640 340
308 241
3 300
119 513
244 513
79 197
455 784
487 285
645 695
578 355
585 148
774 272
813 573
495 433
641 480
713 176
567 254
730 509
139 368
146 431
243 514
678 768
293 238
132 392
551 705
19 189
176 78
777 16
446 530
627 150
273 517
640 312
388 725
494 319
470 1
268 655
605 19
816 43
24 563
470 216
794 208
612 436
240 229
679 552
446 657
132 573
517 337
401 158
464 465
187 133
586 512
532 543
598 218
741 755
453 706
344 90
71 172
353 447
612 545
782 23
330 464
543 8
349 698
509 174
333 538
359 119
143 468
607 769
316 624
471 724
132 230
540 319
567 181
564 747
44 330
24 581
47 675
576 441
627 557
142 780
739 698
603 723
471 548
237 641
243 270
543 302
240 232
775 166
782 323
135 241
333 60
508 26
441 197
203 265
309 801
650 339
464 460
314 239
228 38
244 33
243 792
432 627
309 514
328 0
200 53
311 126
782 699
132 585
158 252
794 248
455 303
577 312
749 510
765 563
647 716
5 245
271 364
353 455
495 314
508 88
497 402
643 667
15 543
151 756
389 518
495 516
132 113
56 371
476 220
47 493
551 380
455 388
91 758
393 120
47 40
725 663
328 72
471 328
607 393
774 500
725 62
446 127
15 152
716 487
0 729
199 9
393 668
316 52
176 110
119 138
311 819
242 719
401 792
192 32
238 752
153 237
210 681
309 704
3 364
187 229
717 338
730 790
645 439
199 266
548 649
50 463
187 659
265 212
281 191
153 67
76 418
607 123
411 770
749 783
418 298
641 263
600 703
647 722
240 554
612 553
627 713
782 318
679 709
397 798
80 727
142 634
487 727
476 692
19 247
749 435
50 227
68 519
505 686
567 65
775 305
557 181
173 629
525 583
86 226
713 482
67 598
125 583
151 16
6 130
277 568
199 262
238 77
502 481
192 775
717 464
203 351
184 138
411 358
505 300
811 603
643 787
5 224
587 771
811 442
455 512
179 555
157 508
200 621
237 427
309 0
327 665
453 318
211 447
91 186
318 127
502 393
259 752
301 130
3 268
652 558
246 796
153 549
529 326
728 22
584 422
774 34
557 79
505 623
134 752
529 764
80 504
418 205
816 15
766 256
14 172
302 92
246 646
263 387
502 562
544 817
689 736
470 714
43 550
627 697
470 20
471 256
263 739
684 356
14 250
6 70
125 55
42 519
678 586
641 579
587 599
245 749
584 779
130 192
245 777
761 742
544 241
672 639
640 66
329 776
29 323
453 65
598 203
585 117
669 164
432 96
417 118
401 420
616 630
253 343
71 642
151 89
544 294
293 597
19 132
238 307
146 733
459 274
749 4
50 371
263 774
809 218
353 289
594 191
270 586
605 435
32 225
401 813
259 606
318 472
32 302
181 655
270 497
265 625
728 676
587 749
300 47
802 361
819 794
328 12
359 363
561 750
80 75
578 435
577 537
766 162
270 774
42 367
739 12
173 203
179 297
286 365
330 648
471 267
68 316
293 493
125 70
198 302
211 720
98 352
151 215
466 304
502 213
600 792
349 329
208 783
98 277
775 498
80 640
564 197
50 559
775 720
471 380
641 173
543 752
5 462
265 108
610 808
173 191
205 236
432 119
158 653
240 542
204 736
359 381
725 655
308 596
567 669
502 622
643 745
532 221
816 527
322 694
245 540
679 167
749 104
627 652
769 384
143 118
290 293
243 774
765 529
761 576
543 457
308 477
418 791
173 239
441 806
561 271
311 333
181 380
47 329
71 76
98 163
417 227
449 227
419 406
135 260
200 317
777 242
327 504
449 145
802 638
495 611
79 483
669 174
291 464
173 245
291 318
221 574
476 506
605 773
139 236
724 363
344 265
50 231
638 142
158 651
466 640
300 533
811 524
497 693
417 764
201 589
509 760
455 660
557 44
199 802
286 555
389 534
388 609
606 536
612 86
184 419
479 356
508 511
34 106
322 638
460 347
509 470
678 153
432 412
79 451
181 347
388 282
67 615
782 63
598 317
650 375
90 514
253 597
598 104
508 69
684 334
397 515
192 359
130 253
50 83
151 787
578 385
813 376
502 177
561 653
245 103
290 56
627 2
244 410
766 475
83 533
479 671
544 401
610 519
158 6
551 121
171 160
502 746
329 712
83 180
816 197
333 691
567 450
142 792
270 765
308 747
770 28
752 114
532 668
762 101
76 637
319 474
761 470
578 82
810 122
247 350
238 209
158 631
319 760
627 810
91 126
263 678
548 521
215 317
453 765
638 2
739 565
328 791
525 63
418 680
215 111
779 529
311 307
765 555
237 654
327 104
460 416
76 475
724 311
174 89
309 581
810 674
762 364
584 135
648 35
775 599
745 118
483 13
43 357
200 813
203 360
293 525
132 335
551 706
460 782
192 575
497 533
616 291
469 15
14 59
130 720
525 555
174 471
389 654
246 570
125 514
211 534
90 334
328 710
643 231
494 22
348 260
157 195
79 552
657 486
816 382
32 657
143 97
14 818
794 232
455 654
544 411
811 320
640 38
42 320
56 262
455 142
80 168
745 200
495 101
672 500
83 747
508 794
551 524
208 138
716 81
766 320
775 195
215 177
460 112
344 320
728 71
496 274
191 293
318 255
656 605
459 247
242 503
638 682
402 217
483 728
184 196
132 323
470 442
151 814
43 355
802 750
210 349
577 611
762 296
577 99
640 716
24 529
657 176
716 630
191 59
508 138
810 675
779 380
6 820
24 158
659 139
584 308
819 265
765 492
300 621
689 359
389 458
3 646
650 448
802 327
265 241
779 664
610 319
548 693
139 390
16 425
143 159
286 227
245 470
659 74
577 701
484 608
449 467
302 549
275 50
68 356
397 800
418 280
640 295
281 759
47 561
446 422
281 630
34 577
638 93
502 202
290 568
273 121
464 49
766 583
585 116
0 176
455 539
418 309
782 649
189 691
268 651
641 331
612 226
313 117
728 634
56 332
389 36
349 701
544 702
317 358
494 196
766 536
656 116
184 614
508 200
540 794
725 401
752 294
153 349
243 605
43 454
79 108
67 355
638 192
483 272
495 70
221 299
373 561
91 287
794 137
237 315
275 540
487 413
174 659
796 453
208 195
259 282
587 516
464 207
19 397
402 785
313 122
6 365
238 749
322 640
610 481
32 299
301 437
44 671
327 518
584 491
14 712
469 41
42 820
819 20
587 380
91 229
479 249
32 278
495 106
476 598
200 790
44 178
648 614
402 808
432 612
548 597
529 196
759 222
557 533
171 313
191 6
211 140
204 155
26 650
14 493
469 322
157 530
762 443
505 803
586 556
221 656
163 30
56 636
32 227
725 496
755 765
439 236
240 750
540 472
16 585
98 687
291 625
453 261
348 197
318 502
174 172
529 332
645 463
199 729
660 70
616 461
610 37
68 410
125 741
311 111
24 820
610 735
794 576
192 249
713 785
136 613
68 459
287 92
86 603
640 304
322 255
650 8
503 63
417 641
449 488
460 287
204 206
809 575
777 689
672 346
308 699
561 299
238 351
268 682
779 199
397 140
529 224
353 621
453 414
502 404
577 594
277 537
301 300
752 262
16 357
343 214
508 807
809 76
402 525
811 297
174 112
605 107
529 654
90 62
125 715
557 11
459 818
240 700
419 397
577 514
656 466
484 220
411 81
585 512
755 174
813 745
657 723
561 648
181 343
221 758
607 435
259 283
191 316
281 641
605 26
810 575
135 210
505 241
418 543
174 1
641 716
525 32
648 395
308 197
587 549
587 731
314 173
484 136
689 444
245 278
759 635
44 170
308 138
142 725
765 276
652 221
782 309
770 492
495 759
71 204
525 495
98 793
322 689
19 564
638 460
242 219
6 611
716 26
244 63
551 708
449 559
192 773
762 410
184 795
585 71
91 400
163 119
769 604
201 784
308 663
277 567
471 53
548 110
765 666
557 336
199 338
5 361
471 739
125 447
215 523
417 645
56 363
173 741
275 18
68 236
253 37
157 69
359 809
6 36
90 132
779 428
317 629
14 215
176 361
135 499
770 749
329 805
689 415
270 591
136 685
508 642
449 81
728 549
247 5
139 460
80 15
650 576
263 660
471 646
641 566
728 363
90 695
184 167
450 24
450 286
411 421
449 766
204 65
669 522
551 204
585 789
158 770
598 467
782 36
802 244
689 8
741 538
163 511
769 107
56 429
502 698
293 649
330 566
56 144
98 574
774 597
134 131
76 110
317 674
191 642
470 529
268 383
308 650
525 54
91 533
459 599
253 14
56 761
672 376
302 673
779 592
640 617
439 544
494 190
576 401
509 454
34 290
460 282
80 116
277 285
484 678
71 731
259 605
449 167
739 662
263 109
24 250
494 181
777 332
19 578
755 737
142 87
657 802
659 412
811 136
263 469
208 408
204 550
50 747
302 565
259 233
469 471
286 121
237 767
761 557
606 546
142 484
641 519
198 674
244 460
460 199
638 667
142 776
318 574
79 592
314 431
50 442
91 226
211 284
774 101
557 488
290 696
301 694
487 522
242 793
247 487
245 421
210 488
228 461
171 338
471 562
503 720
497 159
578 481
330 791
657 301
359 754
318 641
774 724
584 80
577 430
496 397
650 322
584 623
496 338
208 606
551 505
648 701
271 175
585 643
151 220
603 679
446 596
203 301
208 731
237 243
432 105
50 334
44 67
529 429
329 202
125 214
469 547
765 37
643 687
483 667
741 541
327 802
344 482
215 642
333 801
286 470
659 48
640 211
151 261
205 667
505 185
203 25
777 502
91 145
532 148
600 793
598 702
548 416
730 315
446 124
309 715
163 315
314 536
314 68
143 8
34 164
270 280
270 769
657 29
132 616
308 47
509 405
300 243
143 717
192 212
311 777
265 650
497 592
441 582
479 596
79 413
469 107
91 16
268 598
439 776
460 173
265 216
246 551
61 629
322 448
561 612
496 681
496 427
647 749
432 200
728 141
607 584
605 268
284 441
607 768
153 400
479 657
32 558
813 192
359 20
163 589
68 182
610 225
598 521
98 78
125 460
779 657
119 237
479 807
16 8
587 118
15 476
211 260
5 320
291 326
657 572
813 352
56 333
215 693
484 779
349 237
484 300
775 99
505 515
606 85
153 715
173 495
810 96
96 813
598 789
174 480
449 154
605 454
86 193
119 402
29 343
446 459
277 695
313 105
96 700
153 48
135 774
135 158
643 218
656 15
151 27
163 195
540 152
210 492
508 394
68 152
319 398
208 615
509 303
449 25
684 199
587 383
471 335
532 645
273 57
142 383
61 653
551 559
270 305
402 481
215 454
215 210
678 699
313 400
132 645
752 573
672 712
287 614
487 683
275 318
19 36
158 595
689 41
203 756
669 398
544 416
470 700
132 622
612 663
253 127
142 197
244 380
98 567
811 202
476 642
811 625
275 560
484 495
659 623
802 404
610 449
755 718
657 737
348 306
393 740
439 788
19 662
26 311
184 339
19 406
237 801
503 488
134 71
44 530
295 168
281 818
766 165
174 26
627 569
243 88
441 537
309 555
201 72
779 455
730 141
242 191
243 289
158 268
503 85
529 68
291 544
277 494
460 387
777 691
495 476
584 566
322 325
281 332
766 60
782 504
208 132
277 95
205 185
134 89
277 137
291 351
548 614
151 376
184 6
308 649
497 675
329 570
245 365
618 687
397 642
221 650
819 118
775 379
777 329
809 709
479 584
770 689
648 704
813 170
749 71
287 707
544 439
373 738
557 523
411 338
287 522
3 292
343 715
32 763
157 649
577 307
411 785
600 255
187 43
779 693
548 489
766 415
96 278
728 529
561 371
373 93
598 417
210 673
189 344
19 410
540 793
741 788
494 551
176 479
761 273
265 818
199 479
548 791
484 397
508 529
389 7
245 390
275 452
132 574
607 402
419 516
606 584
243 308
453 794
6 245
638 21
135 680
210 201
192 176
766 693
564 174
343 194
281 531
5 156
393 101
311 172
612 104
253 790
728 729
503 814
136 634
271 447
529 383
42 423
201 598
684 600
86 214
432 810
689 274
470 32
650 231
291 90
132 42
450 713
652 691
389 660
228 507
802 606
505 764
470 787
6 335
181 178
318 739
618 176
689 560
90 439
291 28
453 304
284 718
281 464
497 357
802 815
275 729
240 76
302 225
265 664
192 128
343 767
204 525
495 428
42 776
618 246
79 486
724 635
151 797
158 143
441 274
450 561
724 159
584 796
725 382
259 721
29 362
769 629
290 780
244 307
263 585
810 593
263 241
564 288
717 340
205 781
273 173
61 15
401 267
247 18
242 427
277 360
469 122
181 726
311 663
246 150
439 87
450 745
43 76
466 522
311 35
189 266
652 702
449 363
607 666
561 813
198 424
517 3
794 273
210 371
240 43
329 1
5 359
32 359
796 603
543 87
529 24
317 596
540 463
50 153
181 445
765 807
502 173
401 194
650 765
158 81
551 429
813 240
203 604
343 346
777 14
453 581
221 818
640 415
561 497
157 223
647 592
98 479
192 262
469 516
173 415
44 324
669 555
656 402
660 77
810 752
509 778
802 528
640 599
775 39
460 779
96 496
265 452
449 525
765 511
348 381
647 484
98 534
678 711
656 457
203 703
263 722
774 91
142 297
139 68
80 538
291 434
199 303
173 257
317 543
163 338
466 805
607 209
641 150
544 308
253 9
201 807
6 164
638 650
401 47
495 539
337 167
669 138
453 732
765 731
419 384
532 235
816 802
344 716
79 572
245 229
56 634
469 754
47 81
600 732
243 149
181 680
192 160
684 571
191 121
660 570
724 479
277 650
208 637
246 558
286 523
286 500
669 726
215 383
796 654
479 550
348 693
643 193
650 420
348 492
243 598
68 715
174 801
243 322
652 468
389 86
782 488
497 214
765 579
762 793
281 402
157 483
189 348
204 64
211 271
494 105
627 467
684 227
561 436
460 140
329 565
532 760
157 51
313 257
19 188
645 268
557 38
775 688
44 701
265 771
567 166
125 697
802 613
439 791
237 332
578 367
322 23
802 41
724 57
359 229
540 364
525 372
228 288
71 294
314 86
576 681
529 99
656 617
80 812
503 216
15 316
466 685
348 774
181 638
401 193
32 470
470 286
397 594
348 771
330 76
459 429
353 475
544 107
317 378
192 132
585 515
125 544
328 314
6 121
16 336
496 759
659 62
86 648
67 641
759 204
411 412
208 600
240 525
353 2
86 21
411 680
551 113
34 803
765 274
745 190
600 283
142 684
247 136
471 304
487 100
725 658
96 377
509 214
648 402
774 200
775 555
245 230
525 371
316 775
782 552
418 302
199 623
119 466
645 170
163 251
281 741
210 380
725 507
439 124
794 500
211 818
476 505
811 531
584 530
669 17
200 302
243 273
576 90
717 35
551 39
762 169
598 703
319 535
388 686
739 348
730 424
762 516
770 666
393 672
322 103
765 177
755 383
86 528
176 143
585 261
275 124
198 800
652 775
678 582
679 802
308 311
502 777
277 37
313 412
638 486
544 594
432 558
647 223
752 676
819 200
211 703
775 328
199 23
605 66
201 18
173 675
648 518
643 77
158 479
669 462
90 756
273 62
3 10
679 79
739 559
247 184
157 569
739 384
548 720
61 434
469 293
29 160
755 5
647 497
802 618
761 415
505 509
796 76
494 380
176 773
640 382
247 642
319 61
119 0
132 742
548 788
199 724
91 124
388 31
290 666
484 701
309 392
259 724
561 662
242 321
529 481
393 531
301 66
198 698
494 53
497 179
479 813
313 450
275 539
782 476
389 400
238 358
91 171
802 20
277 234
496 17
638 789
724 719
16 732
263 362
301 787
263 207
464 221
782 563
487 355
34 177
301 182
201 538
67 415
143 337
0 726
775 546
476 89
130 640
749 465
125 280
135 605
5 214
578 775
532 356
151 142
388 486
728 626
135 361
659 742
618 248
607 648
176 37
730 311
47 448
139 89
181 441
647 368
300 177
810 127
15 163
411 610
540 112
728 414
215 318
71 368
181 16
509 819
594 755
271 635
83 743
373 722
24 2
90 306
330 651
173 33
91 53
741 410
243 726
293 433
576 702
745 770
752 542
594 232
716 267
439 311
810 500
503 557
656 10
47 757
329 668
309 520
724 319
67 282
794 60
132 249
295 535
348 161
44 184
19 759
270 603
240 566
779 809
577 113
313 562
401 397
300 630
669 818
319 478
724 687
494 492
627 811
263 39
464 305
819 791
548 819
184 111
265 305
71 704
657 613
287 721
648 253
819 448
606 166
578 141
755 814
271 450
749 774
344 130
600 110
449 351
309 154
762 455
809 804
529 4
373 270
809 724
287 241
302 535
618 532
678 368
610 72
163 486
802 332
741 814
453 509
576 326
446 174
627 303
610 426
725 550
388 573
153 730
215 367
181 456
158 546
503 365
441 762
660 433
769 223
484 462
281 695
15 713
359 466
401 442
330 32
505 235
455 141
308 358
766 44
441 620
189 666
243 29
483 584
143 551
766 544
210 538
401 381
308 21
215 71
650 789
221 717
557 691
672 271
446 44
819 324
724 564
455 295
245 707
205 54
796 116
724 461
811 720
34 7
240 562
151 517
253 114
469 263
273 520
132 148
244 423
284 398
134 380
460 351
71 686
210 418
503 298
652 541
483 513
497 480
309 190
171 9
328 644
645 752
259 423
419 23
211 494
584 635
284 589
293 364
647 624
469 585
205 342
728 468
86 64
606 506
775 424
470 629
295 15
469 447
389 789
471 799
96 520
158 551
16 406
119 712
32 384
469 336
769 547
645 303
6 380
14 563
585 510
618 781
319 396
460 743
796 676
657 742
240 300
419 21
810 668
389 718
373 137
359 418
290 563
79 610
741 197
300 679
393 94
245 116
672 147
796 742
449 110
502 153
796 813
577 539
319 774
725 282
551 115
548 478
344 571
56 184
495 721
91 757
96 31
273 396
286 557
769 735
586 264
728 515
192 166
199 739
659 780
153 675
393 213
460 32
67 451
717 175
68 578
627 197
525 293
460 751
317 628
503 243
459 313
418 814
607 62
265 115
68 78
291 687
68 799
291 510
476 602
470 212
402 602
318 622
253 197
459 273
34 331
679 473
586 357
640 326
494 148
479 271
643 21
284 565
643 521
0 625
455 736
330 421
484 140
47 18
286 495
173 57
669 614
189 749
598 395
26 400
301 393
765 684
551 769
479 280
343 683
761 394
587 127
509 32
151 578
300 534
96 194
228 205
343 248
411 37
730 595
76 455
328 589
684 396
672 690
397 260
393 340
487 425
487 328
650 371
548 567
348 392
557 173
765 665
181 815
181 630
669 162
270 212
659 512
397 171
151 98
163 81
600 184
132 126
204 724
761 561
153 756
810 222
359 281
618 21
578 266
295 377
201 269
151 479
348 249
638 194
301 208
26 231
6 585
34 650
15 337
505 555
191 401
130 666
441 635
540 346
96 185
470 323
221 595
612 222
449 23
328 668
659 60
328 664
525 700
594 13
47 539
329 139
243 167
344 544
275 106
44 591
238 627
548 678
761 220
761 584
143 242
71 392
246 51
42 795
34 359
496 65
418 275
146 392
32 173
135 32
659 583
68 675
484 332
557 219
19 546
47 387
322 594
268 358
469 742
275 691
19 53
275 137
717 626
669 618
603 248
14 484
540 55
125 596
151 423
762 760
765 73
130 294
449 613
650 694
774 177
98 633
83 534
316 162
453 31
782 492
627 572
176 213
496 420
811 576
337 219
318 553
0 541
816 87
309 271
309 783
291 563
657 426
544 554
484 116
585 713
136 478
766 226
605 3
508 505
344 338
640 570
187 290
271 270
441 543
228 669
600 71
809 441
762 254
171 135
215 734
745 173
606 344
171 98
67 740
766 6
419 24
402 694
265 495
684 358
497 18
98 657
544 558
237 683
389 479
716 273
402 394
517 411
42 570
192 337
716 134
15 725
243 19
551 385
199 794
26 474
648 145
650 354
309 655
577 68
91 748
389 655
660 769
607 567
132 30
205 162
344 526
494 689
770 118
284 34
211 594
184 480
679 818
717 656
32 484
5 44
143 324
586 476
68 134
672 786
656 264
411 44
135 794
819 393
203 2
96 711
125 181
153 591
598 630
240 498
47 549
300 343
16 649
544 26
43 9
319 359
242 143
402 256
689 448
16 817
205 35
50 172
187 302
139 696
151 740
648 196
273 384
657 187
411 111
343 403
678 293
679 562
273 381
29 274
163 462
769 622
5 621
509 397
810 133
544 383
393 581
509 319
98 375
181 672
184 545
557 186
459 344
24 205
418 391
32 67
80 747
770 732
796 180
672 182
208 135
466 651
153 203
479 483
643 676
684 299
587 651
301 161
497 607
240 293
253 38
794 55
242 340
14 744
309 497
418 517
42 597
337 195
464 718
497 419
453 72
181 9
322 516
91 46
802 553
450 335
238 24
717 567
139 449
660 291
810 480
441 463
80 699
627 650
43 201
237 146
730 363
295 57
24 648
187 359
659 65
187 101
174 163
143 60
243 733
755 378
603 115
439 603
317 652
672 25
502 820
91 129
317 597
672 223
16 274
187 520
19 598
259 493
309 16
337 69
135 488
503 409
684 113
419 359
643 505
153 530
657 342
759 64
6 83
656 327
50 311
295 115
508 199
796 454
42 613
277 667
3 726
388 373
816 352
813 175
135 604
273 455
648 469
652 662
607 258
86 128
495 786
348 593
479 30
717 151
337 545
411 265
221 819
270 419
502 248
44 799
199 533
301 129
586 607
281 407
247 519
242 420
612 182
130 84
761 392
157 185
244 759
605 260
151 468
203 505
741 447
19 733
777 676
469 761
648 39
529 210
564 304
728 597
184 665
242 97
132 150
290 710
329 577
603 720
14 673
402 534
275 810
450 764
389 510
517 116
244 24
136 269
509 85
61 816
459 415
284 523
762 445
265 607
281 813
567 649
411 261
0 153
322 202
203 177
98 310
612 439
79 293
80 601
584 383
606 786
717 59
730 317
275 309
146 594
450 329
244 729
766 330
446 146
322 609
247 84
290 109
26 710
333 630
247 307
389 208
730 457
418 796
411 717
775 526
291 481
67 179
277 168
594 200
770 551
505 426
495 267
811 577
548 377
205 88
587 160
612 738
439 150
503 300
450 163
605 583
739 731
350 358
779 359
238 291
270 62
240 751
76 812
204 146
557 423
333 299
770 574
211 27
314 355
517 332
716 10
600 539
91 515
616 485
587 702
777 308
34 300
187 37
476 733
343 326
349 211
716 29
275 615
401 644
811 798
119 484
494 786
243 677
564 262
466 371
204 326
769 653
594 576
389 4
44 474
459 225
34 508
130 420
61 639
603 469
314 188
819 322
211 680
96 59
301 484
271 491
464 639
469 635
587 727
328 83
525 589
484 737
419 62
419 18
271 453
603 536
3 526
470 46
32 651
393 573
151 141
98 327
56 540
479 361
761 447
309 503
189 686
487 15
277 114
290 8
476 65
774 702
652 275
453 339
287 281
319 542
766 49
450 389
201 631
752 198
246 589
179 801
466 757
648 774
322 188
158 421
284 245
402 804
189 470
816 229
348 779
184 42
271 479
135 113
766 690
171 410
612 62
494 34
645 85
770 269
587 69
327 328
187 499
479 47
302 63
479 469
612 622
314 438
724 120
782 374
393 147
329 316
0 221
749 55
284 799
136 183
401 276
532 202
497 628
605 819
509 41
215 179
446 302
417 551
397 330
359 522
819 494
648 211
348 226
319 613
253 417
244 620
484 414
466 57
774 171
301 811
678 501
745 512
525 4
76 150
730 309
61 590
762 613
479 426
819 264
349 799
657 415
741 615
450 326
627 561
647 595
578 556
669 578
782 34
244 281
605 405
532 566
802 18
432 583
761 792
576 545
813 419
359 239
618 704
466 389
610 661
98 584
389 511
446 546
134 698
263 592
142 584
745 108
809 792
432 233
284 521
291 442
393 187
349 724
586 268
796 208
328 43
460 377
576 395
672 230
344 384
455 572
684 648
401 797
816 12
755 499
284 38
470 506
134 459
327 442
281 786
713 425
509 380
810 159
173 815
585 132
561 124
600 252
136 456
201 745
313 685
741 266
460 291
476 425
752 774
669 235
300 554
669 133
246 249
228 606
775 292
287 176
432 131
449 352
659 297
330 635
811 89
561 320
495 303
684 733
502 186
484 356
587 167
132 595
43 547
648 654
587 608
243 197
402 631
90 464
401 290
586 62
483 132
603 60
259 276
660 716
318 111
567 122
605 102
5 360
328 696
749 49
645 88
61 200
775 800
393 598
606 75
484 689
752 334
453 806
724 668
586 6
143 184
453 41
221 84
449 185
32 724
34 702
525 73
179 325
411 414
505 232
32 457
532 101
19 667
782 749
228 51
228 217
557 21
464 651
327 616
496 23
453 807
402 580
439 519
271 515
173 505
548 500
329 456
205 268
464 125
134 497
401 67
314 627
348 185
716 555
598 668
724 94
689 817
301 394
71 135
157 408
607 714
130 76
238 697
794 653
594 35
68 132
419 754
476 790
71 49
517 581
83 109
146 29
301 701
397 322
373 540
469 100
228 806
333 166
311 496
419 324
277 809
291 609
191 796
32 805
576 16
221 294
610 179
291 159
432 301
181 799
779 323
313 759
494 558
203 506
24 372
782 408
132 623
432 35
777 125
496 288
277 598
146 402
79 13
725 584
509 92
295 80
777 463
191 248
766 811
153 522
173 475
290 786
348 449
802 315
44 382
647 745
275 565
769 397
724 700
441 36
0 120
308 799
158 519
322 536
508 733
316 781
247 546
543 96
650 309
96 512
578 47
34 271
302 558
271 463
50 564
401 764
479 299
469 593
551 47
198 364
244 671
393 355
585 240
672 642
669 820
311 434
594 108
650 165
484 423
157 694
401 69
373 7
605 772
3 423
739 517
44 517
268 56
627 366
713 474
543 214
317 520
259 500
587 144
29 71
135 577
576 819
317 349
544 77
353 376
752 22
779 444
476 92
308 695
660 325
125 123
417 605
135 685
237 218
749 415
584 45
295 122
774 53
42 585
802 793
302 365
237 211
466 585
157 1
259 736
221 811
29 326
143 655
643 50
441 63
211 369
567 743
678 613
265 52
728 67
295 331
373 351
322 749
5 705
802 652
397 742
446 29
189 330
47 133
453 213
487 267
344 323
564 480
34 155
86 191
15 678
616 700
253 108
774 327
401 340
265 610
244 694
725 551
724 415
348 690
605 372
684 517
199 89
259 488
502 76
90 102
15 643
453 169
228 615
770 451
809 19
139 316
388 602
540 479
259 664
337 596
271 644
730 45
291 384
769 189
157 713
34 613
446 491
15 656
460 91
794 45
741 621
44 639
689 469
173 302
450 503
584 161
741 422
656 579
135 632
717 209
439 662
811 354
453 499
333 48
86 626
3 577
411 698
809 391
741 710
813 632
5 140
641 101
205 112
19 709
242 270
811 240
344 724
656 6
245 61
544 786
314 169
238 178
741 195
29 234
603 592
68 69
119 167
648 550
271 315
275 173
91 774
171 150
389 495
775 367
716 433
136 504
479 775
244 110
502 84
739 306
47 316
308 36
187 23
300 197
91 138
187 479
67 134
15 74
329 246
678 193
453 521
810 428
98 342
130 250
263 53
441 38
794 192
373 617
68 250
184 386
762 558
755 613
652 36
600 279
525 436
557 392
68 164
319 208
5 473
143 227
446 322
739 242
286 717
349 468
594 255
389 225
484 426
337 782
532 47
319 383
204 516
811 557
755 578
359 539
724 499
612 117
739 576
502 493
765 246
802 531
607 750
647 255
816 771
187 365
3 255
779 322
616 749
586 311
782 197
119 633
198 680
672 256
483 364
770 360
350 694
418 532
136 26
308 337
564 416
215 25
540 452
205 506
316 243
441 629
813 400
755 307
29 333
471 79
610 44
647 38
455 778
200 631
577 320
770 376
397 807
281 762
349 217
349 736
314 717
96 649
265 705
43 785
532 40
643 82
503 208
810 811
136 306
246 463
16 133
397 284
612 751
586 406
627 275
777 186
411 100
749 740
640 653
29 391
769 563
136 677
402 82
586 214
585 406
80 494
606 724
598 686
455 529
450 575
393 760
293 430
453 642
300 219
652 129
647 299
483 526
811 75
679 788
98 108
819 353
659 488
402 480
766 283
314 624
678 795
794 774
610 212
471 468
577 83
6 708
281 44
130 107
211 268
330 357
184 98
192 698
450 466
494 710
291 697
577 718
487 740
684 536
6 655
42 755
151 28
643 624
762 40
67 698
353 756
163 177
281 291
765 124
359 428
189 643
418 220
242 135
221 662
163 499
301 140
584 305
745 519
143 446
417 709
242 336
432 218
779 453
543 145
689 49
153 689
24 454
146 509
173 449
816 628
119 546
678 351
153 800
794 612
198 556
770 291
173 365
770 819
483 80
567 78
576 448
508 589
769 336
471 642
284 737
184 642
192 585
794 422
184 134
277 417
316 268
19 451
607 659
525 562
557 312
811 4
192 241
576 227
585 164
495 527
497 746
411 439
603 626
311 179
210 111
755 446
739 201
585 672
96 259
290 470
765 205
284 665
449 330
143 135
540 738
330 388
494 417
627 340
328 750
179 389
275 315
210 547
464 138
819 341
509 762
330 379
6 553
318 94
659 43
495 737
584 586
446 368
192 772
286 293
761 65
26 578
679 303
238 54
83 260
460 90
327 344
171 482
766 21
509 692
16 366
724 333
641 336
641 545
470 86
284 64
470 49
509 498
689 209
243 814
34 511
327 493
612 569
34 678
594 692
189 222
181 528
319 659
204 514
275 67
268 285
397 626
322 531
125 199
153 373
439 344
187 6
211 449
308 426
393 210
327 413
766 177
610 537
26 758
401 180
3 145
136 796
561 345
330 204
678 599
203 700
98 302
496 385
273 600
813 214
598 161
610 687
119 758
240 565
419 760
774 440
171 268
455 265
684 776
782 628
5 226
594 638
142 650
802 102
517 44
311 157
679 477
497 623
253 488
495 796
333 145
469 809
281 338
91 459
600 40
418 773
449 790
134 316
816 40
142 394
136 464
329 645
83 725
333 505
439 76
34 800
647 593
265 3
759 357
24 809
176 265
143 408
308 544
544 585
79 156
402 101
263 421
645 804
564 775
158 718
215 64
397 537
819 707
198 686
263 581
455 563
373 107
136 368
143 394
204 214
34 532
344 751
476 34
19 677
587 201
157 266
311 203
215 542
19 637
417 303
459 59
616 311
309 5
585 259
132 151
56 211
811 193
717 185
564 391
648 304
689 536
502 132
247 733
606 333
411 532
271 585
44 436
173 565
669 794
163 38
466 175
652 355
204 466
779 374
759 818
577 688
353 95
333 531
15 689
215 813
287 454
328 105
286 78
263 547
584 703
717 249
466 621
459 501
210 662
311 791
543 338
15 548
79 245
240 580
311 306
811 436
191 181
327 411
551 185
713 711
221 425
153 613
313 791
453 530
96 669
402 543
755 419
302 174
295 352
551 344
728 132
689 69
717 219
313 107
273 18
441 598
567 337
265 639
564 801
174 459
313 45
561 7
309 593
471 95
98 173
401 723
208 214
200 13
265 5
755 619
529 700
268 623
532 188
459 678
540 747
91 232
5 35
32 820
724 232
291 21
419 310
561 5
208 348
439 482
322 102
548 605
716 92
401 334
578 621
243 317
328 5
61 687
739 169
286 244
627 225
469 361
802 7
627 372
329 141
319 689
96 357
344 698
741 295
716 539
311 499
610 186
672 459
551 444
816 141
650 688
134 665
652 476
67 663
446 344
739 419
455 33
659 317
68 338
657 819
14 800
816 542
464 650
157 73
600 794
300 586
176 173
198 245
819 456
316 220
348 601
173 699
349 629
557 516
237 708
471 648
577 685
151 356
56 641
132 567
755 493
333 121
796 28
136 723
532 801
270 8
329 67
659 237
201 642
779 94
273 489
476 137
281 336
450 502
455 397
494 615
98 810
191 510
200 681
728 59
19 294
557 268
529 673
765 599
79 75
14 253
5 615
203 153
505 759
802 560
176 782
270 137
494 575
259 761
96 20
265 611
328 250
142 5
741 137
645 531
328 168
179 132
238 699
330 676
794 468
464 535
464 279
641 25
263 721
777 160
281 147
143 405
243 358
50 548
577 126
587 775
446 38
302 15
532 88
158 350
29 649
509 626
56 440
449 348
343 615
0 392
204 581
587 491
741 588
191 318
564 269
471 426
641 372
47 696
497 240
802 457
268 467
656 693
717 180
199 253
253 222
61 58
466 736
171 288
459 619
459 437
317 311
125 493
353 67
273 379
548 38
766 778
453 737
494 493
779 5
201 628
794 627
173 345
640 73
656 727
201 706
567 361
287 713
449 669
749 396
779 98
794 313
91 397
243 811
459 555
6 44
151 198
684 234
90 781
453 49
291 492
755 302
16 708
647 357
237 651
26 619
337 512
505 549
270 196
240 462
179 329
641 555
208 710
56 544
286 758
68 622
153 753
151 802
337 707
439 513
158 132
647 675
684 622
237 693
265 507
245 216
752 220
418 464
98 718
247 249
484 764
221 420
466 422
497 620
494 185
270 451
576 240
146 595
487 93
143 774
464 89
418 255
90 785
752 60
684 231
679 561
80 511
393 566
15 69
119 151
606 711
263 294
505 668
503 651
669 717
777 135
350 124
749 343
777 220
143 484
277 68
322 290
191 157
659 55
263 408
713 642
802 501
26 505
293 4
567 617
417 264
508 666
544 592
759 43
638 506
607 479
24 102
333 384
483 57
271 513
648 515
286 384
730 198
61 530
587 773
650 198
68 733
761 469
765 551
42 251
508 697
348 127
203 597
135 565
794 115
578 305
287 218
157 236
627 213
91 782
189 667
810 785
330 500
330 573
317 19
24 156
672 768
191 778
215 320
607 379
184 243
782 74
333 210
80 779
157 733
263 59
350 806
450 641
204 306
237 591
577 289
728 548
469 288
163 650
344 12
295 441
752 3
728 645
640 496
337 19
29 793
151 342
275 423
198 283
749 683
201 769
26 422
163 380
439 447
143 700
253 25
293 385
19 708
284 113
242 657
455 304
469 720
525 688
204 498
766 711
755 725
777 710
90 229
640 660
47 286
775 767
640 148
314 498
348 119
460 493
564 5
179 43
450 546
483 77
762 55
586 387
479 523
281 405
724 277
3 14
775 656
509 475
151 516
525 24
56 625
419 92
29 630
125 310
96 414
284 599
466 393
616 33
302 675
348 582
349 160
32 416
471 313
319 462
660 653
460 748
641 392
270 513
204 12
287 19
816 303
645 670
333 572
153 531
343 658
205 786
618 242
228 148
389 358
259 393
594 393
401 545
343 278
656 76
402 485
263 160
80 427
14 238
290 33
309 296
317 250
245 782
755 707
794 178
139 430
774 222
203 168
657 519
204 642
517 378
373 320
755 312
446 649
350 290
259 742
68 50
759 60
684 477
16 362
132 11
135 601
389 157
561 637
319 123
441 730
775 702
317 655
648 503
47 807
544 163
198 386
171 204
724 361
350 673
638 384
328 244
337 425
449 341
205 746
543 541
98 14
610 726
587 64
24 377
657 661
243 555
3 773
603 621
484 72
659 189
418 218
802 120
15 552
245 219
656 481
42 716
309 42
471 765
497 597
314 129
586 618
14 734
766 132
67 602
242 139
471 409
455 6
192 106
616 775
777 496
353 813
24 800
204 481
684 111
417 157
401 38
532 163
517 249
314 535
19 666
532 38
6 719
606 345
191 89
656 441
464 255
469 108
50 542
163 376
295 72
198 507
561 384
752 68
79 789
136 506
349 567
242 749
497 141
610 813
125 42
393 584
50 482
125 103
745 117
329 321
287 748
577 677
26 216
487 419
316 730
819 308
34 629
238 566
319 376
487 154
557 70
314 127
752 205
253 622
460 174
397 756
679 356
660 782
648 789
67 239
98 282
71 390
179 388
291 226
271 266
765 237
327 544
561 181
752 323
132 786
417 567
802 138
672 377
586 518
679 249
171 641
302 713
319 632
679 130
618 561
47 451
612 223
730 323
684 65
174 817
627 80
139 102
561 647
578 290
532 814
450 31
657 348
350 714
157 658
643 406
348 55
716 578
612 496
328 274
716 275
146 305
401 466
525 359
669 763
281 471
766 486
191 519
484 533
517 405
317 258
181 392
50 567
496 111
136 626
67 706
769 171
271 751
322 357
271 202
578 738
567 355
551 193
317 159
417 545
741 729
179 617
540 411
765 698
313 84
330 103
221 555
5 232
316 563
316 272
548 93
561 101
295 378
135 177
640 249
598 230
90 171
5 809
656 111
716 127
672 202
779 626
26 616
284 17
766 225
502 554
205 89
453 274
716 569
678 798
205 168
275 488
652 159
349 72
151 627
618 150
728 774
330 115
564 714
98 553
134 36
775 188
610 803
300 134
548 54
14 472
47 749
774 524
717 672
809 785
464 728
755 605
3 739
745 276
281 333
393 360
388 604
43 616
393 82
119 757
263 329
739 797
502 497
201 781
86 239
318 359
775 141
811 33
268 756
132 144
203 409
187 363
717 807
242 16
200 354
755 78
265 378
199 773
774 705
125 712
606 132
567 441
816 366
469 372
204 565
495 408
627 277
311 556
15 647
650 34
203 497
277 740
295 732
189 627
659 233
769 67
532 605
777 786
479 798
242 430
684 734
79 243
640 351
419 531
290 48
640 799
311 329
329 162
189 219
42 110
44 276
716 85
143 815
135 505
761 117
174 759
476 168
287 653
755 283
752 180
211 394
240 32
564 274
607 474
469 735
502 90
503 722
782 751
605 176
313 383
96 299
598 368
540 340
281 4
203 461
774 294
479 642
158 251
15 219
479 443
151 35
810 818
359 432
19 563
476 401
157 76
765 68
411 89
745 33
3 59
245 592
476 610
26 555
645 328
253 520
739 723
90 729
187 816
317 239
529 417
689 427
311 521
393 47
586 734
143 273
810 471
327 643
198 309
44 368
42 651
762 76
26 604
411 40
483 727
34 798
508 489
143 567
15 500
495 32
173 764
90 676
98 596
71 276
290 614
640 333
586 412
672 727
819 113
476 260
318 571
179 693
509 519
181 150
766 262
455 12
647 445
153 600
181 520
645 386
650 145
453 727
716 316
240 27
749 567
50 90
495 592
181 66
247 619
333 787
328 263
29 55
813 74
450 556
503 173
717 213
333 359
90 672
314 207
301 261
353 119
397 557
286 665
302 539
648 663
418 233
271 368
782 375
600 471
80 748
762 721
24 264
388 738
134 522
479 66
330 753
497 572
659 202
243 544
125 375
749 471
819 497
281 730
221 715
318 311
417 779
139 674
56 400
181 694
439 269
242 312
314 389
311 491
271 216
449 22
417 404
247 554
418 323
317 78
136 722
275 817
432 534
171 596
173 342
242 594
724 12
587 801
659 7
348 225
15 233
810 290
91 313
187 73
648 199
76 493
459 52
208 76
689 751
540 81
187 465
802 347
243 313
5 439
544 257
328 606
293 478
584 408
713 465
388 588
26 557
483 163
459 506
479 320
26 168
263 716
548 740
600 316
598 662
295 612
607 507
136 649
189 349
659 129
660 751
432 723
243 781
158 186
42 733
584 804
47 222
777 8
466 358
56 551
284 457
640 22
300 670
725 357
301 645
205 430
647 374
61 643
90 227
271 699
713 588
204 620
337 431
564 613
301 720
749 626
184 671
439 728
173 389
759 113
483 289
44 33
29 613
487 203
317 541
242 81
295 165
34 567
508 809
672 469
603 354
388 760
397 285
301 667
749 35
650 730
136 656
0 554
684 451
295 749
373 251
459 397
173 8
240 420
497 425
201 691
774 591
774 739
291 575
648 372
318 47
724 45
246 30
794 718
717 129
353 356
327 185
313 297
179 653
189 414
483 646
775 756
286 146
497 774
329 128
79 377
561 702
401 462
353 134
584 117
598 397
660 5
309 257
551 317
567 684
502 281
650 429
244 728
98 65
189 762
459 580
238 70
328 139
68 787
349 524
585 227
153 622
811 465
794 810
439 250
228 450
179 721
476 657
775 222
198 599
277 591
203 519
450 703
337 666
561 812
672 336
544 247
143 622
502 665
311 744
96 804
402 628
71 408
125 666
359 782
759 453
353 30
203 773
598 735
752 668
656 150
86 593
616 527
79 175
640 749
450 355
388 227
237 811
268 748
540 634
14 628
86 144
191 295
318 518
643 779
29 25
607 725
302 642
79 312
809 105
612 217
14 500
200 33
173 354
770 78
439 312
189 750
243 55
201 272
158 237
151 678
47 681
779 564
135 477
311 509
585 15
449 257
275 706
509 331
16 770
741 320
221 265
119 288
749 333
418 549
759 209
816 503
684 476
809 780
322 271
656 502
544 353
749 363
495 214
34 104
270 308
730 161
287 17
187 699
32 541
517 497
684 448
543 487
322 443
139 418
638 103
470 133
672 87
749 263
343 95
640 291
47 484
660 139
199 135
402 712
543 404
645 584
19 599
657 794
179 661
286 704
237 340
577 272
479 133
184 726
295 251
713 183
309 18
782 513
163 382
135 202
779 422
328 596
0 811
532 52
26 19
275 516
802 736
317 232
725 524
328 530
205 807
656 208
761 422
678 820
532 199
270 719
76 677
543 21
505 683
540 448
679 487
603 523
652 106
96 290
774 501
660 615
578 171
211 41
598 28
86 68
275 105
612 469
678 747
543 417
502 477
466 508
745 189
163 359
643 768
86 165
44 137
309 737
211 642
187 357
641 163
90 690
311 654
286 650
200 587
578 522
200 608
314 242
132 107
525 328
717 389
672 515
319 317
44 339
505 645
761 282
648 766
240 170
189 237
728 427
50 195
32 286
397 429
132 243
344 293
61 788
502 638
198 48
301 585
309 302
203 21
146 654
525 443
455 510
328 725
318 575
157 787
3 798
496 293
796 189
32 5
19 775
606 316
544 566
136 536
713 519
24 184
730 556
309 733
293 161
470 148
640 335
322 573
238 384
244 424
275 531
43 798
50 667
348 70
659 722
208 254
494 363
259 570
268 776
263 79
314 197
638 338
603 516
228 305
171 10
652 170
441 510
293 171
641 310
765 768
187 9
19 620
215 202
318 178
142 620
584 341
344 763
158 666
525 468
317 387
189 492
240 282
517 306
0 314
290 221
205 687
26 258
142 353
769 544
389 610
15 767
302 661
532 364
543 222
612 754
761 183
656 210
532 746
641 732
689 724
290 808
752 653
19 597
191 296
769 242
388 697
648 146
517 765
638 520
728 570
725 224
265 297
774 116
263 352
411 713
471 55
173 130
319 485
810 817
80 194
794 408
532 742
796 653
287 483
308 807
56 630
318 101
439 432
32 773
766 587
302 331
96 217
741 394
98 665
745 261
660 705
61 724
761 599
388 272
151 69
184 672
243 805
119 683
717 814
724 439
672 589
586 72
494 391
32 799
460 159
432 718
652 746
174 108
5 330
158 228
659 748
343 352
204 609
302 50
495 121
76 193
246 41
151 425
158 681
548 139
19 34
532 85
96 799
657 139
669 549
802 22
741 233
263 773
517 73
151 350
517 633
777 307
761 488
98 641
268 298
6 662
402 364
656 522
5 347
174 269
277 750
411 788
151 461
96 67
779 811
453 64
450 419
311 688
301 407
470 652
268 707
237 344
605 129
245 212
273 653
309 814
578 73
532 464
755 664
205 774
273 286
146 170
402 363
600 643
187 753
464 35
544 634
450 219
517 482
811 294
142 172
557 536
713 299
741 511
652 382
203 39
90 179
466 765
68 580
393 258
71 404
90 579
460 105
470 402
450 225
173 601
208 721
15 262
317 136
586 344
56 456
769 233
495 568
79 201
228 274
713 115
657 702
316 708
567 380
359 481
270 91
689 633
600 626
650 271
587 533
349 790
184 704
607 205
76 295
479 522
240 88
293 237
198 392
816 559
752 611
775 565
317 565
745 518
173 763
551 403
411 506
174 552
19 340
24 792
544 583
34 414
487 742
577 342
300 811
67 657
157 680
314 511
647 354
496 327
29 663
471 777
532 423
32 309
627 581
125 607
200 141
5 321
6 572
86 739
228 776
15 132
713 450
802 136
270 267
494 350
0 367
689 435
525 162
561 131
146 582
3 581
652 729
316 619
441 104
238 712
678 785
191 811
44 753
650 623
497 560
174 368
389 211
50 601
660 496
198 197
311 773
125 787
770 367
460 185
181 582
449 1
749 313
259 560
143 803
816 475
329 684
191 217
26 597
203 99
86 34
713 463
809 811
125 711
419 224
411 87
191 21
56 435
755 756
293 638
242 259
660 447
176 519
483 507
253 581
208 34
470 298
505 490
275 298
242 379
638 347
775 192
327 560
810 210
153 19
24 762
508 467
449 321
19 177
594 247
548 181
762 766
816 173
752 759
782 691
487 159
761 752
237 461
29 365
794 554
419 213
755 56
86 59
684 44
548 132
616 691
544 724
246 421
728 581
302 691
496 486
5 725
659 609
243 302
564 492
648 690
221 415
265 111
672 297
594 156
607 364
171 797
343 421
483 635
328 701
61 340
650 314
502 473
76 531
774 467
495 715
606 810
660 473
203 676
502 152
402 490
769 241
689 489
819 325
494 439
247 118
745 736
349 139
483 239
640 608
24 602
439 339
319 724
460 498
3 461
759 27
641 316
343 136
483 158
5 698
337 776
221 437
393 160
199 515
402 654
532 394
245 239
479 312
244 229
14 379
184 427
782 808
284 680
561 347
543 395
238 525
318 558
752 128
6 20
344 118
725 190
277 129
610 486
441 230
402 782
344 296
316 566
660 199
328 33
91 368
777 453
567 260
775 475
730 584
90 456
607 466
684 318
548 741
802 346
44 750
517 459
770 114
215 1
460 732
576 538
76 128
775 815
470 199
359 612
270 468
295 780
503 110
401 628
135 311
348 522
179 702
645 444
449 329
494 274
311 570
42 533
529 467
211 242
741 141
645 161
277 112
238 782
717 215
432 341
15 658
587 545
647 161
42 226
618 572
271 226
29 508
263 283
612 755
739 254
284 316
265 726
86 715
393 451
316 553
449 395
68 397
295 197
509 298
540 707
343 405
725 800
496 166
446 387
650 818
578 555
585 756
317 619
659 621
418 230
657 395
752 256
79 717
543 659
713 807
295 237
397 350
672 118
766 291
96 337
739 44
689 344
259 223
313 76
810 651
184 426
199 298
607 391
749 616
200 549
725 757
275 34
151 217
16 583
495 330
610 198
811 16
86 487
766 72
648 438
201 335
476 151
418 649
494 669
411 0
34 815
610 393
86 41
389 689
242 623
497 473
191 591
333 156
203 147
174 494
348 456
146 209
717 70
243 124
388 57
761 782
146 796
228 58
417 814
612 232
350 294
333 290
96 317
610 757
724 71
125 369
96 774
205 595
766 555
598 744
153 383
253 625
270 691
532 130
419 575
564 765
328 298
91 474
724 294
203 405
765 228
605 154
657 421
237 675
529 454
576 64
432 478
50 409
293 719
318 539
811 306
618 596
271 35
476 611
713 746
189 730
577 204
713 475
466 758
29 198
198 355
246 24
598 233
388 568
119 331
561 74
67 546
557 448
616 43
419 690
14 644
487 454
745 580
713 568
567 406
638 423
80 461
265 681
502 528
237 601
450 102
281 129
86 393
317 123
730 410
83 595
275 795
689 189
576 457
157 128
265 131
648 643
353 248
146 451
494 337
439 33
598 137
330 433
811 689
142 810
450 710
333 111
759 11
494 700
564 46
650 440
349 103
32 85
643 698
471 385
759 28
469 202
192 142
739 676
532 621
730 373
157 179
745 620
459 473
585 536
191 781
641 575
6 180
774 153
247 789
34 496
769 525
317 362
777 338
401 271
600 618
479 719
134 10
652 649
610 663
79 718
459 65
459 338
689 488
32 399
98 602
401 641
86 125
91 429
610 222
449 708
496 405
446 35
34 263
91 615
459 421
656 192
174 414
739 654
577 368
5 271
204 95
284 816
761 94
585 2
98 152
14 417
135 48
752 100
265 810
174 774
716 169
627 603
327 596
660 73
455 652
205 646
43 122
130 337
277 666
300 77
557 234
247 500
762 133
411 527
24 63
47 555
71 86
487 421
811 194
418 121
348 734
173 668
584 583
56 235
745 405
594 166
388 812
770 490
652 418
24 213
176 516
587 257
419 449
349 82
610 293
24 772
502 163
300 460
157 609
316 308
253 342
389 292
79 32
237 105
311 58
483 409
640 92
198 504
157 369
606 674
389 63
657 375
330 426
761 167
745 281
650 21
5 811
191 388
532 26
517 430
313 750
794 332
495 561
578 444
796 405
717 578
199 595
277 523
47 602
15 432
348 559
775 356
247 216
544 54
455 649
645 501
402 799
508 416
277 664
247 578
67 775
779 639
300 700
627 327
317 245
725 71
648 812
273 813
741 406
648 263
450 650
287 296
439 262
277 177
584 630
402 743
242 641
741 109
199 735
143 244
6 254
762 423
130 753
293 206
453 297
125 402
6 348
656 551
24 260
67 578
314 262
585 434
0 169
612 272
142 739
561 468
459 17
176 347
302 519
337 338
432 813
497 476
79 365
809 281
640 130
330 320
819 12
171 788
281 607
295 359
612 40
201 634
176 203
203 144
246 643
32 325
728 553
669 547
401 314
755 518
586 342
417 659
329 47
672 451
495 443
130 206
56 721
192 404
204 286
724 190
679 782
221 737
739 446
43 17
300 71
770 810
43 373
586 28
484 1
401 607
302 625
317 503
564 670
543 396
191 178
268 171
268 228
271 810
484 668
397 5
284 246
191 342
198 661
779 169
44 370
774 158
71 529
246 538
243 498
143 631
243 503
561 2
43 565
439 88
146 802
313 793
464 507
594 493
616 257
210 651
469 230
203 278
211 454
811 114
277 696
739 314
652 806
173 11
179 163
761 775
238 680
61 223
669 501
544 321
253 344
5 175
548 703
809 563
782 693
446 445
240 710
459 177
777 427
29 653
200 138
411 104
34 21
794 167
418 107
205 103
201 138
525 699
119 173
503 266
263 519
136 432
576 729
765 720
322 429
724 609
14 519
44 598
79 667
86 111
495 713
813 601
139 33
295 801
577 603
308 296
136 105
657 204
80 671
281 652
286 415
496 398
125 538
132 121
469 351
739 567
348 29
641 410
752 62
158 536
237 621
450 185
189 476
204 454
151 634
717 588
460 166
293 501
600 106
189 463
446 752
761 668
76 440
432 722
453 405
302 220
505 489
337 817
350 81
6 509
319 171
287 192
761 214
189 610
761 536
291 320
328 689
284 624
238 402
71 504
450 612
6 648
359 492
418 25
328 772
130 324
643 371
762 586
777 350
191 715
0 374
359 417
270 342
311 81
153 131
761 227
176 632
146 168
765 415
139 142
130 129
811 185
761 594
309 249
125 746
327 545
576 556
125 140
286 175
577 225
228 425
311 26
411 4
656 31
509 575
725 610
484 774
200 468
26 156
586 678
643 12
286 280
245 72
348 160
43 39
135 568
142 3
594 812
476 31
14 43
645 196
578 216
643 583
19 289
728 574
517 168
329 169
393 116
192 555
540 173
641 89
240 718
337 626
330 376
600 521
201 257
173 751
529 493
246 210
293 645
529 366
184 722
134 195
286 680
189 138
605 226
809 405
417 14
44 167
578 707
98 784
322 465
353 574
348 289
657 50
529 719
142 752
728 161
316 346
286 503
728 158
660 762
543 696
301 579
157 127
766 464
811 771
277 408
464 348
393 527
402 528
300 502
243 706
796 133
192 410
192 813
811 437
659 624
259 344
816 651
775 68
204 133
295 355
739 90
329 616
333 471
268 592
244 70
603 183
643 703
749 726
600 715
373 409
237 41
200 1
67 612
259 156
132 395
679 716
203 695
586 211
96 193
43 338
728 354
327 541
16 394
349 220
284 390
132 410
638 141
134 212
136 334
600 656
24 589
273 299
587 284
762 352
309 112
638 250
158 468
586 481
739 327
242 431
450 33
543 438
809 675
275 252
730 26
350 693
586 491
453 534
717 301
483 621
244 143
585 421
544 170
238 306
765 641
199 462
203 150
309 648
603 35
487 446
439 610
612 229
253 748
142 381
679 465
455 469
245 140
453 30
163 344
819 38
544 191
44 197
6 723
142 496
349 756
348 184
816 324
318 576
529 784
576 284
198 546
811 491
146 143
344 765
343 125
56 749
643 743
198 58
598 650
417 427
811 609
174 27
191 317
446 61
313 17
327 557
263 428
203 249
470 218
745 299
652 105
770 499
453 357
189 124
684 295
643 778
647 629
598 525
684 794
295 85
275 399
287 465
610 8
119 329
779 327
237 631
200 389
187 625
759 181
50 753
657 28
281 297
669 527
146 69
557 67
308 113
725 73
42 308
607 283
16 722
679 327
402 209
679 46
344 680
302 433
794 180
612 434
181 290
389 463
244 4
544 792
650 500
779 765
330 74
136 325
446 10
79 671
739 37
96 63
171 481
411 790
204 145
741 735
584 721
189 392
769 714
505 448
6 59
203 439
618 256
618 511
779 153
5 164
483 630
337 451
543 164
755 240
253 486
42 501
505 522
238 170
311 385
16 379
466 290
487 638
176 407
201 681
441 391
71 341
752 69
311 297
373 564
286 600
136 340
290 397
505 347
441 496
551 640
242 72
0 391
132 596
29 815
402 656
749 11
598 289
189 557
660 82
495 623
576 450
287 181
26 126
44 490
3 320
543 319
287 378
359 60
373 418
525 19
470 417
502 282
268 643
300 528
270 398
319 158
540 66
576 258
119 723
134 291
749 6
184 820
603 40
329 232
479 588
529 594
728 669
61 64
672 543
171 69
497 296
600 238
228 303
291 316
603 820
419 452
211 354
652 776
373 600
450 63
308 252
765 254
770 312
762 453
176 743
450 746
388 204
153 289
509 448
313 135
42 90
143 115
603 106
210 191
647 459
330 304
5 295
794 647
244 584
576 428
19 789
301 412
317 456
766 52
584 202
532 280
143 53
171 745
470 264
577 661
3 82
24 198
308 422
301 795
337 153
44 70
810 604
328 770
717 149
594 432
598 82
350 319
350 472
713 659
302 792
564 753
29 770
42 59
259 505
659 805
271 492
5 27
240 441
594 245
470 274
181 493
50 144
796 465
716 9
450 340
449 741
243 402
201 179
270 6
181 261
275 269
813 674
198 85
83 172
411 714
603 277
157 267
83 387
640 173
191 182
290 141
316 672
678 43
199 575
14 640
24 118
344 648
775 727
192 193
645 479
401 217
470 238
610 76
418 183
158 250
290 620
684 753
143 355
43 780
728 454
819 214
502 689
418 643
393 50
265 363
311 516
61 750
389 677
487 716
469 557
317 443
119 695
606 265
548 348
483 66
503 414
618 254
679 355
605 207
314 532
766 556
749 234
83 152
606 16
203 585
318 465
308 516
775 793
300 758
83 133
577 638
26 558
0 363
567 373
684 788
679 357
47 312
441 662
739 612
466 649
762 560
263 451
29 275
192 629
730 289
6 456
717 114
607 787
759 485
728 673
184 663
657 302
600 802
287 807
603 377
201 35
153 462
189 375
157 625
240 58
627 193
678 275
247 183
29 661
199 31
759 183
782 804
679 651
200 666
453 416
151 450
652 597
487 88
184 209
769 511
203 701
286 757
136 193
775 471
311 96
42 139
774 617
50 180
479 3
98 595
83 153
610 229
532 789
509 802
598 32
344 415
551 197
16 61
42 57
263 500
616 105
770 377
777 209
669 365
210 550
389 653
333 409
15 447
782 324
419 266
43 398
205 431
348 427
318 203
610 587
584 780
657 469
287 239
650 587
464 58
240 354
638 557
577 375
311 228
34 68
809 723
577 756
191 752
453 103
584 433
577 129
439 525
728 168
273 359
201 649
98 308
142 374
638 706
139 417
389 716
770 232
393 46
275 397
779 508
91 638
204 804
311 230
469 520
811 40
246 493
228 124
221 82
179 366
34 288
47 646
142 57
476 503
503 358
200 360
728 408
393 533
606 534
752 250
483 63
432 391
205 562
487 290
389 180
157 395
679 27
402 633
775 289
419 226
796 660
657 612
263 115
777 393
497 80
774 648
67 191
652 815
730 758
779 536
191 322
419 369
741 57
610 238
567 396
67 50
540 484
71 211
453 212
268 633
287 76
652 436
503 408
56 777
648 738
322 626
240 545
343 163
76 145
6 239
497 3
774 752
359 605
600 53
96 154
627 283
717 428
228 444
411 440
487 221
284 14
641 493
240 335
244 790
157 141
810 630
717 720
246 145
0 671
198 443
200 309
730 16
348 288
684 128
317 397
153 737
476 690
643 307
551 456
333 806
14 584
244 113
450 743
14 755
794 458
181 41
779 576
495 614
215 457
319 652
373 229
612 130
716 731
268 253
616 331
532 807
322 327
470 299
689 416
647 213
508 195
648 532
607 795
86 349
645 401
171 747
3 750
752 463
302 121
594 779
228 115
179 738
672 50
200 82
350 768
417 700
755 430
328 329
484 26
402 586
484 555
577 363
259 20
717 631
6 584
453 553
237 706
669 603
15 106
192 268
816 326
158 466
816 626
187 301
200 45
441 263
142 379
762 386
135 215
130 504
419 34
200 96
578 366
612 185
607 131
327 469
211 93
271 343
679 539
540 199
199 661
337 116
90 724
284 213
672 754
79 457
594 503
548 735
316 794
745 759
163 383
616 412
503 148
76 709
505 132
90 362
203 19
265 120
90 208
187 658
328 688
752 605
263 561
244 456
505 384
645 509
16 682
441 238
476 525
221 202
268 588
16 39
199 180
130 86
455 587
181 705
68 558
388 252
441 415
752 781
314 418
134 510
813 510
237 25
761 216
281 0
309 214
600 216
417 462
86 297
529 727
724 39
476 693
119 556
132 115
774 814
200 225
86 50
333 94
291 559
61 575
578 416
201 583
755 220
466 124
640 469
813 289
311 150
813 477
171 93
439 14
397 551
578 711
68 732
301 363
774 668
3 377
484 817
678 270
244 87
16 579
135 413
16 738
309 269
496 262
349 133
610 289
418 281
275 435
67 126
645 324
158 487
19 231
200 134
752 376
90 435
187 398
811 132
540 515
309 698
459 343
816 622
496 10
659 201
309 444
441 142
327 609
487 699
502 532
247 209
464 13
191 509
328 402
42 353
240 790
198 156
5 254
453 160
237 500
517 21
397 111
79 339
476 477
584 342
373 438
319 75
309 432
762 449
600 202
648 760
794 51
246 136
238 138
86 754
650 689
540 717
716 399
484 736
577 747
717 205
277 65
86 610
765 242
469 710
90 354
67 311
98 693
564 344
215 741
724 664
3 405
610 575
171 406
90 436
67 804
640 264
29 257
775 252
741 196
157 583
204 60
796 764
330 673
432 52
762 60
277 713
761 228
221 622
211 330
779 7
459 560
184 646
755 570
389 618
293 316
134 697
19 74
343 624
762 46
245 291
253 505
26 417
237 93
770 302
284 106
419 132
86 306
328 528
259 330
198 706
259 576
577 63
728 149
242 364
319 395
730 111
782 44
762 115
769 76
290 126
50 331
497 139
316 122
606 311
83 718
5 100
471 15
616 12
136 176
143 51
136 602
745 561
273 217
151 406
669 535
469 119
470 601
529 162
350 452
647 385
125 241
716 812
204 156
517 364
136 184
813 454
557 512
215 697
14 730
466 547
466 603
782 730
184 66
146 360
561 193
660 566
277 761
158 727
640 441
678 814
24 452
300 412
146 281
752 187
505 575
322 135
476 140
344 127
265 805
3 434
749 423
656 262
605 286
525 276
142 216
564 340
330 387
373 653
43 399
270 132
237 99
32 594
494 655
181 785
243 606
689 176
503 805
290 422
401 269
509 3
402 788
679 354
187 45
650 77
684 195
265 69
71 597
439 689
660 542
796 769
471 755
484 382
557 377
730 151
157 514
393 297
402 750
650 639
189 642
15 697
228 754
483 692
5 299
198 411
90 260
470 332
56 474
243 802
794 56
759 447
205 472
373 742
210 544
238 417
509 338
453 569
725 347
337 246
277 187
476 453
163 552
203 653
679 492
540 166
242 479
466 263
125 809
16 382
163 111
157 125
259 220
605 296
509 377
577 331
176 170
96 111
585 547
487 69
551 582
317 396
446 220
411 43
464 472
659 211
819 691
192 661
319 700
199 37
717 778
495 258
755 550
713 69
657 796
479 120
246 540
502 34
529 23
393 243
819 800
240 509
96 788
171 508
313 259
200 71
143 478
419 64
71 447
270 696
322 745
759 335
716 582
83 530
5 267
479 259
647 119
656 0
311 771
432 777
246 518
607 223
268 479
43 397
300 499
44 304
717 709
311 240
265 140
643 511
215 761
189 695
678 493
221 191
314 814
775 695
19 686
713 492
802 97
484 498
