0 679
0 151
0 228
0 645
0 200
0 652
0 782
0 586
0 551
0 770
5 350
5 424
5 86
6 610
14 536
14 618
14 240
14 115
14 104
14 366
14 65
14 32
14 729
14 397
14 319
14 451
14 553
14 320
14 803
14 40
14 277
14 485
14 402
15 393
16 43
19 496
24 263
24 811
24 625
24 350
26 239
26 154
26 641
26 530
26 340
26 765
26 198
26 268
26 424
26 30
26 178
26 774
26 387
26 353
26 119
26 579
29 610
32 319
32 109
32 590
32 290
32 411
32 40
32 105
32 366
32 559
32 811
32 618
32 553
32 765
34 681
34 447
34 80
34 463
34 98
34 601
34 43
34 544
34 385
34 600
42 678
42 313
42 203
42 185
42 323
42 189
42 778
42 496
42 167
42 330
42 745
42 777
42 300
42 611
42 669
43 548
43 401
43 605
43 34
43 322
43 83
43 353
43 627
43 16
43 717
43 181
43 529
43 729
44 86
44 311
47 631
56 610
61 320
67 108
68 228
68 446
68 551
68 727
71 692
71 561
71 631
71 287
71 729
71 171
76 333
79 616
79 139
79 71
80 238
80 609
80 489
80 419
80 151
80 544
80 127
80 539
80 229
80 570
80 532
80 619
80 615
80 200
80 732
80 164
80 380
80 702
80 479
80 65
80 259
80 566
80 763
80 32
80 564
80 334
80 340
80 804
80 358
80 222
80 465
80 440
80 58
80 405
80 33
80 596
80 721
80 580
80 193
80 496
80 341
80 486
80 361
80 394
80 134
80 772
80 40
80 505
80 118
80 707
80 412
80 45
80 360
80 589
80 553
80 205
80 641
80 706
80 138
80 740
80 798
80 624
80 321
80 366
80 421
80 518
80 180
80 576
80 679
80 103
80 523
80 350
80 157
80 434
80 452
80 135
80 250
80 304
80 691
80 274
80 348
80 156
80 377
80 85
80 258
83 614
83 430
83 678
83 223
83 263
83 521
83 397
83 86
83 729
83 641
83 362
83 176
83 675
83 432
83 77
83 391
83 755
83 717
83 456
83 320
83 303
83 774
83 751
83 363
83 589
83 48
83 459
83 350
83 570
83 11
83 169
83 116
83 130
86 538
86 374
86 259
86 434
86 765
86 160
86 777
86 557
86 751
86 566
86 453
86 529
86 647
86 656
86 451
86 805
86 119
86 113
86 788
86 519
86 198
86 702
86 176
86 681
86 301
86 725
86 83
86 654
86 432
86 39
86 26
86 577
86 495
90 745
96 485
96 249
96 664
96 613
96 75
96 112
96 740
96 351
96 108
98 675
98 729
98 301
119 702
119 495
119 320
119 26
132 631
134 464
134 228
134 265
134 816
134 587
134 652
134 344
134 179
134 782
134 713
135 755
135 275
136 333
136 525
136 730
136 643
136 589
136 766
136 503
136 137
136 564
136 562
136 330
139 3
139 210
139 160
139 233
139 777
139 28
139 648
139 105
139 212
139 353
139 198
139 580
142 160
143 330
146 0
146 667
146 782
146 551
146 586
146 151
146 645
146 652
146 200
151 179
151 184
151 551
151 237
151 134
151 329
151 672
151 191
151 146
151 816
151 265
151 645
151 586
151 200
151 228
151 667
153 277
157 752
157 287
157 455
158 351
158 664
158 112
158 740
158 75
158 371
158 108
158 573
158 141
158 22
158 10
163 610
171 259
171 71
171 79
171 561
171 729
174 587
174 329
174 179
174 713
174 265
174 567
174 464
174 816
174 184
174 228
174 200
174 782
174 716
174 247
174 134
176 297
176 154
176 515
176 142
176 720
176 530
176 127
176 692
176 722
176 510
176 287
176 502
176 795
176 285
176 689
176 160
176 29
176 488
176 678
176 130
176 544
176 90
176 333
176 360
176 659
176 48
176 11
176 811
176 381
176 471
176 245
176 439
176 226
176 613
176 86
176 495
176 803
176 531
176 419
176 446
176 188
176 557
176 492
176 85
176 491
176 758
176 92
176 474
179 247
179 586
179 567
179 134
179 151
179 551
179 652
179 332
179 713
179 273
181 769
184 464
184 816
184 586
184 652
184 200
184 174
184 567
184 146
184 151
187 441
189 42
191 586
191 228
191 151
191 816
191 672
191 813
191 551
191 782
191 567
191 716
198 43
198 774
198 456
198 260
198 373
198 18
198 712
198 577
198 301
198 397
198 277
198 745
198 2
198 393
198 86
198 729
198 525
198 293
198 725
198 769
198 320
198 439
199 798
200 301
201 166
203 287
204 300
210 43
210 577
210 350
210 206
211 508
215 238
221 446
228 265
228 464
228 587
228 586
228 672
228 146
228 273
228 567
228 191
228 645
228 68
228 184
228 652
228 816
228 174
228 247
228 151
237 151
238 509
238 166
238 419
240 268
240 287
240 713
243 770
244 98
245 441
246 271
247 652
247 816
247 228
247 265
247 151
247 567
247 134
247 782
247 551
253 244
259 631
259 561
259 287
259 238
259 350
259 301
259 171
259 727
259 160
263 752
263 441
263 319
263 811
265 525
265 586
265 652
265 273
265 247
265 4
265 228
265 179
265 480
265 713
265 151
268 745
268 139
268 496
268 729
268 548
268 26
268 510
268 333
268 650
268 684
268 659
268 135
268 497
268 277
268 270
268 350
270 659
270 749
270 436
270 592
270 496
271 246
273 567
273 174
273 228
273 652
273 782
273 247
273 265
273 587
273 586
273 551
275 135
275 495
275 389
275 347
275 198
275 203
275 245
275 153
277 203
277 717
277 198
277 641
277 348
277 749
277 496
284 268
284 166
286 441
286 300
286 774
287 584
287 171
287 301
287 631
287 259
287 313
287 71
287 455
287 616
287 350
290 39
290 299
291 302
293 529
293 778
293 702
293 353
293 717
293 198
293 809
295 729
295 514
295 160
300 204
300 319
300 286
300 192
300 166
300 782
301 57
301 333
301 807
301 185
301 268
301 83
301 160
301 103
301 460
301 729
301 777
301 142
301 332
301 511
301 745
301 544
301 631
301 232
301 603
301 251
301 34
301 495
301 399
301 153
301 497
301 270
301 740
301 616
301 598
301 16
301 503
301 95
301 242
301 29
301 566
301 318
301 561
301 346
301 116
301 785
301 421
301 259
301 733
301 200
301 641
301 755
301 702
302 6
308 713
309 712
309 577
309 59
311 441
311 44
313 42
313 268
313 301
313 761
313 287
314 318
317 745
318 350
319 263
319 300
319 244
322 627
322 729
322 455
322 287
322 152
322 631
329 672
329 551
329 586
329 567
329 816
329 174
329 228
329 716
330 290
330 59
330 777
330 136
333 773
333 85
333 222
333 192
333 313
333 504
333 36
333 735
333 37
333 110
333 790
333 96
333 607
333 478
333 458
333 766
333 496
333 729
333 89
333 23
333 811
333 136
333 750
333 792
333 338
333 532
333 692
333 604
333 467
333 154
333 373
333 90
333 442
333 795
333 804
333 328
333 137
333 431
333 739
333 510
333 759
333 774
333 50
333 611
333 565
333 421
333 764
333 75
333 12
333 273
333 61
333 259
333 625
333 221
333 566
333 332
337 730
337 564
337 320
337 109
337 643
337 774
337 562
344 134
348 301
349 176
350 270
350 631
350 678
350 5
350 59
350 24
350 301
350 83
350 43
350 625
350 502
350 497
350 455
350 606
350 353
350 745
350 470
350 811
350 399
350 729
350 318
350 360
350 739
353 373
353 232
353 160
353 401
353 187
353 424
353 717
353 653
353 419
353 311
353 301
353 761
353 751
353 390
353 59
353 300
353 23
353 332
353 738
353 667
353 511
353 305
353 666
353 764
353 185
353 167
353 86
353 464
353 529
353 39
353 544
353 495
353 752
353 750
353 139
353 330
353 778
353 678
353 702
353 279
353 77
353 366
353 323
353 536
353 597
353 508
353 317
353 275
353 174
353 137
353 379
353 203
353 313
353 320
359 775
373 725
393 388
393 659
393 745
393 283
393 15
393 657
397 473
397 26
397 525
397 239
397 529
397 544
397 30
397 627
397 246
397 729
397 332
397 702
397 676
397 14
397 641
397 635
397 335
397 745
397 320
397 612
397 777
397 717
397 460
397 340
397 469
397 681
397 424
397 99
397 387
397 678
397 301
397 178
397 242
397 86
397 150
397 6
401 745
402 300
411 164
411 802
411 734
411 787
411 154
411 737
411 385
411 749
411 624
411 343
411 286
411 694
411 205
411 540
411 189
411 755
411 700
411 522
411 745
417 769
418 777
419 328
419 29
419 291
419 80
419 188
419 349
419 590
419 671
419 28
419 255
419 502
419 773
419 371
419 79
419 810
419 97
419 262
419 243
419 170
419 238
419 309
419 303
419 223
419 212
419 723
419 520
419 365
419 421
419 249
419 233
419 689
419 269
419 12
419 693
419 533
419 43
419 172
419 724
419 16
419 435
419 604
419 504
419 812
419 730
419 524
419 279
419 576
419 670
419 774
419 95
419 343
419 801
419 467
419 511
419 89
419 525
419 75
419 555
419 677
419 155
419 352
419 264
419 658
419 425
419 790
419 464
419 684
419 607
419 118
419 543
419 196
419 595
419 173
419 348
419 260
419 244
419 625
419 777
419 766
419 638
419 509
419 620
419 433
419 256
419 445
419 215
419 382
419 190
419 656
419 786
419 795
419 702
419 160
419 465
419 166
419 94
419 408
419 540
419 77
419 277
419 626
419 411
419 373
419 370
419 201
419 600
419 685
419 221
419 124
419 181
419 664
419 44
419 769
419 182
419 713
419 565
419 598
419 648
419 100
419 548
419 358
419 736
419 40
419 556
419 386
432 495
432 497
432 453
439 399
439 86
439 320
439 727
439 198
439 564
439 745
441 206
446 551
446 464
446 782
446 68
446 652
446 237
446 240
446 816
449 344
450 509
453 495
453 39
453 86
453 432
455 752
455 811
455 350
455 157
455 287
455 263
455 301
455 24
459 353
460 794
460 631
464 265
464 667
464 228
464 68
464 782
464 200
464 652
464 551
464 479
464 273
464 716
464 446
464 713
464 174
464 816
464 151
464 247
464 645
466 769
469 397
470 350
479 464
479 103
479 652
479 517
483 374
484 794
494 205
494 770
495 301
495 119
495 805
495 432
495 666
495 653
495 430
495 453
495 86
495 751
495 529
495 729
495 139
495 777
495 225
495 113
495 750
495 350
495 503
495 320
495 745
495 424
495 799
495 299
495 765
495 39
495 557
495 787
496 436
496 268
496 650
496 749
496 684
496 441
497 261
497 432
497 160
497 495
497 434
497 702
497 374
502 741
503 689
503 226
503 774
503 160
503 318
503 77
503 524
503 235
503 334
503 90
503 643
503 730
503 136
503 752
503 535
503 526
503 320
503 658
503 764
503 484
503 544
503 502
503 98
503 564
505 98
508 631
509 160
509 238
509 259
509 495
517 727
517 446
517 551
517 228
525 198
525 587
525 136
525 391
525 95
525 256
525 729
525 265
525 774
525 777
525 62
525 18
525 678
529 320
529 641
540 350
543 613
543 740
543 664
544 332
544 296
544 172
544 240
544 340
544 226
544 161
544 586
544 616
544 717
544 690
544 12
544 740
548 268
548 43
551 358
551 446
551 567
551 716
551 645
551 672
551 174
551 816
551 213
551 782
551 60
551 151
551 179
551 517
551 184
551 652
551 587
551 479
551 273
551 667
551 247
551 351
557 261
557 374
557 464
557 765
557 497
557 205
557 432
557 210
557 799
557 26
557 260
557 635
557 681
557 325
557 750
557 666
557 450
557 805
557 618
561 71
561 692
561 301
561 79
561 287
561 729
564 787
564 631
564 145
564 643
564 389
564 463
564 503
564 751
564 466
564 160
564 604
564 121
564 571
564 318
564 419
564 495
564 206
564 48
564 697
564 778
564 263
564 678
564 505
564 337
564 443
564 210
564 700
564 413
564 755
564 729
564 487
564 774
564 577
564 777
564 735
564 380
564 196
567 265
567 191
567 273
567 184
567 329
567 716
567 587
567 68
567 228
567 551
567 720
567 727
567 200
567 179
567 652
567 586
567 782
567 247
576 761
577 268
577 717
577 765
577 729
577 745
578 774
586 329
586 265
586 358
586 587
586 464
586 645
586 567
586 184
586 446
586 179
586 200
586 249
586 151
586 716
586 247
586 228
586 816
586 174
587 586
587 273
587 652
587 265
587 151
587 551
587 782
587 179
587 816
587 713
594 86
603 255
603 239
603 681
603 562
603 381
603 176
603 4
603 26
603 30
603 240
603 313
603 454
603 160
603 253
603 745
603 340
603 402
603 178
603 99
603 614
603 743
603 765
603 403
603 393
603 641
603 809
603 397
603 467
603 32
603 290
603 717
603 585
603 198
603 618
603 530
603 136
603 14
603 712
603 95
605 745
605 693
606 350
610 163
610 56
610 6
612 495
612 29
612 42
616 727
616 371
616 561
616 79
616 692
616 287
618 290
618 554
618 32
618 765
618 14
618 374
618 320
627 322
627 769
627 729
638 268
641 353
641 764
641 253
641 235
641 124
641 375
641 318
641 181
641 724
641 678
641 156
641 441
641 143
641 535
641 374
641 3
641 77
641 309
641 557
641 215
641 260
641 484
641 702
641 90
641 640
641 510
641 689
641 226
641 606
641 478
641 279
641 508
641 524
643 730
643 564
643 503
643 136
643 337
643 766
643 320
645 146
645 782
645 464
645 816
645 667
645 652
645 567
645 184
645 551
645 796
647 727
648 139
650 270
650 749
650 684
650 659
652 586
652 146
652 667
652 273
652 740
652 645
652 464
652 265
652 716
652 551
652 351
652 567
652 479
652 329
652 68
652 200
652 816
652 0
652 148
652 782
656 529
657 210
657 350
657 393
659 650
659 393
659 270
659 263
660 109
669 312
669 458
669 464
669 12
669 155
669 607
669 420
669 654
669 301
669 759
669 185
669 4
669 160
669 333
669 757
669 60
669 167
669 87
669 612
669 2
672 151
672 782
672 329
672 716
672 652
672 586
672 551
672 228
678 350
679 0
684 270
684 268
684 650
689 436
713 247
713 464
713 134
713 567
713 308
713 228
713 265
713 151
713 179
713 782
716 782
716 586
716 228
716 672
716 567
716 464
716 816
716 174
716 198
717 799
724 160
725 774
725 277
725 86
725 761
728 329
730 766
730 320
730 333
730 564
730 589
730 337
730 774
739 350
741 702
741 399
741 717
741 529
741 727
745 156
745 317
745 508
745 169
745 268
745 799
745 301
745 717
745 761
745 373
745 752
745 279
745 374
745 718
745 401
745 738
745 669
745 323
745 666
745 465
745 641
745 42
745 203
745 226
745 293
745 244
745 603
745 777
745 597
745 496
745 389
745 424
745 678
745 589
745 464
745 612
749 441
749 650
749 270
749 659
752 811
752 263
752 287
752 95
752 455
752 103
755 284
755 641
755 300
755 513
755 160
759 657
759 215
761 495
761 712
761 790
761 313
761 725
761 745
761 348
761 562
761 729
761 434
762 732
765 618
765 32
765 14
765 559
765 275
765 374
765 557
766 337
766 136
766 564
769 83
769 43
769 142
769 160
769 411
769 198
769 717
769 627
770 243
774 251
774 136
774 725
774 109
774 525
774 470
774 643
774 755
774 198
774 337
774 333
774 754
774 83
774 730
774 578
775 359
777 641
777 374
782 179
782 151
782 586
782 273
782 567
782 652
782 0
782 228
782 184
782 672
782 200
782 146
782 713
782 645
782 191
782 551
794 712
794 287
794 460
794 348
796 538
809 160
809 611
809 185
809 323
809 752
809 330
809 678
809 465
809 55
809 496
809 777
809 42
809 511
809 612
809 86
809 156
811 659
811 350
811 752
813 672
816 446
816 134
816 464
816 247
816 179
816 184
816 652
816 567
816 146
816 329
816 667
816 716
816 782
816 586
816 191
816 273
819 399
