10 761
10 170
10 671
10 471
10 548
10 234
10 363
10 444
10 271
10 853
10 204
10 867
10 406
10 37
10 66
10 799
10 240
10 384
10 570
10 93
10 524
10 726
10 393
10 286
10 596
10 130
10 8
10 261
10 148
10 187
10 723
10 729
10 507
10 852
10 73
10 126
10 438
10 876
10 423
10 933
10 486
10 880
10 628
10 858
10 277
10 229
10 157
10 369
10 730
10 727
10 529
10 776
10 514
10 487
10 404
10 398
10 408
10 306
10 199
10 348
10 675
10 241
10 521
10 936
10 111
10 713
10 511
10 281
10 144
10 427
10 646
10 90
10 835
10 731
10 355
10 578
10 77
10 17
10 603
10 820
10 625
10 775
10 842
10 445
10 839
10 689
10 477
10 124
10 510
10 488
10 924
10 682
10 670
10 768
10 480
10 388
10 301
10 679
10 610
10 855
10 273
10 869
10 466
10 116
10 350
10 353
10 615
10 559
10 253
10 46
10 324
10 341
10 580
10 939
10 806
10 699
10 750
10 623
10 392
10 183
10 581
10 557
10 12
10 94
10 804
10 648
10 777
10 195
10 26
10 732
10 283
10 601
10 863
10 104
10 747
10 101
10 644
10 140
10 495
10 667
10 222
10 843
10 721
10 641
10 745
10 621
10 23
10 519
10 574
10 64
10 352
10 765
10 752
10 503
10 307
10 889
10 577
10 337
10 368
10 887
10 52
10 123
10 318
10 174
10 134
10 554
10 233
10 9
10 185
10 935
10 437
10 291
10 81
10 746
10 354
10 382
10 536
10 833
10 108
10 401
10 546
10 105
10 224
10 226
10 4
10 885
10 562
10 416
10 13
10 216
10 107
10 457
10 688
10 857
10 282
10 168
10 328
10 715
10 718
10 180
10 76
10 655
10 399
10 798
10 517
10 512
10 225
10 773
10 547
10 453
10 859
10 619
10 629
10 923
10 706
10 861
10 790
10 567
10 361
10 61
10 662
10 349
10 245
10 801
10 249
10 595
10 21
10 309
10 624
10 371
10 194
10 941
10 455
10 389
10 563
10 420
10 709
10 712
10 213
10 207
10 269
10 792
10 630
10 72
10 447
10 818
10 314
10 379
10 191
10 793
10 784
10 870
10 135
10 482
10 700
10 737
10 131
10 218
10 836
10 252
10 634
10 912
10 391
10 903
10 677
10 560
10 501
10 305
10 316
10 690
10 394
10 769
10 109
10 735
10 812
10 499
10 419
10 288
10 244
10 263
10 421
10 669
10 266
10 808
10 831
10 617
10 160
10 80
10 166
10 412
10 433
10 866
10 319
10 888
10 276
10 766
10 236
10 356
10 175
10 608
10 470
10 740
10 409
10 579
10 907
10 373
10 78
10 173
10 63
10 947
10 540
10 757
10 119
10 898
10 145
10 68
10 146
10 402
10 802
10 658
10 75
10 57
10 6
10 189
10 426
10 435
10 910
10 459
10 22
10 338
10 938
10 632
10 840
10 311
10 848
10 418
10 468
10 687
10 854
10 478
10 103
10 810
10 681
10 620
10 212
10 552
10 432
10 112
10 425
10 312
10 32
10 930
10 593
10 940
10 771
10 796
10 883
10 300
10 944
10 190
10 911
10 795
10 415
10 530
10 513
10 572
10 237
10 694
10 875
10 330
10 279
10 143
10 537
10 813
10 156
10 357
10 483
10 49
10 246
10 868
10 592
10 760
10 722
10 498
10 717
10 612
10 71
10 873
10 129
10 891
10 200
10 915
10 555
10 786
10 714
10 223
10 824
10 896
10 534
10 139
12 224
12 598
12 140
12 779
12 851
12 718
12 444
12 891
12 373
12 71
12 519
12 790
12 512
12 894
12 565
12 242
12 268
12 230
12 652
12 889
12 360
12 484
12 135
12 412
12 308
12 838
12 814
12 371
12 766
12 11
12 694
12 875
12 252
12 187
12 678
12 822
12 408
12 893
12 915
12 610
12 656
12 746
12 931
12 620
12 659
12 294
12 916
12 222
12 562
12 482
12 935
12 261
12 448
12 312
12 341
12 152
12 366
12 778
12 425
12 329
12 525
12 769
12 862
12 731
12 297
12 674
12 588
12 234
12 923
12 225
12 742
12 554
12 255
12 44
12 378
12 409
12 691
12 144
12 546
12 130
12 867
12 357
12 22
12 888
12 449
12 577
12 597
12 256
12 83
12 683
12 707
12 109
12 296
12 118
12 402
12 385
12 344
12 941
12 113
12 797
12 544
12 58
12 599
12 713
12 555
12 451
12 122
12 902
12 66
12 770
12 388
12 667
12 56
12 738
12 259
12 477
12 17
12 711
12 503
12 327
12 581
12 169
12 87
12 783
12 623
12 726
12 811
12 400
12 384
12 149
12 284
12 780
12 243
12 558
12 702
12 848
12 403
12 315
12 48
12 168
12 947
12 551
12 348
12 604
12 865
12 665
12 747
12 131
12 359
12 929
12 54
12 603
12 316
12 105
12 490
12 615
12 322
12 416
12 833
12 561
12 164
12 186
12 227
12 235
12 324
12 226
12 437
12 304
12 816
12 9
12 215
12 433
12 847
12 666
12 198
12 567
12 7
12 662
12 807
12 142
12 0
12 239
12 161
12 38
12 183
12 241
12 353
12 552
12 180
12 466
12 356
12 112
12 282
12 429
12 80
12 840
12 337
12 265
12 569
12 386
12 306
12 684
12 110
12 536
12 574
12 912
12 592
12 387
12 573
12 571
12 601
12 489
12 873
12 578
12 35
12 768
12 49
12 917
12 305
12 64
12 380
12 513
12 13
12 801
12 750
12 18
12 606
12 214
12 926
12 810
12 910
12 502
12 438
12 349
12 547
12 619
12 190
12 273
12 326
12 350
12 16
12 777
12 510
12 612
12 804
12 103
12 671
12 788
12 328
12 333
12 286
12 507
12 906
12 290
12 933
12 922
12 376
12 218
12 786
12 812
12 287
12 467
12 145
12 631
12 81
12 781
12 465
12 29
12 823
12 876
12 151
12 682
12 423
12 854
12 585
12 819
12 721
12 251
12 899
12 844
12 580
12 514
12 690
12 809
12 374
12 939
12 182
12 355
12 424
12 497
12 93
12 930
12 658
12 8
12 669
12 69
12 46
12 67
12 107
12 622
12 798
12 372
12 163
12 871
12 117
12 401
12 897
12 734
12 406
12 469
12 86
12 30
12 394
12 727
12 509
12 150
12 883
12 640
12 617
12 697
12 435
12 244
12 60
12 369
12 307
12 55
12 345
12 126
12 475
12 903
12 806
12 877
12 670
12 568
12 318
12 33
12 108
12 283
12 928
12 774
12 213
12 586
12 464
12 638
12 50
12 277
12 560
12 763
12 857
12 553
12 714
12 20
12 432
12 499
12 700
12 776
12 712
12 420
12 330
12 661
12 156
12 462
12 139
12 134
12 53
12 41
12 832
12 260
12 594
12 685
12 650
12 192
12 618
12 757
12 361
12 843
12 532
12 517
12 538
12 945
12 861
12 480
12 737
12 398
12 896
12 653
12 521
12 504
12 158
12 288
12 740
12 820
12 845
12 869
12 563
12 310
12 57
39 680
39 675
39 552
39 537
39 687
39 603
39 9
39 93
39 236
39 875
39 20
39 120
39 918
39 852
39 334
39 480
39 195
39 588
39 530
39 895
39 209
39 301
39 273
39 464
39 729
39 795
39 439
39 104
39 798
39 388
39 237
39 539
39 737
39 153
39 534
39 289
39 810
39 936
39 854
39 241
39 750
39 77
39 256
39 625
39 180
39 287
39 765
39 709
39 75
39 553
39 900
39 925
39 410
39 286
39 823
39 205
39 787
39 124
39 173
39 886
39 185
39 221
39 47
39 502
39 33
39 329
39 169
39 68
39 73
39 37
39 446
39 170
39 398
39 325
39 536
39 714
39 515
39 432
39 67
39 453
39 566
39 896
39 766
39 387
39 618
39 673
39 927
39 141
39 459
39 146
39 506
39 419
39 150
39 592
39 470
39 692
39 441
39 761
39 731
39 314
39 290
39 331
39 713
39 837
39 940
39 61
39 206
39 429
39 829
39 486
39 700
39 519
39 229
39 595
39 926
39 86
39 780
39 527
39 330
39 792
39 40
39 82
39 310
39 790
39 350
39 642
39 84
39 130
39 74
39 376
39 440
39 168
39 240
39 574
39 469
39 475
39 380
39 873
39 772
39 393
39 487
39 189
39 186
39 735
39 495
39 416
39 796
39 16
39 49
39 293
39 788
39 55
39 391
39 365
39 490
39 688
39 52
39 853
39 353
39 672
39 717
39 631
39 573
39 623
39 451
39 431
39 620
39 461
39 557
39 917
39 941
39 361
39 619
39 630
39 561
39 583
39 734
39 21
39 851
39 112
39 877
39 152
39 384
39 866
39 774
39 145
39 274
39 897
39 200
39 479
39 767
39 650
39 809
39 498
39 703
39 307
39 267
39 50
39 272
39 745
39 820
39 457
39 394
39 63
39 753
39 222
39 175
39 567
39 653
39 162
39 196
39 178
39 211
39 856
39 385
39 666
39 72
39 577
39 271
39 689
39 742
39 919
39 740
39 192
39 554
39 62
39 283
39 511
39 32
39 638
39 883
39 218
39 615
39 160
39 182
39 220
39 177
39 28
39 102
39 839
39 179
39 14
39 323
39 818
39 559
39 707
39 406
39 460
39 572
39 355
39 869
39 268
39 499
39 597
39 259
39 300
39 83
39 656
39 605
39 367
39 127
39 81
39 669
39 677
39 207
39 437
39 591
39 131
39 478
39 354
39 417
39 234
39 684
39 586
39 282
39 264
39 898
39 129
39 341
39 525
39 643
39 621
39 764
39 645
39 105
39 305
39 382
39 914
39 513
39 233
39 281
39 243
39 171
39 657
39 920
39 785
39 612
39 658
39 423
39 904
39 783
39 372
39 142
39 482
39 111
39 401
39 45
39 71
39 279
39 135
39 443
39 868
39 425
39 596
39 568
39 164
39 779
39 117
39 718
39 296
39 831
39 614
39 126
39 349
39 812
39 793
39 80
39 56
39 183
39 555
39 64
39 306
39 808
39 540
39 371
39 937
39 801
39 297
39 847
39 570
39 697
39 637
39 716
39 763
39 726
39 600
39 622
39 235
39 159
39 17
39 402
39 53
39 269
39 46
39 878
39 814
39 351
39 238
39 813
39 819
39 92
39 38
39 6
39 910
39 390
39 90
39 76
39 887
39 804
39 386
39 932
39 784
39 368
39 667
39 266
39 861
39 775
39 357
39 732
39 860
39 253
39 138
39 312
39 863
39 275
39 727
39 216
39 706
39 646
39 578
39 424
39 303
39 569
39 933
39 939
39 518
39 60
39 720
39 227
39 662
39 276
39 562
39 166
39 822
39 690
39 564
39 929
39 294
39 512
39 679
39 876
39 122
39 827
39 327
39 776
39 134
39 113
39 647
39 8
39 450
39 797
39 260
39 399
39 223
39 140
39 626
39 468
39 665
39 108
39 862
39 892
39 879
39 427
39 867
39 332
39 41
39 678
39 322
39 224
39 632
39 514
39 746
39 366
39 701
39 165
39 889
39 771
111 770
111 251
111 264
111 808
111 812
111 176
111 398
111 183
111 163
111 167
111 702
111 873
111 72
111 811
111 880
111 233
111 637
111 80
111 45
111 623
111 81
111 60
111 116
111 544
111 780
111 119
111 467
111 125
111 399
111 348
111 373
111 742
111 322
111 878
111 279
111 177
111 740
111 947
111 869
111 248
111 674
111 282
111 628
111 403
111 934
111 861
111 371
111 564
111 419
111 494
111 570
111 236
111 483
111 376
111 144
111 173
111 319
111 810
111 662
111 832
111 32
111 728
111 266
111 216
111 253
111 807
111 651
111 542
111 706
111 25
111 502
111 747
111 554
111 424
111 642
111 409
111 156
111 768
111 819
111 211
111 9
111 324
111 552
111 41
111 64
111 831
111 40
111 495
111 285
111 603
111 113
111 35
111 863
111 649
111 859
111 818
111 945
111 868
111 418
111 773
111 150
111 654
111 729
111 581
111 894
111 925
111 713
111 594
111 580
111 792
111 293
111 716
111 12
111 846
111 447
111 53
111 664
111 75
111 932
111 746
111 312
111 656
111 450
111 84
111 655
111 289
111 759
111 653
111 806
111 574
111 816
111 688
111 890
111 96
111 607
111 822
111 3
111 839
111 187
111 842
111 446
111 379
111 891
111 90
111 737
111 50
111 327
111 722
111 775
111 787
111 465
111 48
111 436
111 193
111 870
111 834
111 87
111 852
111 625
111 887
111 290
111 797
111 83
111 420
111 622
111 867
111 875
111 214
111 942
111 140
111 889
111 601
111 774
111 911
111 68
111 687
111 301
111 690
111 33
111 617
111 769
111 129
111 482
111 7
111 267
111 595
111 406
111 796
111 199
111 261
111 904
111 190
111 844
111 224
111 730
111 297
111 76
111 437
111 858
111 180
111 612
111 438
111 895
111 160
111 394
111 384
111 57
111 487
111 77
111 840
111 683
111 296
111 234
111 69
111 359
111 280
111 571
111 277
111 124
111 620
111 362
111 202
111 62
111 218
111 16
111 46
111 439
111 597
111 175
111 514
111 135
111 701
111 784
111 540
111 711
111 326
111 166
111 793
111 4
111 903
111 619
111 146
111 200
111 560
111 477
111 510
111 613
111 174
111 382
111 929
111 644
111 117
111 661
111 425
111 910
111 752
111 275
111 682
111 777
111 263
111 828
111 475
111 225
111 930
111 39
197 308
197 330
197 944
197 78
197 156
197 490
197 765
197 259
197 64
197 234
197 844
197 82
197 845
197 424
197 482
197 245
197 56
197 653
197 857
197 924
197 781
197 16
197 233
197 158
197 495
197 253
197 296
197 294
197 366
197 833
197 595
197 464
197 406
197 643
197 936
197 397
197 386
197 689
197 380
197 447
197 748
197 120
197 698
197 630
197 17
197 854
197 185
197 326
197 480
197 229
197 50
197 324
197 353
197 620
197 756
197 84
197 341
197 763
197 73
197 678
197 875
197 919
197 617
197 279
197 155
197 837
197 38
197 123
197 220
197 485
197 737
197 870
197 563
197 722
197 416
197 379
197 306
197 684
197 745
197 409
197 798
197 47
197 107
197 794
197 894
197 347
197 632
197 747
197 246
197 761
197 478
197 792
197 426
197 608
197 911
197 420
197 309
197 81
197 226
197 213
197 819
197 61
197 37
197 13
197 549
197 503
197 591
197 937
197 49
197 750
197 151
197 183
197 649
197 942
197 346
197 190
197 915
197 470
197 760
197 168
197 257
197 455
197 244
197 357
197 816
197 284
197 753
197 907
197 652
197 855
197 214
197 648
197 403
197 322
197 305
197 938
197 216
197 267
197 567
197 787
197 721
197 400
197 446
197 328
197 873
197 807
197 615
197 947
197 8
197 211
197 931
197 450
197 888
197 67
197 876
197 334
197 441
197 524
197 93
197 391
197 769
197 369
197 812
197 310
197 788
197 810
197 166
197 727
197 851
197 904
197 499
197 614
197 561
197 926
197 344
197 60
197 26
197 122
197 730
197 277
197 667
197 899
197 182
197 766
197 6
197 238
197 700
197 451
197 77
197 57
197 72
197 15
197 80
197 479
197 316
197 365
197 445
197 361
197 887
197 518
197 839
197 435
197 690
197 709
197 392
197 598
197 318
197 303
197 105
197 679
197 290
197 785
197 209
197 187
197 852
197 861
197 170
197 160
197 362
197 832
197 297
197 713
197 337
197 276
197 573
197 140
197 331
197 706
197 525
197 945
197 716
197 538
197 169
197 327
197 178
197 879
197 797
197 634
197 929
197 352
197 440
197 135
197 612
197 429
197 205
197 675
197 717
197 718
197 568
197 59
197 427
197 92
197 562
197 12
197 903
197 264
197 110
197 437
197 548
197 239
197 725
197 289
197 891
197 46
197 917
197 255
197 417
197 89
197 371
197 460
197 699
197 3
197 508
197 728
197 540
197 363
197 673
197 840
197 752
197 448
197 552
197 663
197 546
197 714
197 569
197 925
197 682
197 199
197 398
197 388
197 731
197 878
197 631
197 647
197 55
205 672
205 294
205 5
205 358
205 758
205 872
205 462
205 158
205 778
205 512
205 645
205 289
205 908
205 922
205 469
205 274
205 335
205 389
205 162
205 604
205 724
237 772
237 444
237 17
237 490
237 309
237 311
237 12
237 571
237 143
237 487
237 625
237 819
237 297
237 460
237 212
237 788
237 4
237 238
237 25
237 508
237 308
237 615
237 158
237 199
237 77
237 90
237 324
237 409
237 57
237 612
237 656
237 75
237 273
237 677
237 917
237 120
237 477
237 390
237 408
237 279
237 880
237 446
237 747
237 787
237 209
237 196
237 63
237 573
237 683
237 379
237 854
237 318
237 844
237 690
237 630
237 667
237 450
237 586
237 486
237 941
237 875
237 797
237 904
237 96
237 457
237 654
237 11
237 593
237 706
237 532
237 581
237 688
237 655
237 694
237 53
237 466
237 564
237 859
237 737
237 35
237 700
237 113
237 560
237 796
237 239
237 427
237 169
237 558
237 478
237 94
237 767
237 116
237 766
237 659
237 924
237 600
237 214
237 447
237 729
237 430
237 453
237 7
237 489
237 730
237 892
237 86
237 491
237 106
237 611
237 878
237 916
237 699
237 910
237 365
237 646
237 252
237 886
237 190
237 202
237 647
237 376
237 510
237 275
237 631
237 455
237 354
237 171
237 914
237 555
237 568
237 503
237 514
237 569
237 362
237 929
237 293
237 20
237 627
237 403
237 415
237 173
237 572
237 825
237 48
237 591
237 436
237 380
237 353
237 471
237 752
237 467
237 563
237 429
237 768
237 176
237 80
237 402
237 352
237 927
237 942
237 792
237 818
237 863
237 608
237 518
237 940
237 425
237 682
237 745
237 836
237 227
237 322
237 359
237 56
237 326
237 6
237 282
237 603
237 761
237 726
237 742
237 934
237 577
237 592
237 868
237 350
237 822
237 443
237 16
237 175
237 893
237 520
237 338
237 194
237 598
237 371
237 798
237 891
237 253
237 66
237 833
237 331
237 465
237 420
237 531
237 244
237 559
237 932
237 399
237 808
237 29
237 39
237 918
237 287
237 164
237 717
237 152
237 316
237 394
237 226
237 763
237 289
237 588
237 867
237 28
237 922
237 666
237 464
237 84
237 195
237 242
237 606
237 722
237 877
237 935
237 835
237 599
237 288
237 764
237 689
237 619
237 663
237 620
237 829
237 795
237 274
237 890
237 570
237 723
237 811
237 869
237 433
237 527
237 334
237 441
237 234
237 89
237 538
237 658
237 516
237 740
237 542
237 81
237 294
237 40
237 99
237 60
237 8
237 507
237 401
237 649
237 889
237 333
237 130
237 161
237 272
237 251
237 119
237 785
237 773
237 746
237 714
237 255
237 54
237 860
237 675
237 240
237 716
237 426
237 643
237 926
237 421
237 222
237 72
237 589
237 665
237 189
237 709
237 271
237 416
237 37
237 470
237 848
237 400
237 83
237 614
237 32
237 915
237 557
237 146
237 862
237 670
237 26
237 759
237 731
237 186
237 816
237 144
237 281
241 600
241 674
241 831
241 876
241 835
241 773
241 39
241 704
241 273
241 421
241 222
241 725
241 520
241 256
241 607
241 624
241 70
241 920
241 379
241 478
241 613
241 861
241 373
241 251
241 827
241 375
241 159
241 231
241 711
241 787
241 899
241 136
241 546
241 916
241 211
241 619
241 940
241 540
241 820
241 57
241 175
241 707
241 572
241 768
241 647
241 371
241 450
241 769
241 851
241 22
241 878
241 915
241 455
241 499
241 870
241 193
241 325
241 281
241 257
241 612
241 403
241 730
241 655
241 591
241 737
241 893
241 416
241 495
241 316
241 701
241 763
241 0
241 795
241 512
241 510
241 326
241 272
241 620
241 834
241 628
241 582
241 709
241 690
241 348
241 349
241 891
241 774
241 116
241 100
241 152
241 343
241 86
241 886
241 220
241 531
241 888
241 535
241 748
241 907
241 514
241 109
241 117
241 15
241 666
241 40
241 840
241 96
241 318
241 287
241 562
241 84
241 47
241 932
241 61
241 629
241 559
241 633
241 226
241 169
241 747
241 8
241 716
241 859
241 938
241 209
241 271
241 792
241 824
241 937
241 798
241 255
241 459
241 766
241 542
241 622
241 353
241 753
241 586
241 328
241 569
241 224
241 923
241 683
241 43
241 790
241 75
241 263
241 431
241 119
241 394
241 734
241 46
241 171
241 350
241 752
241 929
241 392
241 108
241 561
241 173
241 187
241 118
241 150
241 180
241 294
241 453
241 323
241 156
241 847
241 457
241 532
241 308
241 714
241 867
241 652
241 427
241 788
241 51
241 163
241 597
241 233
241 939
241 733
241 621
241 844
241 261
241 777
241 146
241 50
241 492
241 340
241 354
241 99
241 642
241 648
241 17
241 212
241 200
241 638
241 832
241 269
241 90
241 890
241 801
241 235
241 41
241 534
286 877
286 618
286 137
286 756
286 468
286 116
286 938
286 326
286 535
286 54
286 784
286 875
286 888
286 140
286 197
286 667
286 786
286 920
286 186
286 557
286 619
286 601
286 492
286 554
286 177
286 742
286 163
286 763
286 592
286 346
286 319
286 656
286 647
286 72
286 701
286 581
286 63
286 828
286 896
286 775
286 682
286 740
286 403
286 883
286 643
286 441
286 892
286 255
286 534
286 650
286 38
286 689
286 142
286 937
286 907
286 420
286 927
286 721
286 350
286 173
286 199
286 866
286 306
286 723
286 84
286 401
286 189
286 829
286 409
286 692
286 819
286 357
286 76
286 333
286 728
286 734
286 190
286 897
286 311
286 66
286 20
286 588
286 239
286 664
286 367
286 46
286 928
286 100
286 579
286 757
286 465
286 733
286 532
286 853
286 391
286 263
286 324
286 73
286 707
286 310
286 192
286 520
286 294
286 277
286 808
286 838
286 501
286 479
286 13
286 732
286 600
286 912
286 926
286 634
286 622
286 56
286 480
286 879
286 887
286 445
286 831
286 629
286 869
286 662
286 134
286 164
286 681
286 431
286 402
286 890
286 318
286 848
286 768
286 561
286 653
286 611
286 836
286 702
286 359
286 586
286 714
286 386
286 234
286 769
286 67
286 433
286 483
286 284
286 362
286 45
286 196
286 521
286 297
286 851
286 242
286 135
286 376
286 89
286 187
286 731
286 351
286 878
286 776
286 637
286 603
286 753
286 400
286 120
286 918
286 730
286 334
286 49
286 50
286 198
286 220
286 595
286 162
286 933
286 839
286 268
286 166
286 727
286 169
286 281
286 437
286 573
286 490
286 850
286 862
286 429
286 161
286 296
286 845
286 59
286 804
286 158
286 942
286 39
286 8
286 356
286 613
286 33
286 259
286 487
286 475
286 421
286 899
286 555
286 289
286 450
286 124
286 136
286 810
286 308
286 21
286 398
286 29
286 143
286 893
286 226
286 282
286 552
286 843
286 301
286 939
286 571
286 706
286 572
286 37
286 818
286 60
286 630
286 185
286 837
286 216
286 870
286 671
286 246
286 777
286 183
286 863
286 227
286 404
286 478
286 141
286 703
286 290
286 146
286 9
286 582
286 212
286 171
286 315
286 859
286 652
286 482
286 6
286 941
286 447
286 499
286 526
286 211
286 52
286 270
286 392
286 889
286 771
286 494
286 69
286 646
286 781
286 375
286 614
286 419
286 205
286 884
286 876
286 48
286 394
286 18
286 578
286 910
286 649
286 914
286 886
286 860
286 175
286 222
286 160
286 14
286 416
286 191
286 608
286 303
286 238
286 934
286 833
286 104
286 546
286 309
286 80
286 659
286 415
286 510
286 518
286 40
286 12
286 792
286 174
286 240
286 598
286 812
286 457
286 64
286 424
286 795
286 770
286 507
286 632
286 75
286 86
286 694
286 119
286 935
286 503
286 344
286 322
286 337
286 940
286 752
286 871
286 77
286 353
286 936
286 700
286 670
286 509
286 453
286 725
286 856
286 471
286 540
286 349
286 90
286 244
286 57
286 683
286 438
286 774
286 924
286 406
286 915
357 90
357 228
357 645
357 261
357 620
357 875
357 466
357 943
357 215
357 252
357 74
357 642
357 897
357 225
357 99
357 773
357 96
357 736
357 233
357 155
357 801
357 291
357 824
357 206
357 509
357 16
357 12
357 117
357 152
357 820
357 163
357 212
357 451
357 374
357 441
357 294
357 380
357 883
357 169
357 788
357 366
357 76
357 572
357 145
357 394
357 144
357 812
357 844
357 279
357 200
357 211
357 50
357 257
357 792
357 809
357 288
357 936
357 798
357 730
357 461
357 335
357 448
357 927
357 742
357 756
357 308
357 837
357 723
357 692
357 884
357 807
357 887
357 15
357 272
357 367
357 297
357 312
357 591
357 513
357 764
357 260
357 205
357 945
357 73
357 436
357 166
357 522
357 387
357 234
357 930
357 218
357 760
357 947
357 285
357 659
357 818
357 330
357 26
357 341
357 403
357 819
357 0
357 780
357 223
357 848
357 769
357 276
357 56
357 941
357 464
357 465
357 867
357 196
357 46
357 193
357 737
357 658
357 833
357 822
357 731
357 851
357 471
357 365
357 289
357 150
357 727
357 845
357 870
357 859
357 618
357 840
357 535
357 508
357 174
357 745
357 33
357 646
357 237
357 453
357 854
357 266
357 187
357 740
357 83
357 244
357 334
357 539
357 652
357 669
357 54
357 419
357 863
357 891
357 192
357 171
357 631
357 6
357 263
357 479
357 423
357 72
357 115
357 720
357 146
357 316
357 614
357 131
357 8
357 939
357 190
357 191
357 510
357 250
357 67
357 22
357 429
357 392
357 790
357 57
357 348
357 385
357 552
357 64
357 579
357 47
357 563
357 643
357 862
357 24
357 17
357 371
357 857
357 373
357 839
357 666
357 569
418 346
418 700
418 226
418 555
418 865
418 10
418 110
418 369
418 945
418 263
418 829
418 896
418 521
418 571
418 656
418 517
418 279
418 775
418 930
418 90
418 242
418 561
418 733
418 810
418 631
418 926
418 177
418 648
418 482
418 720
418 94
418 763
418 86
418 427
418 253
418 108
418 135
418 942
418 117
418 76
418 675
418 711
418 361
418 863
418 925
418 592
418 120
418 568
418 586
418 354
418 769
418 189
418 669
418 182
418 477
418 359
418 731
418 64
418 275
418 447
418 9
418 406
418 123
418 365
418 75
418 916
418 373
418 104
426 324
426 670
426 138
426 792
426 868
426 756
426 302
426 427
426 198
426 437
426 716
426 308
426 61
426 757
426 137
426 25
426 595
426 89
426 476
426 833
426 621
426 591
426 495
426 694
426 825
426 634
426 577
426 582
426 263
426 632
426 243
426 412
426 387
426 907
426 163
426 353
426 246
426 371
426 944
426 255
426 489
426 53
426 304
426 301
426 83
426 544
426 875
426 281
426 934
426 664
426 808
426 534
426 649
426 725
426 242
426 783
426 359
426 123
426 436
426 175
426 480
426 28
426 869
426 3
426 614
426 417
426 266
426 851
426 22
426 605
426 726
426 598
426 700
426 119
426 478
426 241
426 629
426 251
426 391
426 809
426 620
426 612
426 50
426 26
426 104
426 90
426 272
426 160
426 730
426 820
426 219
426 87
426 199
426 174
426 630
426 171
426 294
426 763
426 665
426 268
426 514
426 896
426 554
426 693
426 718
426 213
426 680
426 75
426 508
426 10
426 585
426 118
426 318
426 131
426 215
426 8
426 938
426 81
426 537
426 732
426 656
426 854
426 518
426 887
426 684
426 843
426 811
426 161
426 613
426 777
426 200
426 205
426 202
426 581
426 394
426 259
426 683
426 785
426 40
426 750
426 870
426 269
426 600
426 599
426 12
426 925
426 117
426 290
426 322
426 527
426 883
426 388
426 276
426 448
426 418
426 807
426 127
426 41
426 154
426 224
426 310
426 519
426 331
426 690
426 900
426 401
426 432
426 170
426 747
426 689
426 218
426 352
426 878
426 155
426 416
426 920
426 594
426 770
426 546
426 470
426 615
426 330
426 816
426 289
426 190
426 150
426 774
426 624
426 157
426 240
426 62
426 740
426 853
426 793
426 494
426 810
426 837
426 206
426 141
426 558
426 420
426 156
426 195
426 113
426 439
426 108
426 619
426 237
426 767
426 796
426 506
426 447
426 542
426 182
426 597
426 503
426 923
426 886
426 479
426 256
426 655
426 21
426 415
426 764
426 648
426 834
426 80
426 465
426 52
426 457
426 164
426 2
426 76
426 271
426 239
426 145
426 678
426 349
426 169
426 795
426 183
426 918
426 66
426 916
426 292
426 425
426 176
426 555
426 706
426 499
426 822
426 103
426 319
426 337
426 574
426 839
426 646
426 367
426 572
426 761
426 285
426 9
426 806
426 37
426 891
426 148
426 348
426 862
426 567
426 647
426 124
426 275
426 346
426 760
426 51
426 562
426 296
426 643
426 687
426 229
426 937
426 651
426 608
426 861
426 233
426 570
426 33
426 482
426 828
426 910
426 840
426 421
426 440
426 284
426 596
426 525
426 244
426 927
426 404
426 99
426 363
426 588
426 787
426 487
426 642
426 191
426 579
426 765
426 791
426 18
426 350
426 82
426 908
426 492
426 775
426 733
426 863
426 386
426 189
426 186
426 291
426 196
426 468
426 897
426 303
426 84
426 297
426 392
426 273
426 827
426 813
426 279
426 753
426 504
426 178
426 35
426 446
426 152
426 485
426 563
426 136
426 879
426 287
426 564
426 221
426 56
426 45
426 657
426 935
426 402
426 366
426 354
426 134
426 857
426 742
426 248
426 623
426 373
426 253
426 603
426 892
426 477
426 727
426 701
426 403
426 904
426 257
426 671
426 445
426 880
426 142
439 514
485 618
485 100
485 623
485 875
485 891
485 328
485 113
485 420
485 514
485 657
510 143
510 780
510 482
510 547
510 662
510 904
510 233
510 688
510 836
510 748
510 750
510 658
510 875
510 784
510 581
510 455
510 46
510 63
510 40
510 514
510 868
510 120
510 322
510 87
510 912
510 613
510 548
510 714
510 731
510 268
510 109
519 720
519 927
519 325
519 144
519 527
519 141
519 352
519 104
519 160
519 646
519 717
519 622
519 647
519 836
519 465
519 895
519 75
519 207
519 594
519 178
519 587
519 471
519 571
519 573
519 455
519 63
519 365
519 812
519 730
519 869
519 654
519 846
519 900
519 578
519 53
519 4
519 211
519 666
519 834
519 300
519 363
519 353
519 593
519 386
519 569
519 393
519 9
519 796
519 419
519 410
519 707
519 379
519 49
519 835
519 439
519 116
519 490
519 534
519 303
519 901
519 100
519 494
519 555
519 678
519 38
519 69
519 464
519 406
519 857
519 607
519 12
519 196
519 510
519 552
519 469
519 235
519 451
519 213
519 96
519 322
519 330
519 839
519 448
519 384
519 92
519 62
519 39
519 894
519 260
519 520
519 394
519 764
519 402
519 579
519 285
519 565
519 371
519 540
519 685
519 775
519 867
519 919
519 142
519 623
519 16
519 746
519 936
519 424
519 56
519 152
519 671
519 630
519 264
519 216
519 694
519 721
519 930
519 261
519 689
519 475
519 514
519 409
519 46
519 881
519 22
519 865
519 711
519 484
519 316
519 907
519 349
519 688
519 7
519 592
519 68
519 693
519 114
519 357
519 245
519 254
519 929
519 37
519 783
519 3
519 586
519 584
519 620
519 125
519 674
519 499
519 662
519 652
519 382
519 547
519 415
519 891
519 105
519 237
519 747
519 697
519 242
519 418
519 938
519 29
519 495
519 392
519 539
519 904
519 487
519 820
519 750
519 268
519 305
519 572
519 272
519 60
519 416
519 423
519 301
519 240
519 8
519 209
519 896
519 391
519 728
519 683
519 780
519 917
519 447
519 658
519 777
519 718
519 634
519 732
519 702
519 916
519 478
519 441
519 482
519 55
519 661
519 288
519 117
519 136
519 279
519 525
519 752
519 530
519 503
519 513
519 942
519 41
519 926
519 267
519 772
519 33
519 246
519 598
519 567
519 466
519 171
519 421
519 113
519 269
519 120
519 816
519 700
519 77
519 217
519 563
519 687
519 403
519 32
519 446
519 862
519 825
519 73
519 714
519 373
519 932
519 797
519 11
519 945
519 861
519 445
519 34
519 837
519 220
519 638
519 806
519 737
519 769
519 898
519 263
519 388
519 243
519 265
519 443
519 585
519 831
519 529
519 597
519 883
519 866
519 935
519 725
519 229
519 885
519 887
519 713
519 740
519 625
519 884
519 618
519 788
519 858
519 438
519 380
519 173
519 86
519 276
519 182
519 218
519 277
519 889
519 933
519 239
519 340
519 903
519 158
519 291
519 302
519 828
519 701
519 183
519 432
519 682
519 192
519 297
519 162
519 417
519 453
519 335
519 238
519 600
519 681
519 164
519 675
519 611
519 601
519 468
519 412
519 134
519 87
519 924
519 768
560 66
560 213
560 730
560 886
560 891
560 750
560 769
560 156
560 869
560 54
560 777
560 86
560 438
560 847
560 328
560 454
560 444
560 467
560 459
560 380
560 784
560 180
560 649
560 373
560 607
560 272
560 535
560 271
560 445
560 558
560 867
560 532
560 548
560 188
560 791
560 19
560 756
560 113
560 819
560 309
560 753
560 253
560 606
560 349
560 487
560 767
560 917
560 807
560 466
560 21
560 731
560 393
560 237
560 658
560 291
560 384
560 806
560 42
560 510
560 402
560 471
560 490
560 822
560 153
560 85
560 591
560 721
560 670
560 665
560 862
560 508
560 159
560 75
560 100
560 653
560 49
560 614
560 399
560 397
560 419
560 669
560 493
593 251
593 667
593 471
593 647
593 658
593 170
593 237
593 291
593 100
593 17
593 683
593 143
593 823
593 227
593 362
593 182
593 41
593 722
593 774
593 591
593 671
593 0
593 843
593 588
593 325
593 688
593 199
593 757
593 631
593 696
593 891
593 439
593 612
593 916
593 287
593 571
593 945
593 619
593 746
593 305
593 837
593 679
593 798
607 504
607 647
607 117
607 725
607 671
607 847
607 268
607 371
607 155
607 727
607 263
607 611
607 773
607 350
607 441
607 83
607 933
607 598
607 726
607 380
607 17
607 876
607 924
607 538
607 880
607 264
607 568
607 438
607 851
607 171
607 929
607 130
607 260
607 574
607 935
607 571
607 875
607 243
607 387
607 632
607 711
607 429
607 619
607 12
607 796
607 105
607 776
607 637
607 206
607 914
607 486
607 190
607 508
607 645
607 448
607 763
607 827
607 654
607 844
607 464
607 510
607 673
607 834
607 94
607 274
607 761
607 244
607 341
607 608
607 802
607 861
607 306
607 495
607 275
607 48
607 406
607 219
607 701
607 15
607 499
607 479
607 60
607 488
607 75
607 567
607 613
607 276
607 848
607 603
607 681
607 932
607 481
607 251
607 832
607 552
607 732
607 64
607 625
607 658
607 471
607 866
607 291
607 549
607 444
607 615
607 920
607 453
607 600
607 455
607 253
607 682
607 716
607 713
607 465
607 119
607 404
607 477
607 314
607 390
607 564
607 871
607 34
607 269
607 782
607 833
607 804
607 643
607 174
607 674
607 285
607 99
607 867
607 29
607 169
607 888
607 209
607 294
607 20
607 675
607 799
607 57
607 798
607 398
607 245
607 193
607 443
607 856
607 669
607 142
607 707
607 104
607 490
607 722
607 421
607 126
607 362
607 4
607 831
607 38
607 945
607 415
607 161
607 116
607 431
607 942
607 292
607 828
607 283
607 787
607 120
607 592
607 329
607 180
607 774
607 723
607 889
607 399
607 198
607 192
607 559
607 900
607 68
607 792
607 261
607 200
607 775
607 910
607 656
607 425
607 878
607 170
607 330
607 355
607 482
607 420
607 563
607 403
607 293
607 78
607 869
607 46
607 839
607 77
607 784
607 648
607 785
607 18
607 825
607 578
607 234
607 820
607 626
607 0
607 916
607 164
607 487
607 150
607 903
607 308
607 100
607 466
607 489
607 220
607 766
607 699
607 822
607 606
607 630
607 936
607 815
607 96
607 690
607 554
607 394
607 11
607 623
607 868
607 446
607 740
607 26
607 400
607 22
607 337
607 326
607 661
607 614
607 531
607 838
607 447
607 165
607 375
607 393
607 8
607 837
607 894
607 211
607 923
607 61
607 87
607 178
607 591
607 286
607 907
607 767
607 912
607 324
607 33
607 709
607 279
607 729
607 747
607 236
607 662
607 752
607 659
607 257
607 491
607 737
607 354
607 305
607 807
607 348
607 621
607 176
607 526
607 186
607 199
607 49
607 402
607 494
607 714
607 125
607 480
607 835
607 694
607 52
607 440
607 112
607 618
607 733
607 228
607 16
607 437
607 879
607 688
607 187
607 657
607 806
607 418
607 679
607 115
607 470
607 152
607 40
607 934
607 195
607 59
607 529
607 335
607 509
607 811
607 409
607 144
607 666
607 445
607 808
607 7
607 700
607 670
607 683
607 319
607 281
607 35
607 160
607 430
607 368
607 182
607 558
607 76
607 221
607 284
607 757
607 301
607 572
607 318
607 790
607 62
607 196
607 579
607 870
607 331
607 6
607 54
607 930
607 233
607 386
607 259
607 941
607 944
607 938
607 227
607 772
607 872
607 649
607 255
607 309
607 376
607 156
607 664
607 3
607 63
607 533
607 467
607 721
607 183
607 136
607 512
607 777
607 240
607 288
658 857
658 811
658 562
658 810
658 116
658 930
658 878
658 141
658 90
658 92
658 662
658 182
658 670
658 50
658 173
658 323
658 862
658 620
658 316
658 4
658 763
658 199
658 494
658 440
658 83
658 697
658 64
658 221
658 187
658 96
658 387
658 615
658 699
658 470
658 727
658 856
658 711
658 228
658 329
658 229
658 233
658 514
658 807
658 267
658 745
658 246
658 847
658 634
658 399
658 375
658 137
658 409
658 477
658 398
658 282
658 390
658 373
658 46
658 816
658 843
658 661
658 623
658 10
658 656
658 870
658 569
658 453
658 560
658 417
658 291
658 753
658 275
658 315
658 621
658 673
658 80
658 942
658 122
658 212
658 664
658 420
658 844
658 614
658 680
658 677
658 319
658 425
658 459
658 509
658 767
658 534
658 479
658 828
658 625
658 213
658 499
658 159
658 891
658 520
658 683
658 360
658 109
658 421
658 72
658 792
658 764
658 669
658 586
658 769
658 183
658 831
658 419
658 714
658 326
658 713
658 739
658 619
658 535
658 377
658 692
658 40
658 384
658 785
658 506
658 815
658 802
658 787
658 401
658 646
658 547
658 234
658 716
658 379
658 508
658 269
658 468
658 415
658 740
658 730
658 917
658 60
658 253
658 68
658 240
658 698
658 461
658 720
658 22
658 192
658 416
658 77
658 292
658 437
658 666
658 836
658 8
658 294
658 163
658 922
658 158
658 308
658 910
658 47
674 337
674 144
674 722
674 77
674 113
674 524
674 729
674 846
674 502
674 177
674 699
674 143
674 169
674 282
674 109
674 533
674 170
674 538
674 329
674 829
674 694
674 684
674 220
674 642
674 870
674 362
674 366
674 160
674 780
674 420
674 388
674 801
674 269
674 947
674 478
674 241
674 938
674 879
674 508
674 598
674 157
674 571
674 196
674 610
674 812
674 124
674 945
674 260
674 392
674 192
674 41
674 331
674 771
674 898
674 344
674 713
674 127
674 767
674 151
674 759
674 594
674 559
674 475
674 525
674 261
674 811
674 631
674 117
674 349
674 848
674 294
674 96
674 436
674 581
674 934
674 678
674 675
674 603
674 889
674 923
674 297
674 728
674 666
674 856
674 187
674 263
674 504
674 183
674 777
674 873
674 862
674 653
674 105
674 301
674 326
674 438
674 168
674 861
674 94
674 579
674 507
674 312
674 433
674 798
674 544
674 92
674 752
674 810
674 239
674 877
674 359
674 240
674 335
674 409
674 318
674 880
674 46
674 647
674 825
674 682
674 649
674 34
674 499
674 774
674 427
674 654
674 243
674 222
674 223
674 417
674 279
674 887
674 784
674 40
674 677
674 725
674 432
674 285
674 844
674 235
674 199
674 467
674 867
674 205
674 933
674 35
674 630
674 479
674 363
674 455
674 182
674 837
674 277
674 136
674 915
674 487
674 723
674 591
674 757
674 632
674 746
674 840
674 673
674 14
674 518
674 343
674 942
674 687
674 305
674 175
674 234
674 683
674 322
674 384
674 731
674 466
674 429
674 418
674 619
674 33
674 787
674 792
674 561
674 89
674 697
674 539
674 802
674 490
674 797
674 878
674 643
674 423
674 242
674 244
674 150
674 718
674 8
674 839
674 916
674 904
674 450
674 786
674 355
674 690
674 437
674 629
674 445
674 443
674 876
674 327
674 118
674 827
674 138
674 540
674 588
674 271
674 552
674 614
674 820
674 189
674 790
674 733
674 897
674 520
674 740
674 86
674 618
674 54
674 707
674 711
674 15
674 480
674 67
674 369
674 367
674 608
674 597
674 69
674 761
674 324
674 843
674 896
674 612
674 448
674 259
674 447
674 623
674 76
674 893
674 750
674 652
674 756
674 721
674 402
674 768
674 454
674 717
674 599
674 61
674 45
674 700
674 209
674 532
674 529
674 892
674 252
674 82
674 293
674 393
674 709
674 386
674 403
674 162
674 662
674 4
674 937
674 558
674 727
674 615
674 56
674 390
674 868
674 440
674 776
674 816
674 218
674 547
674 634
674 890
674 775
674 638
674 71
674 190
674 794
674 470
674 213
674 548
674 554
674 563
674 910
674 78
674 334
674 137
674 267
674 611
674 140
674 229
674 570
674 471
674 251
674 785
674 941
674 714
674 398
674 255
674 319
674 164
674 851
674 492
674 920
674 328
674 912
674 18
674 845
674 226
674 81
674 37
674 142
674 542
677 689
677 795
677 935
677 548
677 867
677 527
677 218
677 926
677 320
677 408
677 759
677 81
677 301
677 222
677 328
677 284
677 701
677 106
677 38
677 680
677 912
677 943
677 936
677 160
677 440
677 686
677 534
677 63
677 827
677 421
677 417
677 166
677 690
677 75
681 625
681 143
681 644
681 706
681 769
681 311
681 243
681 417
681 717
681 259
681 539
681 802
681 212
681 161
681 618
681 530
681 347
681 256
681 742
681 231
681 269
681 432
681 682
681 722
681 343
681 940
681 289
681 11
681 10
681 598
681 168
681 86
681 687
681 416
681 192
681 119
681 53
681 828
681 689
681 173
681 642
681 117
681 430
681 353
681 384
681 359
681 453
681 670
681 446
681 653
681 715
681 209
681 350
681 509
681 756
681 423
681 945
681 643
681 448
681 570
681 650
681 600
681 75
681 87
681 665
681 554
681 96
681 152
681 189
681 54
681 720
681 603
681 226
681 870
681 614
681 342
681 721
681 552
681 495
681 373
681 421
681 526
681 449
681 89
681 878
681 714
681 914
681 557
681 788
681 568
681 843
681 773
681 229
681 785
681 918
681 488
681 538
681 335
681 140
681 355
681 547
681 768
681 160
681 784
681 582
681 419
681 15
681 433
681 619
681 84
681 37
681 7
681 418
681 306
681 947
681 487
681 674
681 675
681 215
681 816
681 577
681 123
681 875
681 221
681 277
681 264
681 268
681 851
681 898
681 398
681 649
681 484
681 220
681 904
681 632
681 90
681 746
681 733
681 920
681 356
681 921
681 903
681 271
681 867
681 750
681 171
681 138
681 252
681 159
681 669
681 634
681 929
681 319
681 291
681 725
681 429
681 435
681 839
681 612
681 326
681 440
681 92
681 667
681 833
681 263
681 926
681 775
681 94
681 806
681 63
681 316
681 563
681 447
681 158
681 482
681 730
681 287
681 402
681 388
681 233
681 302
681 863
681 246
681 796
681 21
681 193
681 807
681 50
681 371
681 776
681 83
681 151
681 303
681 175
681 889
681 483
681 457
681 375
681 163
681 105
681 26
681 244
681 844
681 594
681 3
681 33
681 257
681 662
681 499
681 12
681 22
681 915
681 137
681 330
681 438
681 820
681 261
681 515
681 82
681 930
681 793
681 711
681 694
681 752
681 60
681 294
681 363
681 868
681 297
681 747
681 238
681 615
681 406
681 470
681 854
681 185
681 728
681 196
681 341
681 855
681 365
681 884
681 156
681 737
681 897
681 276
681 174
681 76
681 907
681 211
681 763
681 777
681 206
681 520
681 125
681 329
681 141
681 81
681 199
681 49
681 490
681 205
681 284
681 811
681 380
707 119
707 663
707 889
707 858
707 440
707 588
707 166
707 300
707 828
707 15
707 670
707 394
707 700
707 818
707 675
707 303
707 914
707 369
707 920
707 678
707 856
707 594
707 328
707 495
707 292
707 833
707 468
707 508
707 269
707 893
707 403
707 825
707 359
707 154
707 416
707 56
707 237
707 25
707 558
707 521
707 85
707 777
707 598
707 534
707 34
707 861
707 925
707 20
707 136
707 418
707 756
707 580
707 764
707 420
707 927
707 267
707 822
707 90
707 510
707 50
707 429
707 671
707 656
707 878
707 404
707 851
707 816
707 585
707 170
707 362
707 81
707 945
707 443
707 568
707 498
707 802
707 632
707 750
707 747
707 559
707 284
707 737
707 634
707 621
707 409
707 866
707 807
707 944
707 868
707 844
707 733
707 246
707 400
707 305
716 853
716 269
716 802
716 842
716 597
716 678
716 100
716 57
716 649
716 774
716 50
716 187
716 690
716 170
716 897
716 246
716 508
716 385
716 809
716 752
716 23
716 266
716 697
716 917
716 674
716 237
716 112
716 124
716 900
716 221
716 557
716 83
716 438
716 709
716 60
716 779
716 790
716 784
716 750
716 445
716 66
716 795
716 890
716 615
716 753
716 534
716 740
716 204
716 8
716 646
716 264
716 629
716 195
716 582
716 52
716 618
716 293
716 303
716 620
716 56
716 329
716 446
716 155
716 233
716 424
716 72
716 148
716 300
716 402
716 888
716 330
716 123
716 837
716 466
716 158
716 937
716 257
716 564
716 71
716 421
716 617
716 75
716 599
716 492
716 730
716 222
716 898
716 137
716 608
716 136
716 942
716 416
716 846
716 211
716 223
716 393
716 299
716 665
716 209
716 429
716 732
716 244
716 714
716 163
716 157
716 231
716 21
716 288
716 506
716 603
716 260
716 707
716 891
716 490
716 527
716 294
716 182
716 253
716 773
716 451
716 373
760 763
760 84
760 626
760 596
760 666
760 652
760 807
760 113
760 335
760 790
760 767
760 888
760 63
760 49
760 844
760 479
760 613
760 914
760 242
760 851
760 886
760 145
760 86
760 716
760 169
760 54
760 191
760 637
760 420
760 527
760 893
760 83
760 740
760 253
760 903
760 928
760 67
760 9
760 606
760 37
760 940
760 868
760 341
760 419
760 344
760 252
760 386
760 294
760 107
760 646
760 769
760 371
760 349
760 282
760 238
760 72
760 895
760 615
760 630
760 938
760 318
760 279
760 920
760 808
760 387
760 94
760 684
760 402
760 478
760 330
760 348
760 690
760 614
760 904
760 446
760 752
760 227
760 768
760 240
760 731
760 850
760 709
760 729
760 811
760 494
760 838
760 678
760 64
760 797
760 659
760 185
760 199
760 244
760 737
760 416
760 617
760 487
760 508
760 822
760 447
760 720
760 455
760 501
760 61
760 579
760 404
760 866
760 798
760 634
760 140
760 296
760 233
760 892
820 53
820 630
820 285
820 729
820 579
820 227
820 928
820 598
820 653
820 280
820 138
820 850
820 100
820 889
820 482
820 331
820 400
820 615
820 279
820 362
820 29
820 860
820 749
820 783
820 272
820 727
820 649
820 56
820 452
820 199
820 470
820 514
820 297
820 416
820 831
820 54
820 925
820 393
820 572
820 747
820 716
820 84
820 224
820 869
820 455
820 745
820 9
820 634
820 75
820 521
820 560
820 423
820 11
820 886
820 282
820 371
820 276
820 212
820 656
820 667
820 839
820 427
820 825
820 225
820 398
820 679
820 477
820 289
820 292
820 495
820 430
820 193
820 257
820 682
820 603
820 43
820 271
820 269
820 291
820 926
820 658
820 787
820 759
820 41
820 178
820 353
820 563
820 655
820 465
820 39
820 578
820 876
820 554
820 663
820 773
820 15
820 611
820 329
820 689
820 113
820 537
820 515
820 614
820 221
820 301
820 8
820 548
820 419
820 386
820 385
820 911
820 904
820 244
820 406
820 816
820 577
820 549
820 519
820 665
820 844
820 828
820 643
820 595
820 733
820 6
820 137
820 730
820 32
820 756
820 520
820 699
820 177
820 763
820 760
820 484
820 322
820 910
820 725
820 150
820 403
820 343
820 929
820 492
820 3
820 233
820 818
820 891
820 64
820 308
820 768
820 316
820 685
820 33
820 66
820 594
820 420
820 539
820 83
820 196
820 587
820 518
820 266
820 836
820 209
820 942
820 538
820 337
820 216
820 585
820 376
820 775
820 785
820 249
820 103
820 409
820 401
820 10
820 527
820 123
820 78
820 694
820 728
820 870
820 815
820 366
820 772
820 703
820 516
820 632
820 880
820 339
820 67
820 827
820 4
820 893
820 69
820 559
820 187
820 651
820 186
820 379
820 742
820 380
820 293
820 61
820 811
820 161
820 242
820 555
820 240
820 135
820 713
820 192
820 807
820 25
820 740
820 348
820 365
820 318
820 49
820 802
820 930
820 182
820 448
820 858
820 46
820 938
820 899
820 510
820 252
820 571
820 644
820 863
820 842
820 865
820 207
820 622
820 707
820 711
820 654
820 130
820 600
820 402
820 99
820 546
820 328
820 399
820 498
820 914
820 433
820 157
820 439
820 903
820 804
820 544
820 690
820 648
820 605
820 718
820 425
820 246
820 657
820 564
820 447
820 493
820 608
820 168
820 628
820 659
820 934
820 837
820 415
820 34
820 851
820 457
820 939
820 912
820 319
820 824
820 504
820 12
820 373
820 822
820 0
820 731
820 792
820 143
820 96
820 48
820 662
820 213
820 55
820 895
820 766
820 394
820 542
820 239
820 372
820 927
820 129
820 688
820 155
853 29
853 166
853 175
853 492
853 120
853 892
853 788
853 518
853 218
853 597
853 8
853 512
853 287
853 846
853 447
853 689
853 867
853 468
853 183
853 667
853 900
853 883
853 186
853 76
853 548
853 732
853 439
853 284
853 711
853 180
853 282
853 694
853 633
853 161
853 420
853 942
853 75
853 914
853 562
853 745
853 721
853 332
910 763
910 936
910 143
910 679
910 354
910 602
910 316
910 287
910 63
910 380
910 163
910 767
910 358
910 892
910 448
910 487
910 860
910 57
910 546
910 638
910 651
910 945
910 233
910 104
910 335
910 784
910 749
910 252
910 935
910 49
910 678
910 446
910 56
910 916
910 245
910 13
910 535
910 857
910 940
910 764
910 574
910 369
910 306
910 707
910 349
910 305
910 443
910 386
910 601
910 29
910 832
910 597
910 225
910 226
910 618
910 646
910 838
910 886
910 416
910 168
910 571
910 669
910 702
910 75
910 666
910 94
910 820
910 598
910 293
910 322
910 711
910 562
910 221
910 34
910 856
910 682
910 403
910 141
910 8
910 345
910 606
910 399
910 192
910 90
910 713
910 117
910 152
910 16
910 303
910 220
910 683
910 833
910 483
910 209
910 76
910 72
910 863
910 534
910 647
910 573
910 421
910 752
910 661
910 337
910 218
910 812
910 348
910 296
910 558
910 582
910 903
910 71
910 455
910 759
910 310
910 264
910 787
910 509
910 433
910 557
910 809
910 468
910 630
910 398
910 41
910 653
910 368
910 507
910 156
910 400
910 106
910 241
910 197
910 426
910 437
910 508
910 614
910 512
910 174
910 212
910 28
910 531
910 161
910 939
910 297
910 182
910 840
910 740
910 572
910 259
910 681
910 315
910 756
910 242
910 431
910 658
910 246
910 742
910 269
910 213
910 786
910 12
910 769
910 766
910 642
910 353
910 478
910 712
910 112
910 255
910 937
910 801
910 402
910 667
910 85
910 99
910 488
910 798
910 586
910 911
910 271
910 131
910 105
910 649
910 126
910 258
910 260
910 113
910 930
910 662
910 58
910 853
910 748
910 164
910 612
910 96
910 47
910 357
910 45
910 387
910 659
910 116
910 623
910 867
910 607
910 343
910 753
910 735
910 86
910 14
910 409
910 439
910 479
910 466
910 408
910 888
910 923
910 814
910 9
910 588
910 50
910 594
910 554
910 697
910 33
910 327
910 709
910 652
910 415
910 785
910 533
910 912
910 777
910 464
910 822
910 665
910 942
910 64
910 461
910 902
910 617
910 727
910 569
910 928
910 329
910 149
910 342
910 836
910 898
910 234
910 547
910 513
910 514
910 610
910 130
910 845
910 179
910 904
910 346
910 862
910 404
910 941
910 214
910 871
910 184
910 693
910 155
910 162
910 684
910 244
910 716
910 510
910 517
910 811
910 38
910 216
910 933
910 196
910 394
942 687
942 41
942 514
942 344
