593 607
439 369
677 137
237 74
853 678
418 744
707 698
820 370
560 553
760 835
111 762
39 928
510 349
677 88
439 718
237 657
418 173
286 304
681 382
205 121
205 318
677 176
560 88
12 901
674 153
853 787
593 240
418 898
111 660
357 507
426 172
910 456
241 605
485 919
510 936
519 923
510 263
658 378
677 197
674 789
10 946
39 921
205 757
760 165
519 151
39 43
418 524
197 701
485 804
677 190
241 866
426 54
418 915
607 913
707 456
205 711
111 754
439 566
510 733
357 559
205 438
357 765
237 525
426 782
241 466
418 766
760 281
593 554
111 639
910 805
707 374
681 198
510 628
10 884
853 115
418 28
418 590
357 613
658 249
205 618
760 703
658 724
485 888
674 680
681 1
439 208
593 274
519 387
485 386
237 947
942 84
197 191
658 886
707 572
357 596
674 800
357 60
677 23
910 841
205 78
942 594
560 687
39 405
593 327
658 263
39 609
760 89
560 327
942 403
241 346
942 433
593 691
519 48
853 429
439 468
593 341
357 847
241 176
820 410
707 43
760 0
111 814
716 702
853 535
205 126
942 479
418 563
942 686
942 335
677 666
485 488
205 937
677 601
707 604
111 589
853 263
12 830
674 582
681 825
237 298
658 691
560 763
910 729
853 765
853 135
205 846
910 200
439 708
12 91
820 426
560 96
760 622
942 302
286 743
707 578
439 595
853 550
10 516
485 218
485 943
820 133
677 276
510 67
519 479
111 330
593 799
853 843
760 71
485 678
853 484
560 97
707 184
942 38
485 183
658 627
12 705
760 529
418 843
205 186
439 543
760 401
707 317
426 396
593 442
677 271
357 11
593 266
658 81
237 347
607 628
560 656
593 726
357 124
593 256
910 17
357 849
677 816
510 251
560 225
111 847
681 450
439 921
286 575
357 725
853 11
607 381
205 102
820 131
237 19
111 292
677 832
111 34
205 508
942 501
12 463
760 22
677 3
485 214
593 185
205 661
716 628
942 681
418 145
205 325
439 389
677 315
593 141
910 350
677 541
707 719
205 775
677 144
418 937
853 396
658 709
658 885
510 145
677 774
510 537
658 719
716 922
205 862
716 450
418 306
197 683
760 150
560 289
519 74
853 880
205 408
853 472
760 303
716 256
12 295
241 609
760 207
560 392
439 383
510 54
760 109
197 589
681 691
910 656
439 422
677 604
593 449
485 641
197 235
39 434
205 528
439 649
510 860
853 240
418 438
820 126
677 182
853 241
205 12
716 290
593 777
205 830
237 596
111 563
853 803
510 99
607 947
510 301
205 251
593 504
205 729
677 723
111 500
853 884
205 738
681 29
426 184
519 561
12 311
519 247
439 787
519 228
439 205
677 638
677 482
707 200
707 212
716 286
519 262
658 121
519 295
439 916
853 352
111 719
820 677
853 269
418 833
197 299
760 843
707 900
286 328
760 550
241 803
560 138
677 411
760 130
910 460
510 757
485 616
674 530
439 336
677 917
197 129
560 133
439 506
707 677
510 625
10 653
39 946
519 131
681 194
197 414
707 493
439 612
716 199
510 557
286 345
760 536
942 319
560 144
111 21
111 58
942 190
519 5
707 845
286 605
677 668
205 212
716 827
111 442
942 801
560 652
716 30
942 423
674 814
205 623
716 881
111 230
942 719
593 4
485 374
910 201
357 627
607 202
439 664
241 761
12 456
237 336
607 247
658 706
205 143
760 164
241 55
560 252
716 35
677 30
942 312
853 62
286 165
607 902
111 364
853 648
485 442
707 140
658 358
658 458
681 147
439 415
485 18
241 504
519 676
853 902
658 351
485 261
39 181
593 106
910 101
707 96
439 570
510 913
205 413
418 699
760 674
658 798
197 25
853 68
485 689
418 871
677 149
241 54
560 476
510 458
485 373
910 333
519 559
560 258
485 449
853 919
853 286
485 125
357 748
418 520
607 149
439 199
357 916
677 907
853 551
418 169
485 423
286 908
716 892
485 738
607 639
205 490
707 176
593 834
707 209
760 365
658 84
485 590
205 841
760 534
607 718
205 257
510 93
237 640
439 730
205 71
485 132
910 70
677 453
485 579
205 901
820 734
677 430
760 464
10 803
418 728
658 278
853 673
681 735
707 262
241 315
853 227
111 15
853 388
426 23
707 897
716 422
707 12
241 631
707 640
197 815
593 6
205 630
910 194
942 518
205 502
237 913
111 723
485 916
716 684
418 528
716 457
593 348
681 88
677 550
426 497
418 202
658 74
205 25
485 695
510 8
510 190
10 496
485 496
853 547
439 137
237 504
510 462
439 812
674 114
607 364
658 407
707 2
197 177
942 160
560 406
674 793
560 800
39 258
111 726
677 564
485 85
197 378
658 598
560 401
485 338
485 706
241 418
677 368
12 442
677 577
485 79
418 246
593 169
910 32
560 416
439 26
942 164
716 82
510 362
418 119
716 879
560 890
241 407
820 676
237 459
593 288
560 748
439 172
674 536
760 491
942 781
942 614
560 716
39 336
942 200
560 927
607 821
560 875
485 265
205 643
942 693
607 262
853 220
197 556
439 385
677 272
707 605
485 256
241 372
677 557
658 521
237 783
205 689
485 777
111 112
286 644
485 45
510 306
205 651
674 676
111 215
760 803
677 887
607 336
820 395
10 336
820 795
560 89
519 636
439 271
10 901
716 308
111 640
560 424
12 516
286 381
205 238
681 857
716 578
418 81
485 569
677 114
658 743
439 795
942 435
853 392
593 602
942 482
760 713
485 307
439 837
418 481
241 247
853 587
677 495
910 929
426 702
853 769
853 74
418 379
439 748
853 367
485 892
510 51
681 609
677 258
357 657
674 841
197 946
681 400
439 201
519 909
10 181
510 919
760 717
197 521
942 385
593 490
205 535
677 212
760 511
426 541
853 866
707 190
205 390
237 428
560 561
439 367
560 895
241 911
510 773
853 162
205 373
760 163
426 449
820 114
681 420
853 498
681 830
593 37
760 540
658 446
426 312
485 615
485 638
510 905
439 266
760 783
357 791
716 172
485 428
593 644
677 852
205 371
716 909
439 113
439 932
418 497
853 822
519 551
12 89
760 493
485 240
205 498
426 906
607 27
439 716
674 565
658 433
707 260
853 862
439 337
241 574
760 289
681 548
760 284
510 212
426 524
677 109
853 35
820 777
10 475
111 886
286 148
942 370
677 938
237 256
716 771
439 683
677 169
418 68
439 225
707 834
357 751
241 129
607 498
439 318
357 133
205 794
439 745
286 36
593 375
607 123
560 732
853 490
510 435
241 310
241 653
560 527
426 695
707 281
942 799
760 913
607 224
658 277
439 164
760 357
593 488
39 617
510 134
716 453
111 323
205 66
942 445
10 523
942 894
205 339
677 752
205 943
10 531
241 370
426 736
39 19
910 624
681 422
820 678
910 411
519 778
205 662
241 206
560 344
942 893
677 749
853 3
677 474
853 165
674 474
560 511
674 799
760 819
519 153
681 826
677 416
439 174
716 346
485 166
439 349
10 84
593 535
942 405
357 45
519 20
681 481
426 344
39 565
418 396
677 868
205 23
853 324
677 698
10 785
658 556
593 572
510 73
418 544
510 553
111 343
197 31
39 874
677 324
716 132
197 772
760 181
677 135
510 685
942 426
674 902
593 809
760 941
241 797
485 798
286 516
716 594
658 101
677 252
286 217
853 912
197 661
716 336
439 228
485 320
12 4
707 172
12 439
853 544
12 248
197 374
510 420
910 564
510 292
237 515
716 140
205 591
942 27
485 541
205 659
560 727
677 294
910 484
519 390
707 781
111 388
716 279
910 532
716 234
510 261
12 410
560 904
197 436
707 186
716 535
357 581
593 357
560 235
593 307
12 478
716 625
593 867
485 565
707 116
241 197
760 923
560 855
205 878
439 720
418 759
677 818
485 272
510 696
607 852
593 404
111 715
853 928
674 62
418 643
205 496
910 616
286 536
942 564
205 184
707 255
197 91
942 795
111 358
707 322
197 532
716 327
286 430
681 869
439 38
593 245
111 576
681 301
560 94
439 209
241 590
681 616
760 817
418 240
12 298
707 188
658 588
674 864
439 741
853 474
237 180
658 582
439 551
716 528
357 647
357 256
286 385
485 225
674 921
760 153
593 755
205 241
241 380
853 232
707 539
418 745
677 610
707 227
10 913
205 214
510 404
707 156
677 401
658 648
418 455
439 43
707 661
519 188
760 437
197 407
510 385
10 739
910 640
205 566
658 580
286 168
519 381
658 19
853 757
485 396
485 913
853 201
485 323
760 192
485 346
12 280
357 326
439 394
205 489
658 95
853 654
418 573
910 869
942 915
205 221
716 332
677 923
674 53
677 631
716 225
205 18
205 578
560 557
241 553
910 114
241 128
39 383
707 103
607 162
560 623
510 348
286 454
820 621
593 461
942 537
426 516
658 284
197 475
560 745
418 760
286 947
942 305
439 800
560 92
197 422
677 84
681 621
560 119
910 363
707 608
111 931
658 225
853 143
241 852
357 886
205 635
677 134
853 638
205 136
241 64
357 656
111 271
658 854
519 612
593 104
658 11
485 811
241 93
593 548
707 452
707 286
910 469
560 175
910 440
677 396
439 103
707 79
593 178
820 684
658 481
853 496
707 514
357 100
853 755
910 635
674 413
853 179
510 667
418 746
681 203
681 628
853 193
485 329
111 922
910 570
439 638
677 624
205 892
942 489
205 279
560 130
674 488
418 40
426 129
942 26
760 580
716 861
485 829
593 633
853 314
510 926
111 101
439 729
760 377
607 411
707 762
439 920
286 565
357 142
241 793
658 85
607 267
716 472
760 159
237 583
820 864
942 856
286 418
197 827
674 522
716 205
519 719
241 312
942 8
716 571
418 564
658 52
426 922
593 922
677 889
707 940
707 921
241 330
357 280
485 470
510 617
593 446
485 479
607 205
677 617
681 361
357 928
510 722
942 254
205 812
658 57
560 287
716 768
853 357
485 789
519 201
111 169
560 436
205 342
241 498
426 511
716 660
707 406
237 664
286 215
942 315
197 824
942 286
485 650
418 398
205 442
942 149
707 130
677 0
674 148
39 906
760 524
760 385
942 917
485 459
111 897
820 556
519 101
707 463
853 896
820 323
760 788
677 924
853 315
716 285
241 718
197 358
677 177
241 365
677 513
707 258
485 728
10 179
942 59
439 625
707 789
658 578
357 68
519 877
942 272
681 374
237 286
607 691
418 58
560 317
716 621
560 863
560 363
593 858
942 414
560 515
439 134
205 3
593 829
910 515
10 295
560 752
10 364
418 516
560 641
593 942
237 110
286 314
716 838
942 815
485 313
658 480
760 516
426 20
510 551
681 567
357 363
205 265
205 192
241 516
205 920
593 489
674 332
485 575
853 374
439 944
197 153
593 558
418 466
357 689
241 125
205 504
707 397
439 335
674 428
205 880
942 685
439 943
820 535
853 370
677 525
942 474
286 154
853 768
205 464
205 573
820 211
910 495
910 170
910 541
910 880
607 905
439 324
560 882
677 757
674 48
677 351
716 126
707 579
942 887
357 34
205 307
716 166
593 885
10 676
205 698
485 578
560 622
205 146
677 769
658 834
760 557
707 330
707 865
853 4
716 215
607 617
853 145
674 512
439 507
357 755
205 500
942 919
439 221
111 204
681 874
560 77
205 436
674 872
707 894
560 671
942 311
241 738
237 905
560 347
593 283
111 340
707 767
286 275
681 272
357 178
519 679
357 151
820 529
760 852
716 418
519 133
707 327
197 724
510 643
593 21
674 585
485 466
485 909
510 192
910 298
716 775
205 160
942 448
357 343
677 178
942 369
658 715
205 202
519 203
439 677
942 392
485 293
593 651
485 216
439 445
111 830
111 73
820 200
658 498
910 442
418 186
439 105
658 339
418 358
439 87
853 688
658 650
681 852
205 435
241 700
716 22
485 722
439 471
111 468
237 814
677 372
560 633
237 556
418 392
510 388
357 428
510 19
593 483
485 290
205 340
12 641
357 821
942 713
760 889
205 656
357 473
716 154
658 21
820 358
716 647
12 395
197 758
677 844
853 437
820 234
677 704
510 813
439 665
519 18
677 569
910 664
111 178
439 182
607 506
439 643
716 197
39 320
760 151
286 523
510 809
607 874
510 407
197 835
716 511
716 701
205 762
658 148
12 849
357 170
853 682
707 886
707 785
519 665
439 744
12 147
357 545
10 342
510 103
510 168
237 346
485 559
485 938
111 346
707 132
820 921
942 620
681 823
910 377
674 568
707 597
510 911
942 933
658 567
716 662
205 888
674 519
237 299
820 923
439 478
111 698
510 546
205 664
560 190
681 845
241 234
519 45
853 555
942 880
241 342
237 36
357 793
39 128
485 749
286 549
716 176
205 123
607 452
357 885
418 902
760 324
820 273
418 82
418 71
510 74
510 498
205 379
560 231
439 390
205 912
205 935
241 389
681 617
10 704
510 389
485 259
853 501
658 559
681 683
674 414
681 492
439 304
677 264
237 552
593 28
241 250
716 423
707 616
593 663
12 336
205 924
485 385
853 426
205 567
237 576
418 598
853 305
286 528
39 476
357 48
942 534
485 779
485 791
510 729
111 817
241 177
593 193
853 906
560 110
560 176
760 308
942 168
241 344
677 737
426 65
205 348
658 412
942 596
111 633
10 834
560 161
111 114
519 99
681 512
677 422
205 428
942 266
560 121
560 269
820 313
418 349
910 866
10 698
111 13
485 941
418 864
357 307
607 270
286 370
760 458
357 817
707 259
10 762
593 547
418 888
677 350
560 410
560 686
560 259
677 678
418 764
39 821
760 462
357 439
357 320
197 545
205 33
510 201
593 870
910 789
607 609
820 793
707 751
674 7
716 602
10 800
942 813
510 689
760 821
593 309
910 724
205 320
593 685
942 943
510 607
510 753
677 808
942 530
485 810
820 525
510 371
674 596
510 471
418 257
853 573
560 222
910 938
485 84
510 927
716 153
510 282
205 929
677 362
485 661
942 652
593 331
674 5
357 220
910 826
39 545
707 542
820 127
674 855
707 22
853 0
942 885
510 367
910 74
439 936
658 497
111 197
593 486
197 35
674 535
674 24
241 412
560 577
197 856
205 800
510 312
707 552
485 379
485 440
560 205
707 629
942 429
707 298
681 18
677 539
707 457
942 119
519 943
485 512
677 327
560 631
237 280
519 543
716 650
426 530
910 779
39 710
560 679
593 721
519 853
205 873
197 776
560 799
485 762
418 890
286 7
853 191
510 929
681 513
560 316
820 821
677 881
560 137
658 760
12 680
111 203
485 719
593 330
357 677
10 661
593 494
485 411
716 546
418 922
418 866
357 905
853 128
658 380
681 464
942 902
111 95
942 331
681 860
205 540
560 526
241 102
111 2
607 222
357 459
560 194
205 829
439 295
681 946
357 123
853 436
853 452
707 497
39 575
820 905
485 605
681 135
716 526
853 442
357 750
237 637
593 773
485 663
10 334
485 274
760 225
681 42
485 707
716 41
205 896
853 320
510 359
519 537
658 238
12 600
111 488
910 339
241 151
237 894
439 10
760 538
910 744
439 278
510 741
485 553
418 138
560 735
716 899
853 257
111 791
357 528
111 258
760 855
237 501
237 686
205 425
760 331
439 308
241 319
853 117
677 107
426 1
674 278
593 584
677 750
820 695
439 560
910 367
418 320
716 817
439 220
241 922
485 584
510 790
237 267
485 644
12 751
593 183
519 799
716 639
426 633
519 545
560 827
593 457
707 143
485 934
560 681
910 150
111 801
560 789
560 936
677 37
677 111
510 325
760 355
111 91
111 851
560 843
716 541
853 450
241 359
820 47
286 660
658 79
519 591
12 589
560 189
560 567
560 453
237 391
707 105
658 299
760 264
485 806
658 602
510 804
205 69
593 913
677 383
485 788
485 525
439 255
439 480
820 283
357 672
12 250
681 381
418 909
716 683
942 412
853 869
237 728
760 48
674 442
439 527
760 18
820 859
760 568
560 916
853 520
357 676
111 602
677 820
439 130
716 591
677 682
111 584
942 131
853 461
418 78
485 433
910 3
942 273
942 503
197 116
910 0
10 734
707 13
426 685
942 721
519 570
560 388
519 366
760 307
820 431
716 356
820 523
820 919
510 746
942 122
760 497
760 749
418 216
658 819
760 188
760 689
942 353
677 873
910 312
286 19
286 27
485 851
677 843
485 904
677 744
707 876
357 434
910 438
197 377
674 577
357 713
197 491
853 630
716 235
716 814
286 676
426 573
942 428
418 630
357 70
510 640
237 228
510 436
241 552
674 738
560 480
820 652
681 258
205 328
760 873
439 558
439 717
241 62
205 747
357 400
760 744
10 500
607 128
426 566
237 668
439 797
560 710
760 91
681 783
853 449
760 907
357 103
237 68
12 441
674 657
39 280
357 18
942 886
716 339
12 1
510 23
593 467
716 588
607 576
39 550
197 674
942 493
707 602
716 653
681 523
677 902
658 679
510 775
357 390
677 526
237 644
197 203
593 615
286 641
593 682
439 757
286 407
658 25
681 468
439 825
426 830
241 196
510 515
357 877
205 631
593 214
707 5
205 541
357 38
707 336
10 67
439 351
286 287
241 895
674 835
707 808
197 413
707 229
439 776
677 721
707 635
197 472
674 751
510 877
674 372
674 275
658 863
286 584
820 241
357 414
942 804
237 396
485 770
674 584
519 186
10 248
677 259
357 635
519 899
510 78
111 317
658 355
593 150
205 232
593 761
12 217
10 31
286 500
681 78
658 688
658 35
111 195
677 249
39 516
439 937
942 851
677 348
593 933
707 211
853 369
205 545
241 56
519 802
485 273
560 452
677 467
357 102
197 691
485 506
681 814
853 346
760 810
681 489
519 815
418 45
519 913
111 611
910 765
658 454
485 860
237 382
357 243
510 450
418 366
439 548
205 54
241 454
716 364
510 481
426 703
205 170
510 525
286 338
707 23
418 617
674 476
439 379
241 641
205 133
197 104
677 770
593 577
942 127
593 587
716 870
707 734
910 639
707 137
942 283
820 867
510 460
10 528
707 722
510 374
205 303
241 148
485 828
418 161
357 20
560 570
439 179
39 231
853 600
510 549
10 781
205 62
677 536
418 243
439 446
111 165
560 762
12 79
560 857
197 901
485 781
707 295
205 684
485 837
12 181
853 563
681 593
707 234
39 943
205 844
560 945
681 176
677 751
677 164
519 761
205 871
111 802
716 278
241 934
510 70
760 179
12 692
237 712
10 162
111 443
716 721
942 25
681 312
485 377
485 894
707 343
942 458
716 866
510 686
707 814
681 40
681 273
286 323
111 97
205 190
241 548
519 344
853 123
205 617
677 125
716 202
593 622
237 548
418 638
241 31
910 920
760 555
560 134
510 197
853 477
853 584
357 529
593 946
485 394
658 314
707 61
418 626
510 259
760 592
39 188
519 882
560 93
197 502
12 339
485 586
519 139
942 840
519 722
707 244
418 329
439 378
760 230
205 589
485 209
593 565
760 541
677 505
760 818
560 462
560 568
286 434
716 695
439 2
942 0
910 701
716 929
357 705
560 307
707 885
677 444
510 341
716 452
677 554
853 497
760 103
820 483
853 698
111 85
658 429
10 791
593 766
681 590
716 392
205 458
510 778
607 230
10 841
942 641
111 14
677 519
853 41
510 823
205 928
111 732
707 80
942 7
111 162
12 88
677 60
910 813
357 351
716 68
560 768
716 755
357 611
286 274
39 501
677 524
853 776
418 474
853 786
205 292
241 79
519 225
111 765
510 440
942 818
681 14
439 338
357 413
674 321
560 496
286 42
681 748
560 737
205 848
942 98
607 583
658 177
716 907
560 351
519 222
357 735
426 17
510 683
197 273
439 257
658 422
237 760
716 539
658 252
286 882
510 157
607 139
760 364
707 271
439 784
485 153
853 247
485 753
560 506
485 654
111 288
418 73
942 35
510 244
820 873
716 84
593 714
519 157
205 97
485 299
853 684
111 621
910 698
357 292
853 676
760 434
111 372
439 151
716 636
205 223
674 943
607 570
241 98
593 694
205 203
241 614
942 848
10 545
942 401
510 289
910 708
39 95
237 114
707 473
942 947
707 557
10 460
510 65
519 814
357 679
593 886
510 601
942 94
357 384
560 911
560 240
510 597
707 471
677 794
910 340
485 523
510 670
910 585
241 53
853 131
237 434
205 439
510 564
716 738
942 850
607 456
910 543
510 664
510 16
418 713
716 128
716 787
439 885
205 415
674 660
197 180
205 802
560 62
510 191
853 15
510 345
426 872
658 115
910 205
853 385
677 637
674 97
707 565
560 302
519 736
111 590
677 104
593 195
111 512
716 295
707 743
593 852
942 637
560 451
510 219
510 886
10 491
205 463
439 614
10 60
560 447
111 883
853 255
426 864
241 518
593 20
560 699
707 160
560 366
674 232
286 74
510 793
910 689
439 237
658 396
357 79
910 121
205 446
286 663
716 63
658 388
439 153
853 618
439 579
560 61
658 865
241 515
205 128
286 1
942 498
658 357
593 499
593 29
707 256
760 93
286 553
910 692
111 255
853 423
942 716
677 647
560 124
439 912
593 232
760 621
677 43
111 921
111 568
485 392
853 199
853 244
560 115
942 662
205 749
286 558
853 807
111 908
111 44
658 428
519 112
241 139
593 49
560 734
418 201
681 177
485 886
658 402
716 325
674 609
593 597
760 111
707 442
39 454
205 106
910 55
510 935
439 778
241 692
593 778
510 264
658 82
485 521
357 381
677 503
677 692
716 524
853 339
197 796
607 239
205 361
485 429
593 194
942 837
674 179
286 414
716 906
485 825
760 363
418 695
820 247
519 805
39 51
716 932
707 573
677 922
237 805
237 411
485 933
760 329
286 153
681 672
658 778
760 177
910 743
942 931
439 149
418 895
519 739
853 356
439 626
241 204
485 812
357 516
519 822
418 848
241 376
707 138
820 467
439 370
111 608
510 739
560 415
677 817
677 681
942 777
677 202
510 50
760 421
716 561
357 806
485 839
674 325
853 564
197 670
426 254
10 815
716 31
674 224
560 667
910 775
593 741
237 0
510 585
716 177
510 944
681 516
681 580
485 306
820 81
439 473
485 702
910 497
237 741
681 544
716 283
439 431
853 817
593 275
197 53
510 932
910 441
707 434
439 286
111 444
485 945
12 760
593 594
716 533
439 432
853 739
707 610
510 609
560 574
760 715
237 157
677 309
942 50
658 794
485 422
510 273
681 724
593 345
910 516
607 536
418 651
593 567
197 124
286 132
677 172
519 308
681 112
716 538
519 332
607 693
418 452
942 750
197 492
853 558
237 1
681 849
820 882
820 89
241 491
820 639
760 245
12 210
677 591
853 780
853 401
418 839
485 725
205 271
197 739
205 313
853 651
111 281
241 2
593 802
560 219
658 220
10 719
607 651
716 868
658 334
853 20
439 667
357 375
942 339
10 749
593 317
760 569
716 901
197 871
439 823
12 340
853 875
241 121
111 31
357 671
681 841
485 823
942 657
681 91
658 103
560 790
418 288
241 729
357 565
707 302
111 809
485 822
820 705
853 304
286 111
942 592
593 908
205 137
241 201
357 536
674 463
197 364
510 516
357 411
853 345
197 70
439 68
418 758
707 167
760 383
853 713
357 226
510 922
560 725
485 883
357 113
485 513
681 436
485 931
760 352
510 155
681 668
681 146
197 578
820 508
439 408
607 208
241 528
426 803
439 292
658 629
853 16
674 370
707 62
707 603
241 186
418 274
716 318
205 346
237 360
658 362
237 739
439 11
560 592
607 919
197 102
197 24
658 595
560 873
439 523
357 85
560 693
418 47
658 224
560 870
681 295
111 946
197 801
286 256
910 450
716 119
241 229
942 415
707 654
426 855
418 677
439 285
510 630
418 121
510 1
111 123
426 800
942 113
111 686
760 149
716 902
205 19
111 532
205 936
560 507
286 109
593 800
716 55
593 18
205 492
593 401
237 314
485 621
674 58
707 783
237 339
677 776
237 330
418 593
760 463
439 487
760 439
853 567
942 849
607 388
197 729
560 499
197 280
820 744
677 930
707 455
820 424
205 930
942 854
205 676
10 589
510 409
760 608
519 408
418 136
716 276
853 84
677 194
357 82
485 112
485 940
205 233
607 555
418 845
853 321
12 292
418 281
853 706
707 638
205 384
677 415
607 147
820 692
205 258
853 49
519 590
205 240
593 163
910 313
39 30
241 838
241 800
760 379
716 443
716 733
237 468
510 519
418 489
677 706
910 496
485 808
510 876
10 583
485 366
205 177
853 502
418 872
707 321
658 617
560 386
111 408
760 374
593 573
510 682
677 579
942 144
607 855
197 558
510 752
942 843
286 542
853 316
677 728
510 534
205 230
439 79
237 817
205 894
439 738
237 660
658 735
607 148
485 652
707 7
707 551
510 536
357 823
205 890
707 44
418 859
707 191
439 581
820 5
418 383
658 432
681 758
560 278
853 294
593 693
286 504
853 296
707 84
205 868
677 915
760 214
820 602
560 719
439 330
760 897
707 490
10 347
760 336
10 754
658 114
716 638
418 340
820 616
760 520
439 699
205 693
111 856
560 387
658 164
241 841
286 834
820 574
593 756
205 598
519 528
681 794
205 419
593 90
820 732
820 631
560 478
593 392
593 523
418 179
593 518
716 829
853 57
241 640
418 655
853 640
205 365
519 370
510 675
593 5
716 552
677 223
485 23
237 841
707 848
942 396
197 512
942 210
39 723
426 754
910 648
942 828
820 255
707 718
820 270
418 265
910 410
418 302
510 771
439 293
439 752
593 731
593 323
707 746
560 82
286 249
760 624
707 421
485 792
593 903
485 601
286 112
439 215
707 323
519 849
593 425
760 126
853 871
681 524
716 554
677 587
820 708
681 48
942 347
677 12
510 59
593 158
418 368
560 751
853 791
942 935
485 567
197 913
510 320
593 664
519 583
593 236
205 198
205 409
910 272
439 268
10 238
12 317
716 933
910 418
677 357
10 864
510 315
820 604
439 871
593 391
418 424
593 134
485 417
593 589
197 314
205 856
681 505
658 726
12 575
853 114
853 248
510 467
111 108
197 14
237 855
853 390
418 642
707 875
10 605
760 403
677 432
716 840
560 312
418 645
681 414
205 552
607 28
357 127
853 836
716 710
39 442
674 74
286 580
197 560
658 851
10 340
677 535
760 131
357 485
205 216
760 206
716 314
286 267
286 307
197 513
658 561
439 650
677 511
485 252
658 217
820 497
760 628
658 118
560 688
439 509
560 628
510 766
677 858
237 381
760 190
853 540
593 343
111 680
910 207
820 489
485 311
716 549
707 110
707 424
39 922
357 391
658 404
426 715
593 634
205 942
439 150
286 825
439 859
942 930
677 338
10 535
510 222
716 793
760 293
439 326
593 906
593 853
205 475
716 794
197 270
111 295
205 44
205 787
607 692
658 178
677 897
707 712
241 697
820 866
820 377
677 549
418 686
942 771
942 907
593 76
197 223
39 313
942 923
853 272
910 458
12 633
760 85
677 341
707 581
853 812
286 413
942 638
357 347
197 535
205 785
205 166
677 129
677 238
286 758
286 513
716 862
510 531
560 294
681 876
716 397
286 626
510 923
760 340
942 281
439 119
418 610
560 907
10 370
485 135
439 915
560 609
426 712
357 835
205 755
716 496
357 61
286 230
716 590
658 207
357 554
707 778
510 413
418 113
418 879
658 895
286 35
910 171
760 631
510 354
677 431
485 191
658 466
760 217
205 575
942 454
241 762
418 691
910 757
286 224
519 705
681 17
716 239
760 270
418 491
485 424
593 816
237 633
205 269
510 543
560 889
426 24
519 645
560 357
357 608
439 207
707 757
519 918
677 772
707 42
716 271
205 657
197 215
820 739
205 849
205 276
716 566
658 100
681 93
681 278
485 285
205 341
426 385
426 210
820 354
205 142
439 262
760 262
439 14
485 145
426 374
593 617
418 372
357 512
593 944
658 812
677 118
607 463
677 947
205 559
760 235
707 942
853 205
510 914
658 455
205 187
820 884
205 688
12 890
439 494
510 125
677 386
510 221
241 147
910 527
12 808
658 786
681 392
39 360
241 213
286 179
593 157
593 132
418 674
418 495
205 138
12 644
716 44
910 389
241 124
237 109
485 715
707 618
674 299
560 733
286 931
658 756
707 574
510 833
519 531
593 496
560 597
760 430
241 274
10 908
716 703
485 594
111 313
418 303
357 775
357 933
942 492
760 902
593 126
853 723
485 3
357 500
519 311
716 405
707 145
12 522
241 265
357 355
510 631
707 546
237 476
674 21
418 884
910 563
910 739
560 335
286 387
205 728
111 624
12 459
677 20
439 485
426 313
205 63
853 17
942 515
510 376
12 523
910 406
760 204
607 760
593 541
560 296
560 460
286 576
10 506
593 824
241 880
418 52
707 178
111 582
205 791
197 590
111 918
510 352
197 157
39 278
241 309
658 600
560 131
439 645
707 384
677 388
205 584
39 582
910 300
707 898
241 848
357 578
677 423
12 125
510 235
111 221
942 645
439 834
853 907
519 195
658 538
418 351
485 814
910 575
357 229
716 919
910 576
607 755
111 38
593 765
942 859
820 387
677 418
707 123
510 580
607 396
111 913
942 227
560 700
357 747
12 274
607 668
677 433
111 902
910 926
197 476
439 364
674 374
853 395
760 833
485 483
820 840
674 696
674 500
111 328
426 473
910 256
286 219
39 378
607 738
677 559
241 140
439 400
560 211
197 531
12 874
510 76
593 119
674 541
707 708
485 917
942 22
707 841
716 712
241 549
510 542
658 643
760 226
485 181
681 712
12 660
942 766
197 206
910 621
853 478
485 505
942 92
853 662
677 717
241 181
241 874
593 537
205 17
760 633
237 693
418 233
237 885
560 336
426 400
677 165
197 741
658 184
658 144
485 471
426 653
942 778
510 397
237 847
593 13
853 469
111 335
681 626
820 102
10 872
681 179
357 214
910 644
910 771
942 838
418 707
681 102
760 751
241 362
241 741
426 882
286 93
593 417
910 262
942 543
485 685
237 249
677 1
111 631
12 815
418 947
593 238
205 827
439 898
418 476
560 245
716 658
485 538
510 697
510 571
241 825
519 838
439 28
197 705
286 300
560 150
241 267
205 837
607 849
560 842
357 577
658 283
681 314
237 736
485 895
237 827
197 248
357 269
519 121
716 420
357 241
418 705
593 60
658 549
716 162
593 192
942 839
677 612
197 789
197 208
205 42
942 241
593 337
205 362
593 133
853 596
560 55
853 258
658 439
510 473
716 101
519 548
197 734
418 787
439 824
286 645
853 318
485 744
560 323
510 810
942 12
418 548
560 674
942 185
910 685
439 755
205 92
942 864
197 320
681 27
853 98
593 358
853 734
197 442
111 826
716 654
519 106
677 472
241 230
241 317
942 61
677 762
241 826
820 491
241 460
485 268
593 556
760 677
681 705
910 728
853 127
942 522
560 521
357 814
853 39
205 440
357 834
560 442
205 636
418 938
942 296
716 688
942 408
760 280
681 129
853 643
560 148
439 763
707 413
716 25
418 795
439 357
607 794
510 469
426 838
357 906
760 362
510 72
910 11
286 712
237 526
853 603
510 258
760 858
10 378
942 413
707 839
681 265
560 673
681 351
677 171
707 943
942 247
510 387
677 100
560 465
820 830
286 800
418 587
707 37
418 511
439 452
593 465
910 864
485 596
357 338
760 261
677 64
607 414
205 414
439 127
519 749
593 507
357 594
560 116
485 486
241 374
707 10
357 708
510 866
111 795
942 558
237 849
853 652
357 526
674 298
418 824
593 681
241 398
510 209
519 680
607 596
357 707
485 432
237 901
357 728
760 513
658 790
677 80
707 264
760 429
418 536
510 265
510 461
560 639
910 292
205 404
707 282
519 556
658 120
485 799
820 528
237 201
607 877
942 193
10 87
716 833
560 448
237 283
485 624
439 590
418 92
286 560
485 227
677 335
510 648
674 815
519 553
205 826
510 429
593 719
707 655
205 153
677 789
674 817
418 623
485 767
237 442
418 286
560 906
485 238
593 103
111 102
674 778
357 66
237 684
357 582
426 232
418 828
485 879
560 39
716 94
593 876
716 419
205 207
357 198
760 99
418 522
197 176
426 909
485 109
607 365
241 931
510 216
418 250
560 4
418 819
357 888
853 696
853 322
205 367
510 602
197 922
10 664
418 494
241 188
716 600
439 815
707 642
237 91
707 701
910 715
760 59
485 25
716 42
716 345
205 685
205 149
485 468
357 332
357 616
485 147
357 758
485 721
560 585
485 93
942 379
593 271
942 399
357 506
286 648
111 184
485 819
241 772
560 24
39 744
241 434
716 521
10 360
607 461
426 491
510 57
426 461
910 40
237 938
674 208
716 677
707 882
942 833
439 152
510 44
485 519
942 814
707 846
485 74
593 814
677 746
485 384
681 299
593 472
716 577
677 791
760 142
510 431
658 205
853 693
205 58
910 356
677 367
760 232
760 612
681 842
510 503
439 93
439 365
205 510
716 324
12 299
12 535
942 587
607 277
205 369
560 325
111 170
681 655
853 300
286 340
760 58
760 10
942 623
760 700
357 456
237 597
519 535
418 295
12 223
418 337
439 539
111 596
439 759
510 638
357 81
418 754
942 906
111 345
658 826
942 678
510 13
593 424
12 803
485 499
942 242
241 476
910 791
560 238
677 608
910 390
439 914
510 41
519 596
593 180
593 402
510 205
286 616
357 567
593 830
658 610
677 507
286 668
760 733
677 174
418 943
607 922
426 180
111 545
439 21
853 302
519 51
510 45
607 346
681 67
593 405
658 333
910 417
205 252
241 69
760 250
519 813
607 800
357 247
197 853
707 483
674 2
593 114
439 106
418 647
197 641
658 320
707 472
111 397
760 189
942 810
820 202
39 381
111 353
439 554
677 864
426 905
942 176
677 72
677 632
677 156
12 741
716 185
942 327
237 738
439 321
681 434
418 143
607 676
910 591
357 418
853 422
707 769
205 225
677 626
677 441
357 491
418 755
510 854
485 696
439 779
241 610
510 438
853 895
674 882
111 679
658 251
439 536
485 467
677 181
241 475
607 299
681 6
677 49
607 908
560 744
357 342
439 816
286 456
910 608
439 868
205 68
197 906
439 312
853 38
707 266
658 772
418 826
426 345
237 883
510 764
677 642
111 231
681 270
910 500
681 572
510 472
241 65
942 853
942 455
820 446
12 389
510 797
910 600
197 101
205 538
111 168
286 28
111 794
593 239
853 159
418 390
439 657
418 565
111 800
942 232
10 691
426 230
607 347
681 541
820 835
910 97
485 636
707 788
205 356
237 473
716 316
12 938
560 803
910 395
707 624
716 499
418 394
439 896
853 311
677 371
853 428
658 43
10 265
286 30
607 484
241 913
39 389
197 680
760 129
485 350
439 884
205 900
10 502
10 685
716 98
560 829
111 668
485 425
286 320
357 474
439 867
10 565
853 92
677 905
942 441
286 405
357 51
357 27
853 796
707 340
593 528
205 448
707 643
942 465
658 67
485 697
510 606
12 695
439 97
439 756
12 486
677 200
485 733
241 88
560 509
760 871
237 167
485 360
853 531
237 725
658 946
942 138
426 338
357 40
560 132
716 657
716 767
677 880
677 780
593 611
510 880
760 380
674 459
241 526
205 939
716 242
426 360
853 641
439 156
593 127
677 688
485 215
241 143
853 414
286 749
674 383
241 76
853 276
593 941
942 897
677 398
560 596
677 870
820 790
418 693
426 819
760 195
677 130
677 779
593 613
205 385
485 303
205 431
418 301
237 882
439 44
942 791
942 847
607 449
439 259
760 512
39 676
681 902
607 562
241 162
853 840
418 752
942 74
439 652
607 391
439 307
560 900
205 290
658 332
485 643
439 325
853 937
197 98
707 446
910 539
241 368
286 372
510 830
658 640
39 841
853 229
560 14
197 865
519 377
237 850
510 31
439 78
677 36
485 946
910 491
197 325
716 351
510 92
707 910
677 805
439 584
658 800
760 146
910 663
607 138
593 423
820 868
439 742
681 576
820 411
237 232
510 217
510 888
560 504
853 364
426 112
237 97
853 823
560 306
519 194
853 101
439 556
593 40
205 250
560 792
674 627
677 216
760 632
241 452
111 128
593 550
111 909
760 465
716 224
716 296
677 382
439 86
286 228
716 593
485 275
485 452
942 796
593 627
418 710
716 43
510 840
853 935
241 850
607 412
357 25
286 604
286 585
439 145
560 613
942 194
39 590
519 500
681 710
560 216
677 928
418 735
510 184
12 668
510 644
519 733
241 400
658 700
760 725
593 826
439 361
418 69
760 707
658 597
439 492
853 852
593 65
853 239
658 293
510 408
12 827
716 341
560 283
286 855
241 864
674 580
820 472
241 632
674 847
197 302
674 650
418 531
707 149
760 268
593 124
241 81
111 782
707 606
418 600
607 719
853 865
418 791
237 128
485 889
760 597
707 320
418 661
111 321
418 425
197 817
560 924
485 698
560 858
357 104
853 292
519 115
820 139
658 344
357 547
677 863
942 231
820 872
39 855
942 71
426 135
910 489
197 396
942 473
593 203
560 736
439 143
853 173
820 877
707 224
12 570
357 729
593 481
707 233
910 835
10 741
760 650
286 62
560 874
658 71
820 901
418 388
593 349
853 116
418 702
357 231
910 691
593 665
593 883
205 451
560 576
910 91
593 660
357 300
241 205
485 487
485 427
237 295
853 417
593 566
205 234
820 752
205 249
760 368
197 686
942 86
439 110
205 725
418 917
426 636
593 820
658 457
593 782
197 738
820 626
205 859
716 91
853 26
677 255
426 549
111 356
510 811
439 427
681 413
942 278
681 66
716 834
716 168
716 856
677 193
760 143
820 307
241 101
205 306
820 582
237 385
677 533
707 104
485 563
439 727
418 806
357 589
910 374
439 561
12 703
658 939
820 526
681 204
760 337
853 14
658 550
560 195
426 823
707 740
439 805
910 457
439 533
519 511
707 923
357 425
286 114
681 427
716 696
677 910
853 256
910 147
853 513
560 517
205 793
560 778
560 166
716 156
12 515
241 598
593 376
593 94
439 135
197 621
418 84
439 681
418 550
241 78
241 439
439 874
942 635
418 215
237 250
707 223
677 732
205 296
658 601
677 364
485 737
910 782
205 870
707 668
677 501
607 846
681 459
658 672
593 372
10 219
658 391
237 364
658 105
820 625
197 883
607 553
485 172
111 627
853 609
681 28
677 576
942 715
237 285
237 624
674 98
820 284
677 944
677 777
485 592
593 675
760 454
357 636
560 830
197 934
111 760
593 785
426 204
853 646
677 866
197 828
111 855
560 202
519 501
674 147
681 754
418 569
853 169
286 260
658 91
674 181
485 662
237 702
942 142
237 703
593 172
853 399
426 225
286 207
241 216
707 555
357 882
439 806
426 223
760 186
439 101
241 616
241 320
658 471
439 596
197 389
681 718
357 503
677 94
677 800
942 196
197 292
607 241
519 743
237 502
485 754
560 6
357 588
426 568
674 716
677 313
820 1
510 734
241 258
418 156
485 318
716 315
560 224
681 352
197 34
510 86
677 342
853 860
485 198
418 311
286 651
111 906
716 1
39 88
418 317
760 925
510 4
418 203
510 692
607 179
439 709
593 78
853 297
439 688
12 114
942 11
111 395
418 780
286 657
607 88
853 380
853 148
510 945
910 22
12 270
10 789
205 823
674 272
716 34
820 85
357 301
707 652
658 30
593 244
485 826
942 5
681 536
593 74
560 146
485 884
485 845
197 62
241 262
205 926
820 717
197 266
418 503
593 88
593 11
205 833
593 604
942 30
205 398
205 89
439 701
10 247
820 412
677 825
485 24
942 572
677 921
716 824
942 712
853 465
820 601
485 232
485 108
485 776
677 627
426 320
205 876
942 416
426 832
593 907
418 441
760 887
716 624
439 19
111 70
111 374
111 259
197 137
674 125
357 447
418 149
593 7
205 273
237 223
910 714
607 493
674 27
510 186
681 685
10 292
510 718
485 120
707 78
197 795
519 826
357 534
942 565
707 270
607 515
716 380
658 13
357 319
593 609
485 684
760 259
593 155
510 867
12 194
241 422
677 68
707 392
12 566
439 345
707 659
942 631
12 197
485 16
39 248
681 543
39 106
674 515
439 249
439 25
418 271
357 644
707 540
853 510
942 460
439 402
439 34
707 53
485 162
357 303
677 203
286 826
942 381
677 446
286 408
205 393
593 544
593 101
760 75
10 214
820 17
439 788
760 311
658 17
853 118
418 54
760 367
658 161
10 616
658 667
910 865
560 234
241 898
485 334
111 606
674 320
439 33
607 351
197 126
658 789
853 741
519 759
820 698
658 738
942 282
942 45
418 50
241 141
820 922
593 605
111 107
853 718
237 505
205 316
241 894
439 743
205 193
10 703
439 359
853 212
658 202
439 382
418 694
519 215
820 522
560 932
942 531
426 381
853 412
677 123
241 746
853 712
942 375
593 312
237 215
677 438
237 551
39 125
241 810
357 739
942 363
485 687
677 498
439 358
10 390
241 486
519 703
853 936
205 197
707 454
241 363
205 612
519 589
439 296
418 211
510 699
510 446
510 808
357 462
853 172
418 560
560 145
658 356
205 818
677 711
439 91
681 686
677 102
439 298
439 222
237 332
439 403
560 528
853 847
942 621
560 364
707 531
510 423
510 275
510 489
681 813
677 500
707 589
357 592
674 834
677 435
197 99
942 442
426 423
658 345
707 561
485 160
205 518
658 565
357 650
12 247
716 522
942 752
853 402
10 522
853 626
111 665
439 440
707 370
286 639
760 356
10 121
205 531
418 632
241 38
286 531
357 864
853 614
942 644
426 370
910 328
286 865
681 408
760 573
485 407
205 706
418 537
658 931
485 63
593 530
658 426
510 861
593 871
853 519
485 572
418 330
593 98
942 551
853 5
707 49
853 209
560 550
707 150
439 270
707 684
439 472
760 761
485 473
485 912
357 344
519 109
593 54
439 917
418 793
658 524
677 457
510 672
485 712
853 58
519 491
510 22
674 193
560 831
593 734
560 578
197 736
607 343
716 485
10 365
910 284
942 147
707 492
241 703
820 378
707 617
674 264
910 810
677 155
853 133
439 406
426 521
681 442
853 317
10 710
760 104
485 800
677 718
593 254
760 726
39 758
820 388
681 676
853 539
942 337
357 505
205 284
205 731
820 250
677 347
485 288
760 862
12 24
716 776
910 120
241 853
111 396
942 249
681 254
111 882
658 124
942 834
418 701
716 212
681 292
205 595
357 901
674 253
510 668
418 451
439 433
560 338
418 106
418 473
853 851
205 24
716 743
820 24
658 495
560 74
607 817
519 472
760 39
658 612
357 63
607 321
439 586
607 830
677 933
593 497
853 775
820 696
10 410
677 120
237 673
593 326
418 312
674 59
12 300
681 310
39 193
197 28
510 806
942 440
205 519
820 710
681 755
510 188
677 891
439 85
760 551
853 340
853 37
205 374
716 785
820 220
197 167
760 121
357 412
426 132
241 299
707 382
519 922
820 351
942 1
607 405
560 80
760 711
760 476
418 535
760 36
681 866
910 472
357 772
677 875
820 62
677 293
820 906
760 485
674 110
707 503
716 88
197 323
241 858
760 23
942 567
658 548
205 460
942 601
439 52
510 849
593 863
593 583
485 235
510 532
674 25
707 933
942 911
658 53
439 869
560 248
760 79
519 641
418 853
560 439
439 694
942 562
681 518
942 718
760 663
439 476
681 840
593 308
560 449
674 400
593 854
205 235
241 804
485 820
910 139
677 477
197 265
510 940
853 522
716 417
357 89
485 510
485 76
716 877
485 14
241 203
519 566
197 174
716 274
760 147
674 505
560 546
205 360
286 58
237 178
942 793
707 547
510 835
510 207
197 494
426 231
853 34
942 359
439 510
677 363
707 535
716 501
707 470
910 459
439 48
205 910
681 578
560 820
357 718
519 89
853 61
681 824
942 869
519 568
418 146
942 696
485 206
205 590
10 262
205 526
439 170
760 78
560 659
439 733
12 450
942 420
942 743
658 721
942 285
357 195
519 91
707 786
560 583
418 421
418 761
439 534
286 472
485 921
510 770
510 755
942 53
593 206
593 515
519 422
510 504
485 711
197 11
485 362
760 815
716 810
658 936
418 356
439 863
286 389
942 221
39 110
942 677
942 871
760 930
439 804
205 32
560 46
39 422
111 370
677 799
677 154
677 409
241 357
607 765
677 333
241 236
820 19
205 898
418 597
716 374
241 215
519 111
942 386
418 923
510 562
593 351
942 253
111 220
910 587
418 934
707 863
853 533
560 339
439 931
607 82
439 372
658 866
560 835
707 356
205 847
485 99
677 542
10 564
681 540
820 924
677 210
237 13
510 85
237 454
607 55
658 655
942 376
707 850
853 526
820 304
241 89
658 372
681 892
510 106
677 544
910 301
707 527
241 550
593 888
853 9
426 377
205 714
760 263
357 841
658 359
519 426
760 20
205 933
510 425
241 501
560 99
560 818
593 855
357 360
560 834
237 245
942 262
760 927
485 897
910 88
485 922
241 313
707 45
426 939
593 810
677 206
593 310
677 67
607 928
357 396
197 806
418 468
820 381
485 31
510 720
39 228
439 601
607 332
111 684
426 43
560 177
485 5
485 58
942 24
510 659
510 241
10 413
677 376
681 397
10 591
820 112
357 719
519 84
237 790
942 584
519 833
707 261
607 111
237 85
716 95
241 144
674 63
677 180
510 384
681 804
560 640
519 781
910 583
707 342
853 789
716 248
439 846
519 459
510 242
39 201
760 667
357 609
485 369
286 195
658 485
39 132
593 828
439 660
760 423
820 444
197 372
760 412
205 354
674 493
10 407
607 201
485 622
593 390
942 764
658 906
674 304
439 897
674 605
716 661
357 129
418 690
197 783
593 563
760 789
286 524
607 65
707 173
658 553
560 322
707 448
560 937
677 332
418 231
658 674
677 442
357 856
510 181
237 207
707 651
760 14
942 13
12 789
510 884
205 484
439 230
716 673
560 90
111 250
418 799
286 633
205 124
205 917
707 584
439 589
560 883
716 885
357 165
707 738
286 741
716 739
485 195
205 776
485 700
760 16
707 784
205 155
418 858
510 761
820 265
910 473
485 111
439 707
942 91
12 530
593 492
418 712
707 536
658 134
716 637
12 116
760 375
12 493
485 627
760 272
760 582
560 340
707 912
677 785
10 473
677 465
237 43
716 852
658 132
853 758
707 901
111 455
942 72
681 502
197 295
607 660
853 650
942 779
357 311
658 624
439 340
485 86
510 540
418 26
820 254
510 737
439 4
942 425
674 755
439 136
560 475
593 79
197 454
707 716
593 48
681 564
593 649
439 393
439 515
357 776
357 860
716 383
910 625
418 663
241 525
760 134
760 148
707 163
716 708
426 407
485 481
485 202
519 803
560 368
439 444
607 501
439 460
853 887
205 347
677 70
593 370
510 164
485 169
439 327
510 456
677 639
853 717
510 281
607 340
237 528
485 903
485 832
10 372
760 297
942 446
681 290
197 712
418 282
681 24
519 411
241 676
357 805
439 396
418 395
241 765
418 927
237 933
439 830
942 619
237 771
12 872
560 914
658 596
658 788
716 366
707 796
674 43
942 360
593 315
357 762
241 32
560 881
593 129
760 772
205 224
418 352
12 913
418 162
942 636
241 855
658 337
485 127
439 448
237 902
519 610
560 893
241 877
853 267
241 872
760 796
593 910
237 51
658 472
707 935
674 760
560 3
439 653
677 625
560 629
12 925
853 28
418 456
853 728
426 580
677 462
205 568
241 836
677 925
942 903
426 327
674 743
39 830
241 573
677 735
942 615
677 228
560 801
510 220
237 2
716 230
237 145
205 222
205 884
237 530
510 171
439 442
510 637
426 501
560 661
439 155
439 689
910 943
485 287
760 861
510 214
716 845
519 184
707 101
853 47
439 147
593 702
760 521
853 147
418 148
418 107
853 683
418 234
760 750
677 337
658 70
418 323
853 898
357 600
12 940
485 56
593 120
820 298
418 315
357 255
485 805
674 919
593 703
593 923
942 723
519 296
658 483
560 79
942 108
510 133
593 485
942 110
658 75
681 629
910 360
111 26
485 472
10 751
716 471
760 910
681 882
439 604
853 659
658 186
760 255
12 826
418 796
593 813
510 183
910 288
205 321
707 433
677 633
426 741
607 859
286 358
707 18
560 284
10 921
205 503
593 379
197 838
910 672
237 154
820 443
205 0
593 904
426 295
707 619
820 506
593 478
677 745
560 899
510 889
760 112
197 909
593 346
426 711
593 444
674 497
658 392
942 424
418 458
677 65
205 786
707 831
853 333
910 247
418 618
357 622
439 411
593 749
286 842
485 518
942 552
560 931
820 799
593 366
716 92
426 384
560 757
426 762
510 81
485 101
658 227
716 415
716 311
658 290
674 485
439 122
418 931
418 649
681 32
485 266
519 785
942 937
674 663
593 648
942 228
12 632
658 628
658 928
418 842
426 258
658 888
593 786
286 55
707 241
560 804
197 9
853 59
510 584
357 873
658 145
418 114
439 29
820 417
197 593
205 781
357 558
111 486
593 22
510 497
197 236
418 109
820 666
439 875
197 63
418 633
439 680
607 818
853 810
942 325
39 295
677 247
510 795
677 473
439 498
357 433
205 336
760 945
853 419
510 494
241 511
853 504
357 585
942 706
593 540
12 377
439 855
760 248
519 691
942 485
593 735
593 456
439 576
241 132
942 884
510 358
707 159
853 872
760 133
241 822
942 366
519 908
760 452
205 520
716 77
910 556
10 98
418 470
820 325
485 730
439 886
560 331
910 671
942 237
241 24
12 687
10 541
286 751
677 900
485 193
205 902
111 528
716 831
677 761
716 887
39 849
357 39
820 781
237 724
357 415
485 681
205 721
439 265
760 518
519 414
716 322
674 516
760 864
10 83
658 473
439 188
707 847
510 556
286 913
853 393
237 566
658 592
39 803
593 186
853 375
111 748
439 772
716 229
205 558
485 598
418 393
681 144
205 88
111 98
418 657
357 440
418 847
658 593
439 128
197 456
910 645
205 836
658 852
853 611
485 131
111 79
197 269
853 893
674 489
942 553
519 505
716 87
519 648
357 268
658 247
439 591
658 78
519 98
707 30
357 167
560 173
241 721
286 778
820 45
707 803
853 617
820 429
286 735
418 209
357 815
485 651
820 149
707 820
942 152
707 857
357 861
510 920
677 22
560 915
357 662
593 112
241 744
439 317
677 471
677 162
560 761
677 662
241 815
658 281
760 249
205 633
942 748
716 913
593 72
820 721
439 0
593 259
942 42
674 854
853 521
418 21
942 768
707 715
111 705
716 820
418 254
111 459
241 533
853 338
677 768
241 479
910 393
681 589
510 140
418 501
357 660
205 678
205 570
674 871
942 767
910 504
485 741
760 870
237 204
439 109
39 219
760 171
853 141
716 876
910 18
681 521
593 234
12 501
853 2
716 2
519 696
681 740
716 532
716 387
485 381
716 250
418 141
485 726
677 274
853 144
658 488
510 117
760 196
510 582
12 500
658 594
439 240
241 279
205 666
510 538
510 392
593 221
111 120
418 777
485 463
205 13
760 354
760 98
853 69
677 152
820 120
241 390
357 313
658 93
677 291
716 400
760 644
485 87
197 172
439 224
760 90
853 291
942 555
241 126
853 389
593 716
485 20
39 147
111 51
820 357
205 737
519 85
439 397
418 102
942 609
485 867
205 702
681 235
439 722
674 527
853 834
241 727
716 382
674 823
681 178
677 250
674 180
942 705
12 673
357 722
418 206
942 450
485 460
593 353
510 26
681 250
10 210
593 131
716 857
707 870
707 739
707 290
910 231
707 278
237 126
593 335
593 661
241 537
241 260
853 236
560 625
111 22
677 101
439 684
820 943
418 697
681 30
910 885
681 202
760 50
237 304
510 577
237 197
674 365
519 807
439 572
677 714
241 174
658 523
942 759
593 801
560 400
677 456
519 271
439 212
853 507
439 219
12 85
593 522
418 802
439 69
707 75
418 51
241 28
418 513
560 103
205 682
716 867
593 350
910 668
286 332
607 397
707 67
357 483
674 121
357 458
560 30
716 884
910 299
942 812
658 14
853 632
439 723
205 668
942 589
674 621
760 602
593 875
426 261
439 235
357 661
439 70
205 554
674 270
677 262
439 180
510 326
707 307
760 658
677 173
677 869
111 82
760 781
674 231
205 35
942 626
560 627
942 569
760 553
418 932
560 691
910 1
485 397
205 343
439 453
716 945
286 101
942 790
237 547
681 610
439 567
593 818
286 803
677 449
760 314
677 687
942 666
519 668
853 571
111 401
674 826
681 585
707 775
674 120
658 165
485 270
677 261
910 181
674 133
111 1
357 119
593 298
760 431
707 324
942 384
942 58
853 677
760 794
677 24
426 454
205 141
707 9
942 115
674 458
485 570
439 166
760 15
820 290
519 905
853 628
674 126
681 132
12 201
111 217
205 219
485 531
593 713
10 492
111 239
357 827
593 640
942 710
485 171
681 405
820 712
485 192
853 411
10 892
286 410
853 607
910 548
485 532
760 228
716 718
418 615
853 459
853 91
760 686
716 321
439 679
439 404
111 47
560 743
760 471
681 895
237 111
593 646
418 857
942 172
707 515
519 149
658 696
485 434
241 430
241 751
510 395
677 859
286 374
439 557
286 364
853 376
357 653
510 335
205 694
707 247
760 321
510 669
111 355
910 436
607 805
10 232
10 640
716 89
593 399
111 342
674 313
510 893
205 226
716 722
439 622
910 2
197 872
205 606
237 778
760 411
707 874
241 131
658 722
560 359
418 34
560 139
241 668
658 902
237 412
560 157
593 445
357 98
241 238
205 403
418 768
560 940
197 207
820 97
439 888
205 332
760 174
560 183
357 273
485 693
439 430
197 702
942 304
439 503
439 941
910 146
820 917
560 149
716 411
205 297
593 284
485 626
760 879
241 443
820 361
205 211
677 461
560 704
205 529
439 754
593 430
485 533
286 596
593 440
197 515
942 398
426 107
237 153
677 69
760 461
241 869
820 141
357 203
593 246
910 815
658 840
716 287
205 739
439 609
681 640
820 148
418 291
439 181
853 692
707 904
607 325
197 410
674 449
560 361
716 823
426 409
205 38
942 913
942 608
357 749
593 493
707 615
681 207
560 682
418 435
593 208
197 317
707 390
707 918
241 817
439 344
485 853
674 626
241 5
485 648
760 469
357 816
942 925
439 467
205 697
510 745
760 495
593 917
510 84
519 345
607 781
205 322
853 206
853 772
426 931
677 729
820 715
439 173
658 6
560 371
674 791
205 940
241 784
510 721
439 276
942 576
853 190
197 307
674 803
593 603
760 546
485 768
357 10
205 602
942 622
510 947
241 73
418 722
510 781
677 563
560 898
658 280
593 164
241 833
485 228
760 799
681 529
39 686
418 721
357 706
357 21
39 204
439 843
439 775
237 873
910 239
658 36
716 191
942 267
910 522
426 817
707 749
519 31
519 129
658 690
820 944
205 722
716 255
853 644
439 267
241 405
707 805
681 834
485 556
607 724
942 362
510 871
853 463
681 799
560 502
510 138
560 450
820 14
707 695
593 780
241 268
681 941
111 893
439 662
418 742
681 491
286 147
853 349
560 805
681 61
593 218
485 316
853 781
942 178
593 506
716 198
681 245
357 132
205 34
418 821
197 836
853 925
510 652
677 26
485 421
418 899
707 484
39 65
820 853
205 36
560 765
560 223
677 33
241 42
510 218
237 821
607 295
485 391
197 668
286 92
658 180
39 541
560 358
820 843
716 317
674 106
357 77
510 379
10 680
510 839
485 368
197 449
760 351
418 855
426 36
111 298
39 523
707 309
674 503
677 580
39 636
681 25
707 367
357 495
820 841
658 912
593 201
510 294
560 483
677 481
942 579
418 676
12 541
510 290
560 102
942 252
12 101
205 172
760 301
658 62
197 425
760 141
418 278
707 657
205 65
593 408
658 189
111 302
658 861
111 738
519 488
485 583
510 874
197 20
426 332
205 864
593 225
205 741
205 227
357 350
519 512
237 132
439 691
760 168
485 778
485 562
111 410
205 563
237 79
658 630
241 208
439 479
418 589
485 2
197 467
205 536
707 152
241 300
197 885
942 180
237 323
681 208
674 905
560 905
241 813
12 946
942 233
910 372
593 338
39 317
658 806
910 165
519 526
439 541
560 412
853 592
942 106
677 509
677 673
357 586
510 928
205 195
760 692
853 792
12 744
681 909
707 748
485 723
418 464
485 203
510 576
418 846
593 882
418 814
418 181
760 422
241 447
205 407
760 944
418 574
439 217
485 545
942 99
942 760
357 369
39 739
510 484
111 265
820 208
111 936
12 506
10 550
707 141
418 238
197 703
39 262
510 611
681 431
39 500
560 31
674 303
510 666
510 316
677 92
418 273
820 812
357 230
716 758
426 543
853 798
241 120
560 563
510 61
205 556
560 199
942 905
760 547
439 334
12 132
205 607
10 91
593 825
942 944
241 135
519 840
439 634
593 797
237 392
237 718
241 651
853 93
942 633
593 919
485 880
707 697
560 20
111 78
853 565
510 226
674 317
560 288
357 175
519 627
10 106
658 758
681 108
286 312
241 333
510 901
519 210
716 765
658 604
439 631
707 566
10 609
111 529
853 362
439 157
853 620
10 702
439 6
607 300
560 559
658 219
681 358
510 372
560 394
519 292
10 79
716 129
10 743
820 576
426 751
241 712
111 54
197 886
910 934
418 603
485 646
10 254
593 889
10 454
677 314
237 541
607 754
439 782
510 701
418 292
853 216
426 676
760 40
942 698
658 268
241 881
677 215
510 373
716 125
111 115
560 311
418 284
237 93
820 428
910 39
485 342
241 347
510 864
593 222
241 617
12 921
593 738
707 686
439 545
510 715
241 823
760 865
942 546
510 858
593 570
560 239
942 391
716 353
560 545
716 6
197 908
510 569
716 772
197 523
681 890
241 517
439 725
760 441
205 839
681 605
237 320
39 31
197 604
942 151
560 573
760 723
10 696
677 767
910 463
593 487
197 622
853 373
418 512
205 482
205 874
716 719
237 590
241 395
707 592
593 68
677 170
658 659
820 451
357 597
205 485
205 400
237 701
681 743
426 299
593 592
674 739
677 236
607 530
593 847
439 593
237 174
716 946
593 400
910 823
942 912
716 262
439 40
510 95
485 17
820 179
593 699
707 219
418 207
439 5
286 223
607 636
241 355
707 703
510 727
760 898
942 258
418 756
510 651
205 452
593 821
510 590
716 908
426 146
426 309
439 252
237 313
197 44
357 389
205 213
677 537
197 433
418 413
593 83
519 558
439 505
942 845
10 472
942 250
439 458
241 413
593 431
760 611
439 605
237 537
426 626
485 898
485 734
607 304
485 526
439 459
12 587
593 217
677 649
853 462
12 749
286 167
439 355
439 526
205 891
439 189
418 25
716 920
707 226
237 102
510 311
39 474
677 199
820 30
510 68
205 574
485 660
716 843
510 608
677 429
593 804
593 253
760 69
485 517
439 89
485 612
485 928
707 88
942 914
510 673
674 679
439 768
418 5
485 852
760 734
10 604
607 710
593 212
853 725
760 176
439 124
560 170
674 465
197 171
942 535
853 733
677 321
286 382
286 342
677 824
760 426
942 672
707 27
677 790
12 722
560 263
418 385
681 281
707 250
39 838
357 287
439 233
658 59
910 124
658 23
677 139
418 403
205 577
658 262
12 440
237 104
681 197
677 108
205 770
716 259
820 414
853 342
853 681
593 250
716 568
593 73
39 691
560 143
593 407
439 493
519 794
418 171
560 921
942 788
197 800
593 695
426 413
485 32
707 517
10 270
205 345
707 83
910 901
853 331
357 625
760 908
205 260
39 1
820 890
12 576
677 242
241 812
942 704
560 10
942 372
519 314
439 405
560 593
674 135
111 66
716 923
439 466
510 496
241 611
681 298
111 559
426 738
426 336
560 888
197 579
707 641
560 37
439 263
853 348
519 26
197 40
241 49
707 220
485 372
237 139
658 873
197 210
510 475
12 664
510 7
197 939
853 839
10 469
707 202
707 419
910 825
658 418
910 549
853 230
716 519
853 242
681 933
418 178
942 732
716 523
658 876
707 459
439 628
853 353
593 805
677 424
357 546
485 94
426 584
357 783
485 824
426 464
357 874
820 908
197 645
560 525
12 531
707 864
677 77
853 594
674 364
205 582
439 751
942 222
241 589
760 675
707 544
111 307
853 701
910 909
593 626
607 525
760 801
681 190
910 922
286 872
10 543
677 52
707 147
357 364
418 460
510 802
716 5
677 555
853 387
560 913
707 728
593 629
439 320
418 192
426 540
439 332
607 413
12 2
111 496
418 714
205 167
485 170
853 915
439 100
510 493
519 236
593 717
357 557
658 434
942 346
439 842
760 682
357 97
853 653
286 99
560 8
593 144
418 797
942 97
439 933
357 159
485 694
607 476
674 852
439 71
510 541
560 375
593 429
241 276
426 130
241 134
111 575
237 469
677 871
658 322
658 15
286 321
760 492
485 890
658 131
820 610
607 168
760 595
485 263
111 566
674 913
418 803
418 591
510 465
593 890
677 83
593 321
510 507
593 503
853 753
197 749
853 916
910 203
716 921
707 214
197 184
485 782
111 106
197 159
681 498
519 108
593 139
760 712
853 546
674 747
418 344
426 919
439 239
12 526
853 783
707 835
820 2
485 454
418 878
658 897
942 36
39 230
910 626
286 627
853 939
674 131
593 8
510 257
658 198
677 572
560 414
658 864
560 221
760 475
357 796
707 86
707 891
593 642
760 97
716 47
707 69
39 826
197 254
10 576
426 724
674 506
111 278
39 791
519 644
681 494
12 841
716 440
942 229
677 484
707 228
205 183
205 248
593 498
560 492
674 203
237 474
707 368
681 366
205 60
510 485
205 291
426 865
707 171
658 489
418 195
426 635
716 509
357 139
205 593
12 879
942 204
707 475
241 485
853 344
241 35
418 436
426 405
853 470
677 302
439 857
205 196
439 218
510 162
439 186
426 286
560 595
418 325
607 587
658 444
820 892
241 414
510 297
716 113
197 576
677 179
439 381
853 119
593 790
674 685
607 298
426 79
674 526
760 780
111 429
681 357
560 396
760 916
485 255
286 821
519 1
942 879
510 660
681 579
205 835
560 908
677 395
485 426
677 720
707 276
942 588
760 735
853 82
560 637
10 30
942 57
241 480
677 893
426 274
519 485
677 331
560 1
439 254
418 629
760 836
485 549
707 427
658 516
418 748
760 313
593 322
707 947
111 143
418 244
111 751
560 260
593 767
205 771
593 99
942 271
205 701
820 228
39 121
716 813
607 129
39 304
357 84
942 794
560 378
485 230
418 646
910 407
677 46
418 144
197 321
286 497
418 880
560 894
716 821
286 264
593 811
910 270
205 692
485 841
510 942
658 196
674 238
241 223
677 739
853 802
593 750
439 719
853 416
357 219
237 452
593 35
510 454
510 309
658 944
485 765
111 86
485 327
439 20
418 541
205 626
12 518
674 719
593 728
485 871
820 488
560 676
716 503
853 266
418 443
853 738
658 894
910 632
485 349
560 435
716 192
439 767
357 553
853 83
485 104
607 744
910 553
658 654
707 564
111 693
658 443
560 489
439 702
674 42
716 482
560 241
658 608
418 309
820 817
707 158
681 462
485 835
439 410
677 697
707 496
560 52
241 3
942 292
658 918
111 599
674 206
205 865
942 872
197 304
237 345
426 946
111 159
205 654
10 128
677 684
237 549
439 832
111 286
853 260
681 121
677 834
418 384
593 116
760 874
760 347
674 202
205 4
485 849
12 474
677 586
12 245
205 10
418 163
707 293
286 685
12 285
560 808
439 47
707 488
593 113
439 27
707 516
519 650
418 43
485 830
510 443
681 565
111 776
760 334
820 736
485 248
707 142
439 798
426 19
237 562
426 168
357 346
439 801
485 137
942 134
593 122
658 382
716 141
39 473
942 54
716 54
593 293
658 879
677 28
439 107
716 97
510 805
942 165
677 57
439 407
510 517
439 474
418 289
510 509
760 424
942 825
197 228
593 764
853 767
853 383
241 339
418 729
760 55
197 874
439 329
197 313
853 850
241 307
426 553
357 726
593 689
942 104
439 621
560 268
205 494
716 486
510 822
853 899
418 485
418 363
707 458
357 946
681 378
910 84
39 556
205 850
426 744
707 16
485 9
853 933
820 332
942 47
681 474
418 575
593 252
205 243
560 564
593 47
593 850
237 876
942 357
716 555
241 596
39 882
418 150
658 385
439 123
510 195
560 50
357 5
760 641
485 876
510 706
485 857
942 137
942 612
853 751
942 364
357 496
716 616
560 575
760 748
820 13
942 400
942 358
658 32
707 504
593 525
357 917
677 734
942 317
560 941
716 144
910 927
111 675
510 719
237 789
197 79
560 151
485 557
658 330
942 733
593 701
658 869
205 96
760 574
485 103
760 881
910 738
241 887
820 160
674 735
111 219
716 145
560 468
658 139
357 865
205 640
760 267
677 316
418 124
593 470
510 52
485 409
674 434
510 200
607 101
439 319
707 907
485 402
485 783
707 799
593 44
910 73
716 181
593 388
593 898
426 829
519 827
707 628
677 132
426 705
485 708
910 560
820 562
241 849
677 530
658 110
820 458
418 280
357 850
681 142
820 317
197 671
677 763
707 674
111 650
677 91
205 909
853 96
942 410
205 416
760 880
10 82
111 537
716 786
241 298
853 325
111 825
707 326
942 860
485 247
910 4
205 840
286 506
560 369
560 939
820 540
674 658
658 451
593 62
485 337
485 398
205 774
910 51
760 770
560 214
942 343
707 254
197 162
658 26
942 824
677 151
241 185
197 882
942 532
942 823
760 778
942 244
677 715
10 280
197 778
560 257
942 605
942 667
677 6
607 395
658 456
707 481
707 169
607 864
853 377
853 747
716 432
677 573
677 392
519 842
510 176
942 542
677 227
418 566
677 811
658 111
439 210
942 852
205 579
853 327
519 602
658 441
681 321
10 62
716 458
111 761
560 668
658 871
910 80
357 575
942 545
560 503
418 944
942 830
485 364
820 476
357 925
357 112
418 778
607 741
237 553
593 152
677 188
439 418
760 29
593 435
674 521
510 818
510 199
677 13
485 300
942 439
942 236
111 350
357 919
560 345
853 657
607 496
677 158
707 511
205 185
681 885
439 813
677 394
853 636
658 731
674 28
111 805
760 82
716 0
560 620
658 232
197 655
942 730
681 109
418 152
716 481
237 946
716 669
658 138
439 512
10 782
418 8
853 223
510 653
820 295
910 388
205 406
439 82
681 859
439 532
560 601
593 784
418 157
677 466
658 644
593 286
677 839
241 601
820 106
760 415
593 557
607 154
205 609
241 237
418 682
910 19
418 397
12 679
681 128
519 533
418 35
707 478
111 888
560 107
560 142
853 55
820 101
760 847
286 352
510 451
560 879
197 39
426 217
674 149
593 921
439 531
418 42
716 99
593 138
593 31
942 550
205 769
418 417
607 743
205 329
560 513
820 566
357 443
519 385
593 428
760 583
439 42
560 529
658 295
677 581
942 527
439 692
658 210
910 140
658 126
12 609
418 223
485 75
658 899
760 489
658 531
39 640
519 928
439 190
760 124
820 218
205 215
681 726
510 110
674 833
439 904
39 524
677 399
942 213
286 225
286 530
439 807
426 818
439 911
707 196
510 845
942 694
760 319
10 302
485 653
241 783
760 451
607 511
760 638
39 931
677 670
707 570
418 132
820 719
418 576
707 732
677 927
716 664
560 282
560 621
241 593
942 284
12 548
707 899
674 306
707 311
716 491
942 298
418 715
205 465
485 640
607 616
716 854
418 129
286 378
485 561
707 398
942 739
853 552
677 592
510 119
286 193
205 911
205 782
111 609
485 21
942 139
197 890
658 321
519 425
205 401
241 437
910 243
910 7
510 758
716 724
485 279
197 493
760 607
681 181
677 2
286 476
237 770
677 783
593 608
439 535
560 690
853 30
510 426
760 648
707 335
485 597
205 189
677 279
674 439
677 391
12 422
519 855
707 679
357 356
111 704
760 42
286 360
716 304
510 873
853 295
681 690
674 758
716 484
205 275
593 495
681 370
10 636
197 884
658 505
357 908
942 740
111 308
357 179
560 896
485 139
681 927
658 63
716 544
241 92
681 324
10 650
39 755
677 97
853 246
760 525
910 796
560 28
205 299
677 191
510 170
418 505
760 543
942 166
510 459
485 870
241 384
674 715
942 324
593 61
241 458
560 7
560 355
677 192
485 236
674 698
439 333
716 692
716 188
286 31
426 133
593 560
681 803
942 469
241 523
716 167
607 258
418 609
197 300
485 560
677 497
357 310
510 343
485 448
707 676
510 457
485 146
707 506
707 932
286 88
485 530
853 670
853 265
560 793
716 788
519 672
485 138
560 437
560 275
681 456
677 377
439 99
205 109
677 683
111 222
241 758
760 136
510 789
593 737
910 657
39 639
237 172
519 748
286 70
237 355
716 190
910 160
760 909
12 755
519 723
485 699
237 758
707 586
510 645
485 746
910 780
485 602
593 190
111 422
485 480
519 361
510 767
439 158
910 273
677 48
760 654
560 411
418 376
677 412
677 838
677 32
510 788
593 340
560 572
681 551
707 553
418 914
658 449
510 846
241 228
237 383
485 834
426 631
485 390
439 50
677 712
10 85
241 293
707 301
357 19
357 871
853 666
942 581
197 846
942 223
942 769
593 832
853 857
519 509
593 161
820 680
439 465
12 195
677 489
485 747
237 635
593 841
716 384
418 792
707 164
286 97
418 6
12 676
820 686
357 724
593 146
674 159
942 661
853 707
716 513
593 862
510 332
111 935
205 159
681 79
593 394
111 821
197 575
853 488
197 165
111 452
607 344
560 474
510 97
674 123
357 267
39 426
439 419
716 652
607 98
439 260
942 276
439 229
658 877
205 376
12 505
439 583
237 463
716 118
853 306
510 211
677 344
674 333
439 685
510 603
760 854
853 456
707 399
418 258
426 505
197 687
677 229
942 421
677 61
942 350
560 655
205 708
205 114
111 515
357 114
510 605
418 15
237 830
418 459
286 665
519 30
942 722
593 261
677 184
593 652
593 905
485 914
286 550
707 489
241 306
658 304
111 605
942 4
111 497
658 555
942 556
111 804
418 804
418 370
485 286
716 874
942 93
853 797
820 762
485 692
820 833
197 200
510 523
111 392
357 227
760 837
10 231
426 877
439 749
707 650
716 630
681 741
439 256
942 744
485 136
677 425
418 191
593 833
910 118
707 151
820 341
681 136
853 569
681 425
418 784
241 277
760 793
510 604
716 565
674 481
237 545
357 785
853 586
418 929
197 301
658 201
760 391
485 918
674 452
418 328
39 535
853 679
510 559
674 405
439 524
760 701
942 463
853 889
658 125
593 698
716 442
593 856
677 819
853 566
853 835
485 354
197 224
681 638
418 641
510 798
519 823
241 524
111 249
677 660
593 383
910 946
197 21
519 663
205 116
485 200
439 98
707 89
820 543
510 661
205 194
760 929
510 246
439 887
707 242
205 134
681 111
12 825
707 587
439 865
12 428
677 801
485 40
607 736
39 5
560 352
418 798
716 149
716 175
593 793
485 670
205 420
237 928
853 245
760 65
205 111
760 328
111 928
205 509
942 34
560 295
674 566
560 689
519 281
205 199
111 476
426 434
519 258
716 575
111 671
681 701
237 874
519 624
39 749
607 407
942 703
716 436
439 470
357 697
593 502
519 684
707 135
716 574
519 716
658 168
485 269
510 933
760 11
674 26
707 466
593 184
510 591
426 723
910 128
286 621
677 578
510 394
853 66
560 798
237 565
674 323
560 872
510 632
677 157
910 465
418 126
485 69
205 506
519 283
716 851
910 750
716 73
910 726
677 650
593 136
510 650
485 332
560 391
707 487
357 137
677 674
39 203
241 30
197 319
286 715
760 440
485 773
607 30
716 273
760 719
677 9
286 705
560 856
510 403
519 581
760 127
241 563
111 338
237 672
237 65
426 298
853 361
658 707
12 452
510 121
674 194
237 519
241 685
205 255
357 915
593 107
716 414
560 850
560 185
241 687
853 31
10 321
519 541
942 156
205 605
677 356
426 707
439 133
707 288
485 603
241 669
418 813
205 314
681 274
519 947
418 912
111 864
111 188
241 385
716 220
560 630
942 765
111 189
519 442
357 493
681 23
707 201
205 717
241 449
853 100
942 214
286 738
560 738
357 454
241 232
485 718
707 906
658 927
681 760
510 153
485 492
677 232
485 78
357 922
593 590
760 581
111 142
205 105
820 898
707 410
607 801
820 132
510 204
677 71
560 760
485 866
853 838
357 515
853 208
677 308
510 62
942 356
510 328
716 395
681 428
357 680
111 227
593 896
10 744
205 22
10 230
707 560
439 245
677 277
593 260
197 133
910 650
205 122
205 655
510 277
286 53
716 193
853 178
418 463
674 523
510 175
205 932
197 636
681 387
593 289
593 552
716 127
677 532
942 75
658 150
853 438
760 813
593 491
426 639
485 874
593 314
681 452
674 197
241 127
593 97
519 59
519 498
357 147
205 459
593 937
205 521
560 584
237 661
439 331
560 552
607 497
681 801
426 708
10 515
418 727
716 435
560 428
681 162
707 179
707 680
485 858
607 265
593 752
439 578
485 117
241 816
418 175
510 230
485 927
357 262
942 727
658 250
12 303
593 469
510 924
510 528
426 814
707 790
716 478
716 363
716 916
681 519
707 465
439 81
418 616
677 878
716 206
426 894
439 290
237 262
760 484
197 418
418 402
560 485
241 327
942 651
205 875
607 715
111 718
942 438
942 600
357 580
942 274
197 610
357 23
677 460
357 574
205 175
677 115
716 717
439 464
707 235
942 148
205 832
439 159
681 120
519 741
716 668
241 360
853 194
658 945
707 346
760 241
205 759
607 358
910 275
426 575
439 540
707 91
357 497
942 630
853 125
910 762
853 213
853 473
674 91
853 675
677 725
674 248
593 740
716 656
357 217
510 42
760 849
760 774
510 252
205 495
760 591
942 132
510 402
197 51
942 836
942 924
716 791
10 167
760 556
716 169
910 817
357 630
510 566
485 748
357 617
485 724
677 614
677 205
942 509
677 589
593 638
820 463
658 223
357 75
560 871
820 374
910 676
942 245
241 142
681 293
593 451
197 564
677 877
439 796
677 14
439 879
205 537
677 208
942 89
820 21
241 608
942 63
205 571
677 47
677 829
681 545
510 405
197 695
286 200
716 796
760 610
12 736
677 268
716 687
519 231
942 826
519 255
439 713
707 741
286 590
111 736
510 196
205 603
485 534
205 55
560 600
485 877
197 27
485 175
910 858
677 385
760 635
519 790
853 283
853 878
593 463
760 76
593 67
681 444
560 677
853 408
681 693
237 881
681 395
760 60
716 268
205 547
716 447
681 131
510 890
418 831
439 934
760 627
205 8
519 270
510 139
716 40
707 723
607 97
658 635
607 31
560 861
760 450
237 42
910 781
241 202
485 445
111 645
205 381
681 106
707 673
510 744
519 771
510 791
357 9
760 846
593 422
485 158
485 786
910 195
485 71
519 351
593 413
942 471
197 315
853 731
677 305
820 754
439 792
677 454
510 619
707 664
820 63
418 581
560 694
716 174
677 693
205 804
237 265
205 45
560 318
820 524
853 158
760 878
205 6
519 44
658 311
853 413
237 170
418 22
205 858
485 731
674 528
39 589
12 121
658 528
510 414
910 215
205 206
485 910
593 77
942 510
418 893
707 499
853 947
677 722
658 835
681 753
716 51
519 197
716 19
607 901
677 743
485 491
286 110
510 232
439 447
205 488
237 458
519 118
674 590
205 853
942 60
237 500
681 658
12 160
111 783
910 366
942 29
418 434
677 669
820 172
286 265
674 228
241 862
418 33
357 913
760 601
485 498
677 487
519 549
942 207
485 418
658 530
677 140
820 184
197 10
519 110
607 428
658 793
942 731
716 505
418 304
205 777
942 31
418 208
853 489
677 400
910 637
707 361
853 111
510 167
593 36
853 406
593 360
942 251
593 59
910 153
418 757
853 153
593 776
942 323
485 465
681 201
677 237
674 633
853 821
111 676
286 481
593 788
677 282
658 776
677 270
439 633
241 918
237 397
205 555
593 247
820 486
910 673
707 48
510 151
607 946
658 783
439 311
707 645
760 765
510 765
197 826
111 400
418 147
111 695
439 223
677 937
197 505
681 228
510 568
485 469
357 245
560 249
942 470
942 411
674 456
439 73
677 835
485 813
593 51
485 217
241 366
942 566
10 38
197 639
357 101
853 407
197 923
418 608
707 755
241 776
418 771
853 64
658 526
418 666
439 670
593 878
677 616
707 19
910 280
942 240
485 105
12 413
39 172
426 933
510 855
197 746
439 822
12 934
853 378
760 519
286 624
707 325
658 2
677 885
241 471
485 457
241 807
418 155
677 508
760 577
560 943
39 705
658 570
418 399
716 309
716 931
942 480
607 317
560 203
357 333
510 432
357 641
942 780
942 624
716 320
910 908
760 572
681 460
418 338
716 203
241 7
658 833
677 719
418 99
658 752
197 194
942 430
674 472
10 154
205 427
357 858
510 318
510 938
12 686
426 531
418 313
439 563
357 322
607 250
439 573
677 552
111 739
519 605
439 847
853 610
674 315
485 68
681 931
853 542
593 909
439 373
942 938
286 911
760 167
853 480
205 37
237 254
241 662
111 912
439 849
942 664
439 520
820 551
593 290
674 210
760 414
607 685
111 672
237 493
677 611
241 242
357 43
593 920
942 858
237 698
560 372
593 373
418 533
707 823
485 276
853 583
237 710
760 629
716 116
510 350
510 511
111 491
510 843
197 112
418 532
237 639
677 894
205 938
593 264
942 900
560 774
760 590
760 548
418 416
205 454
485 873
111 118
439 522
418 551
716 105
237 521
205 783
197 771
853 404
560 902
111 785
439 620
760 92
510 710
519 102
439 360
760 298
197 434
205 855
674 486
237 343
677 136
674 556
910 210
357 555
510 820
439 339
677 410
677 55
237 229
510 255
205 131
716 413
205 217
205 736
681 493
681 781
237 258
237 378
519 298
560 920
820 846
760 135
39 704
418 928
485 669
510 122
716 427
510 111
681 535
658 874
707 860
485 155
681 704
286 589
707 124
519 906
205 129
560 207
286 919
707 501
853 440
820 169
12 407
677 384
658 539
853 560
357 499
241 636
519 278
853 482
820 897
439 659
593 75
560 78
519 259
658 65
197 36
716 361
716 497
485 591
820 44
439 555
707 526
853 200
942 580
418 613
485 571
853 238
760 350
658 872
853 277
426 674
510 879
111 553
357 682
677 298
560 171
707 287
111 198
910 311
658 771
241 702
942 749
111 744
942 561
677 845
677 856
111 254
357 651
707 58
485 343
237 205
942 819
418 907
677 263
560 193
10 849
560 615
910 188
942 599
12 84
707 435
658 818
760 382
910 355
593 680
593 292
760 828
111 838
593 455
942 310
418 717
560 663
519 280
716 398
205 754
286 943
560 265
357 463
853 112
593 80
111 884
485 617
942 692
418 377
658 298
593 512
485 144
418 850
853 341
593 521
39 23
286 722
241 68
760 88
677 603
658 733
357 345
418 362
760 203
707 232
560 321
237 604
707 134
910 596
607 641
439 435
593 267
519 762
853 515
707 780
426 911
681 172
485 65
286 397
241 749
237 853
853 27
485 899
418 539
674 44
510 620
716 134
593 892
716 531
677 452
241 745
10 228
707 694
910 481
241 885
111 509
510 900
426 789
197 356
510 29
820 31
658 519
820 382
10 474
439 946
205 441
716 516
111 756
357 121
519 396
853 79
942 100
942 602
426 96
510 589
942 655
10 28
658 908
853 435
439 785
510 814
485 717
357 7
658 576
241 679
418 538
593 751
357 787
707 373
760 473
510 476
426 397
942 754
853 211
510 442
942 21
716 189
658 27
10 551
593 748
205 505
707 387
681 848
510 588
910 565
418 572
677 879
197 488
418 65
760 202
658 97
241 947
510 338
510 708
111 464
510 812
658 504
439 67
439 167
716 671
707 538
560 813
760 575
910 530
593 447
593 796
942 762
439 615
674 391
510 447
658 218
205 43
485 229
716 869
593 526
707 408
560 226
707 279
241 698
853 506
485 134
510 894
560 209
485 50
674 68
560 204
519 473
286 248
560 884
560 422
707 304
677 622
237 536
418 594
853 762
560 329
111 59
286 184
820 232
111 55
716 465
942 133
286 139
39 299
418 170
485 450
418 817
485 53
716 284
681 307
241 529
10 556
942 867
674 129
241 577
820 499
607 383
286 347
942 189
197 125
485 340
910 189
205 278
707 411
237 543
237 629
560 582
510 114
853 457
485 130
658 606
942 124
677 336
942 64
510 21
560 181
519 310
439 187
439 37
716 334
942 23
510 360
418 462
205 799
942 676
853 19
241 639
111 441
510 6
357 701
681 439
820 342
760 722
674 99
197 481
658 603
485 713
418 283
418 680
205 453
910 154
593 479
910 185
560 343
820 638
760 785
357 759
519 304
485 414
510 291
707 919
942 603
205 903
716 328
674 204
241 115
111 27
241 538
426 395
519 315
426 13
205 380
286 765
519 219
418 776
485 267
510 909
681 20
677 248
716 572
357 430
357 771
760 215
658 478
418 832
853 784
560 514
910 414
942 782
519 256
111 755
716 58
439 57
485 551
853 686
357 541
853 868
820 201
426 177
760 698
593 860
942 380
677 41
607 635
111 99
510 149
820 231
942 689
418 268
677 888
439 31
241 12
439 384
942 19
439 562
439 428
485 815
418 941
357 284
853 105
560 696
853 615
286 610
439 629
760 882
111 937
241 387
853 425
820 364
942 17
510 298
910 336
111 789
357 909
658 889
674 128
418 453
560 154
707 26
205 592
820 77
760 73
677 187
357 472
674 908
39 79
658 611
237 800
716 589
674 200
760 832
910 5
942 831
658 149
111 506
286 505
760 413
241 778
111 381
760 292
426 64
485 497
111 691
10 332
418 93
942 308
205 181
12 370
439 374
197 666
357 149
418 815
510 49
942 809
357 683
241 364
485 223
760 743
510 728
205 388
681 255
593 789
510 154
418 430
197 2
205 897
560 313
241 724
357 41
426 98
942 675
760 333
237 395
510 434
286 210
560 505
12 206
197 849
593 91
519 318
485 516
707 8
418 96
910 444
942 219
760 277
677 561
241 837
510 415
593 533
418 789
439 519
10 396
677 450
426 265
357 339
681 778
560 152
716 69
237 184
510 285
677 86
681 872
10 943
439 905
760 345
820 507
820 885
241 882
942 559
910 830
237 522
510 33
10 358
418 834
716 344
237 475
485 868
418 822
677 375
237 230
607 374
560 636
716 10
942 611
716 826
560 304
853 485
681 911
241 240
910 274
677 488
707 567
853 828
942 575
658 513
593 509
510 470
205 649
853 545
286 679
853 268
439 289
560 433
418 89
485 431
658 214
593 294
197 247
418 479
707 181
205 144
357 336
707 648
439 698
111 232
510 599
716 883
510 887
853 782
418 785
910 834
439 484
853 164
760 502
707 541
853 372
485 614
681 500
942 179
593 255
205 885
485 775
519 193
942 348
681 818
485 48
716 573
197 858
820 741
910 31
681 59
205 851
677 145
560 276
716 207
607 181
658 406
418 347
241 225
942 803
853 163
942 162
205 377
593 58
560 350
286 602
677 831
241 543
205 746
820 849
418 212
357 566
942 691
560 776
853 187
820 500
205 135
485 528
510 756
681 899
426 197
485 207
111 558
707 595
10 43
677 841
677 600
593 384
439 930
707 265
241 857
677 85
12 159
707 736
853 42
942 206
658 695
111 407
910 138
39 913
942 717
111 731
357 890
942 484
942 329
519 413
485 906
485 444
853 174
426 358
707 941
205 387
853 409
286 3
853 831
510 583
10 95
853 572
510 116
853 350
658 242
485 581
760 876
111 585
560 423
853 210
677 334
853 23
707 365
607 454
658 892
519 767
286 493
607 604
439 483
910 278
593 410
681 599
510 826
677 217
418 508
519 621
485 831
716 406
942 634
716 370
510 91
205 715
241 63
519 481
942 756
593 851
607 704
853 430
485 936
510 522
510 342
205 523
357 779
426 364
560 797
510 417
853 932
418 20
716 604
593 819
910 191
485 925
205 82
485 154
942 199
593 311
607 473
205 515
677 98
593 356
241 393
707 425
674 824
942 182
241 461
853 813
519 912
593 406
658 613
853 532
716 930
418 97
593 477
485 234
418 24
716 633
820 152
716 7
942 742
510 621
111 874
510 906
707 794
658 898
439 544
439 553
241 627
485 173
485 271
681 463
658 568
707 144
593 355
910 545
853 844
853 946
760 481
197 428
853 99
677 756
677 195
439 571
485 345
205 838
205 534
658 411
942 800
205 476
286 336
707 476
237 695
560 586
674 484
357 232
593 378
439 238
510 448
205 231
658 327
418 624
760 393
12 639
560 456
286 491
820 629
510 878
111 110
241 919
560 87
357 290
418 13
439 833
593 508
707 801
853 36
716 247
418 862
418 726
760 823
707 283
853 405
942 927
681 320
439 789
426 31
658 258
853 32
593 929
510 43
418 334
677 113
241 378
820 776
418 545
853 529
241 509
760 116
286 85
593 433
942 341
593 718
205 557
760 900
716 179
593 110
439 275
357 481
485 732
760 814
241 571
241 786
418 751
853 527
677 406
10 660
716 130
426 586
760 576
560 925
716 142
111 556
677 241
205 772
485 446
707 742
241 87
707 180
853 167
485 254
910 628
357 846
485 774
658 754
820 300
205 753
707 575
910 498
510 796
357 685
942 374
707 812
111 523
418 122
942 238
658 762
607 926
716 409
510 368
593 842
607 483
677 615
111 516
820 107
418 401
197 23
820 789
485 795
426 47
439 354
560 666
820 450
426 110
707 879
658 947
418 251
241 167
357 185
510 705
716 431
760 776
560 519
942 65
593 354
439 115
910 566
426 147
519 147
286 68
674 225
241 735
485 656
485 633
510 280
418 381
205 867
418 493
560 293
658 462
241 664
593 421
607 751
510 102
39 250
426 496
820 59
760 564
820 309
357 432
910 44
593 416
942 175
677 724
716 781
674 119
593 539
716 871
593 779
593 869
942 211
241 334
707 274
237 680
853 50
942 610
111 591
439 592
760 696
716 367
197 536
853 24
593 872
111 127
241 710
707 128
357 315
197 332
607 231
439 350
418 559
707 772
439 853
418 60
418 174
439 132
111 37
593 282
853 129
658 88
820 352
418 66
197 637
593 415
910 295
677 230
197 283
593 568
716 219
674 339
674 724
593 223
237 636
439 284
519 334
681 865
707 752
205 530
205 209
12 634
593 154
681 126
942 393
674 637
942 539
760 829
10 882
560 811
519 847
10 633
820 847
658 551
607 735
593 268
197 793
820 162
820 550
357 184
205 647
707 194
820 933
205 156
510 567
205 220
760 786
658 799
418 860
760 358
853 913
820 333
942 590
286 125
942 841
205 178
942 668
677 659
418 781
760 625
510 25
426 95
357 467
485 780
658 361
439 111
820 278
820 641
853 134
197 189
418 442
853 908
205 796
111 905
237 217
519 338
853 714
716 587
853 888
237 582
677 738
658 248
942 920
426 801
674 314
426 535
560 60
426 247
439 214
519 496
