2 1065
2 328
2 1033
2 163
2 775
2 411
2 319
2 369
2 177
2 834
2 640
2 817
2 519
2 788
2 976
2 1073
2 743
2 552
2 867
4 245
4 453
4 764
4 754
4 648
4 328
4 642
4 292
4 700
4 679
4 843
4 1030
4 34
4 961
4 976
4 118
4 948
4 645
4 1032
4 763
4 867
4 218
4 967
4 987
4 506
4 435
4 280
4 179
4 929
4 501
4 24
4 165
4 1065
4 917
4 68
4 1022
4 192
4 21
4 141
4 1026
6 887
6 1106
7 575
7 987
7 994
7 85
7 772
7 823
7 217
7 79
7 1042
7 961
7 185
7 495
7 745
8 160
8 116
8 1055
8 908
8 445
8 386
8 912
10 867
10 460
10 509
10 589
10 1099
10 426
10 85
10 185
10 733
10 1117
10 83
10 987
10 649
10 125
10 334
11 742
11 300
14 724
15 1023
21 54
21 867
21 288
21 402
21 1072
21 555
21 364
21 654
21 1022
21 475
21 989
21 629
21 174
21 559
21 1003
21 48
21 843
21 736
21 242
21 409
21 104
21 329
21 189
21 1119
21 443
21 74
21 759
21 1064
21 24
21 628
21 466
21 995
21 775
21 582
21 182
21 764
21 998
21 951
21 1032
21 221
21 118
21 34
21 269
21 543
21 423
21 648
21 782
21 948
21 515
21 921
21 79
21 655
24 1058
24 196
24 1026
24 1065
24 700
24 660
24 728
24 887
24 1072
24 4
24 242
24 245
24 1061
24 928
24 648
24 287
24 1064
24 201
24 1023
24 292
24 1008
24 34
24 917
24 976
24 944
24 247
24 370
31 217
31 460
31 772
31 528
31 589
31 7
31 495
31 837
31 980
31 920
31 185
31 85
31 912
34 1119
34 906
34 789
34 349
34 167
34 843
34 655
34 369
34 567
34 944
34 292
34 589
34 929
34 772
34 536
34 280
34 1041
34 411
34 185
34 764
34 247
34 976
34 989
34 660
34 648
34 948
34 212
34 987
34 495
34 917
34 177
34 288
34 459
34 221
34 998
34 171
34 24
34 1058
34 364
34 598
34 628
34 242
34 901
34 118
34 225
34 245
34 889
34 189
34 1008
40 831
40 928
40 519
42 171
43 987
43 495
43 185
44 446
48 364
48 329
48 648
48 1033
48 655
48 319
48 1002
48 995
50 99
50 825
54 21
54 867
54 245
54 1065
54 648
54 1032
54 1041
54 998
55 640
55 426
55 460
55 1040
55 79
55 448
55 314
55 919
55 334
55 107
55 846
55 83
55 848
55 536
56 575
63 1102
63 1067
63 81
63 1066
63 1057
63 935
65 1103
65 481
65 588
65 1081
65 812
68 1026
68 170
68 1083
68 453
71 519
71 272
71 633
71 928
71 2
71 389
71 533
72 444
75 816
76 551
77 383
77 548
77 673
77 867
77 79
77 510
77 806
77 374
77 717
77 1097
77 844
77 1067
79 107
79 1072
79 174
79 655
79 871
79 1042
79 462
79 161
79 460
79 495
79 55
79 1032
79 745
79 823
79 77
79 761
79 7
79 501
79 980
79 389
79 443
79 159
79 715
79 724
79 1077
79 390
79 491
79 343
79 548
79 902
79 844
79 524
79 401
79 425
79 1112
79 406
79 755
79 987
79 808
79 31
79 837
79 912
79 773
79 337
79 373
79 1038
79 571
79 85
79 1059
79 737
79 956
79 1043
79 961
81 458
81 1057
81 881
81 210
81 582
81 99
81 935
81 269
81 966
81 63
83 532
83 649
83 393
83 418
83 842
83 846
83 640
83 867
83 477
83 655
83 733
83 346
83 185
83 334
83 509
83 364
83 426
83 1099
83 448
83 495
83 536
85 629
85 823
85 83
85 407
85 79
85 987
85 31
85 528
85 980
85 1042
85 185
85 460
85 7
85 10
85 912
85 961
85 772
85 837
86 428
86 71
86 857
86 389
86 907
86 928
89 4
89 79
89 1072
89 1003
89 755
89 737
89 141
89 740
91 855
91 416
91 787
94 314
94 55
94 334
94 846
94 983
94 869
94 655
95 985
95 898
95 125
95 680
95 444
95 269
95 895
95 763
95 24
95 616
95 582
95 1111
95 443
95 865
95 490
95 1018
97 867
97 13
97 1065
97 241
97 989
97 944
99 1065
99 552
99 648
99 465
99 742
99 27
99 867
99 274
99 754
99 999
99 1
99 866
99 529
99 269
99 705
100 1094
100 502
100 157
100 423
103 185
103 961
103 648
103 415
103 611
103 1043
103 4
103 179
103 987
103 1030
104 917
104 843
105 987
105 362
105 160
105 495
105 501
105 611
105 445
105 589
105 350
107 983
107 79
107 655
107 334
107 1040
107 869
110 1002
111 174
111 437
111 79
111 429
111 333
116 501
116 1055
116 919
116 1061
116 8
116 324
116 908
116 445
116 648
116 393
116 1072
117 812
117 588
118 536
118 640
118 34
118 595
118 817
118 948
118 865
118 501
118 185
118 460
118 369
118 171
118 648
118 567
118 824
118 989
118 247
118 987
118 851
118 288
118 236
118 280
118 495
118 611
118 364
118 917
118 901
118 1022
119 765
119 456
119 247
123 402
123 966
123 475
125 589
125 987
125 532
125 95
125 83
125 991
125 648
125 1111
125 500
125 10
125 611
125 501
125 961
125 777
125 185
125 676
125 445
125 426
125 495
136 170
136 453
136 1083
136 1097
136 679
141 443
141 1041
141 917
141 996
141 174
141 4
141 715
141 89
145 742
145 358
145 148
147 450
148 1079
148 727
148 867
148 533
148 328
148 145
149 207
149 763
149 648
149 1065
149 676
149 1087
160 445
160 362
160 185
160 1072
160 1099
160 8
160 355
160 1055
160 501
160 181
163 640
163 817
163 2
163 411
163 167
163 177
167 2
167 777
167 817
167 865
167 163
167 567
167 1004
167 118
167 456
167 411
167 34
167 989
167 976
167 292
167 654
167 1066
170 68
170 192
170 551
170 136
170 423
171 435
171 976
171 42
171 764
171 286
171 816
171 989
171 280
171 501
171 1032
171 185
171 611
171 292
171 460
171 4
171 288
171 987
172 812
172 218
172 588
172 214
174 79
174 1072
174 443
174 141
174 1003
174 740
174 1041
174 89
174 727
174 715
175 775
175 857
175 327
175 428
176 308
177 118
177 2
177 1003
177 369
177 1032
177 976
177 167
177 34
177 163
177 567
177 411
177 817
178 867
178 1064
179 258
179 415
179 1030
179 648
179 4
181 1117
181 185
181 510
181 160
181 460
182 754
182 426
182 921
182 616
182 736
182 21
182 269
185 1061
185 212
185 1022
185 7
185 10
185 160
185 34
185 364
185 1032
185 171
185 328
185 500
185 362
185 1042
185 105
185 1072
185 116
185 816
185 85
185 772
185 976
185 980
185 1117
185 425
185 480
185 407
185 280
185 987
185 468
185 445
185 286
185 823
185 777
185 460
185 292
185 994
185 991
185 43
185 350
185 355
185 837
185 225
185 501
185 589
185 181
185 125
185 1111
185 435
185 629
189 555
189 1032
189 559
189 628
189 944
189 598
189 906
189 34
189 242
189 889
189 1064
189 196
189 843
192 68
192 198
192 648
192 170
192 1026
192 136
196 555
196 1032
196 245
196 944
196 482
196 929
196 764
196 1008
196 21
196 588
196 189
196 906
196 242
196 34
196 889
196 1022
198 192
199 305
201 24
201 402
201 1047
201 989
203 1090
204 1061
204 976
204 362
204 17
204 292
204 393
204 501
204 460
204 987
209 1033
209 691
209 617
210 81
210 1067
210 1066
210 63
210 238
210 746
212 589
212 532
212 125
212 881
212 499
212 664
212 495
212 460
212 34
212 680
214 713
214 172
214 588
214 852
214 812
217 961
217 85
217 31
217 837
217 994
217 823
217 403
217 575
217 407
217 912
217 987
217 79
217 185
217 833
218 298
218 172
218 402
218 481
218 1081
218 896
218 713
218 4
218 807
218 681
221 459
221 851
221 987
221 648
221 901
221 989
221 536
221 495
221 185
221 961
221 435
221 996
221 611
221 1032
221 288
221 364
221 34
221 171
221 917
221 280
221 976
221 286
221 589
221 177
221 411
223 729
223 475
225 532
225 824
225 976
225 998
225 1079
225 292
225 21
225 555
225 1032
225 987
225 1055
225 460
225 501
225 34
230 70
235 249
236 773
236 514
236 1087
236 951
238 1066
238 1057
238 63
238 935
238 1102
238 81
242 387
242 21
242 1008
242 1032
242 944
242 24
242 906
242 1022
242 189
242 628
242 764
242 1119
242 1072
242 660
242 409
245 906
245 976
245 598
245 944
245 867
245 1041
245 54
245 555
245 189
245 1081
245 409
245 242
245 764
245 34
245 1064
245 292
245 1072
245 989
245 628
245 929
245 648
245 4
245 645
247 996
247 976
247 640
247 812
247 705
247 119
247 245
247 536
247 673
247 867
247 1032
247 1066
247 24
247 782
247 1119
247 21
247 776
247 225
247 409
249 308
249 533
249 867
249 1105
249 1103
249 354
249 597
250 475
250 123
250 966
253 774
253 524
255 994
258 648
258 1043
258 280
258 103
258 1030
258 4
260 865
260 1018
260 296
260 1111
260 292
260 538
260 287
260 383
260 867
260 723
264 327
265 717
265 867
265 378
265 510
265 385
268 1022
269 81
269 430
269 533
269 648
269 4
269 279
269 582
269 867
269 1065
269 293
269 887
269 21
269 691
269 881
269 705
269 736
269 370
269 928
269 182
269 629
269 95
269 729
270 279
270 867
270 703
270 479
272 623
272 1065
272 32
273 1090
273 253
273 724
273 966
273 21
273 867
273 883
273 74
273 774
273 654
279 538
279 867
279 648
279 479
279 287
279 582
279 51
279 985
279 361
279 926
279 24
279 977
279 1033
279 1065
280 118
280 989
280 288
280 816
280 221
280 286
280 764
280 4
280 976
280 258
280 352
280 364
280 185
280 446
280 103
280 589
280 393
280 961
280 514
280 928
280 912
280 611
280 415
280 674
280 629
286 987
286 843
286 364
286 628
286 446
286 435
286 1032
286 501
286 1022
286 185
286 961
286 328
286 118
286 171
286 589
286 34
286 611
286 948
287 928
287 817
287 944
287 444
287 723
287 736
287 95
287 383
287 775
287 292
287 922
287 260
287 279
287 111
287 1065
287 867
287 361
287 1097
287 976
287 782
292 611
292 423
292 484
292 247
292 1072
292 446
292 364
292 817
292 280
292 167
292 976
292 987
292 878
292 221
292 393
292 673
292 917
292 843
292 232
292 328
292 1119
292 383
292 898
292 996
292 770
292 411
292 118
292 466
292 514
292 995
292 471
292 185
292 163
292 34
292 1018
292 1004
292 1015
292 1058
292 362
292 177
292 171
292 1003
292 901
292 1061
292 548
292 482
292 435
292 555
292 948
292 653
292 640
292 445
292 928
292 1055
292 851
292 1033
293 269
293 21
296 1067
296 367
296 673
296 510
296 1004
296 902
296 723
296 444
296 72
296 874
296 844
296 865
296 77
296 1066
298 588
298 901
298 402
302 1094
302 759
302 934
305 199
305 1091
305 653
305 869
305 582
305 754
305 867
308 1105
308 176
308 597
308 249
312 598
312 867
312 1073
314 869
314 655
314 418
314 94
314 846
314 107
319 329
319 648
319 1033
319 743
319 48
319 588
319 392
319 812
319 713
320 867
320 1003
320 940
320 502
320 370
320 855
324 445
324 116
324 527
324 919
324 1055
325 1069
325 39
325 995
325 1116
325 1100
325 742
325 66
325 539
325 274
325 206
325 1113
325 671
327 775
327 428
327 648
327 175
328 495
328 185
328 280
328 269
328 428
328 987
328 948
328 648
328 1033
328 629
328 235
328 274
328 460
328 519
328 286
328 279
328 148
328 4
328 292
328 21
328 2
328 533
328 1065
328 727
328 785
328 268
328 423
328 501
328 249
328 552
328 705
329 250
329 976
329 966
329 917
329 884
329 582
329 74
329 364
329 223
329 123
329 292
329 995
329 21
329 617
329 1033
334 393
334 314
334 1117
334 733
334 655
334 10
334 55
334 107
334 94
339 451
342 867
342 866
342 705
342 430
343 588
346 961
346 629
346 1099
346 468
346 460
346 495
346 10
346 589
346 1117
348 155
349 292
349 1072
349 548
349 1032
349 717
349 510
349 976
350 355
350 185
350 1099
350 445
350 961
350 987
350 105
352 393
352 648
352 280
354 308
354 1105
354 597
355 105
355 987
355 350
355 185
356 1090
356 986
356 253
356 774
356 524
356 393
358 823
358 145
361 989
361 279
361 26
361 966
361 207
361 1065
361 598
361 926
361 898
361 727
361 830
361 312
361 763
362 204
362 1061
362 961
362 455
362 611
362 460
362 501
362 181
362 393
362 527
362 908
362 912
362 125
362 445
362 495
362 919
362 532
362 350
362 976
363 764
364 995
364 640
364 435
364 948
364 280
364 426
364 655
364 611
364 448
364 48
364 185
364 460
364 1117
364 288
364 848
364 1032
364 589
364 1033
364 816
364 976
364 55
364 393
364 987
364 1022
364 83
364 328
364 654
364 292
367 1066
367 296
367 609
367 806
367 953
367 673
367 548
367 349
367 510
369 1066
369 595
369 163
369 996
369 1032
369 177
369 989
369 459
369 567
369 765
369 654
369 221
369 640
369 2
369 1004
370 654
370 1065
370 723
370 274
370 430
370 74
370 754
370 24
370 269
374 609
374 296
374 1067
374 367
374 548
374 383
374 1097
374 844
374 727
374 961
374 902
374 515
379 443
382 995
384 930
385 1015
385 867
385 378
385 653
385 265
385 869
385 1091
386 1055
386 527
387 242
390 79
390 641
390 1095
392 648
392 416
392 743
392 1002
392 576
392 319
393 912
393 976
393 423
393 628
393 1061
393 94
393 292
393 880
393 648
393 21
393 460
393 987
393 1090
393 1072
393 1055
393 986
393 501
393 983
393 443
393 116
393 55
393 364
393 867
393 185
393 334
393 917
393 852
393 846
393 107
401 953
401 902
401 79
401 609
402 1033
402 117
402 705
402 691
402 1113
402 917
402 298
402 1065
402 782
402 446
402 617
402 813
402 21
402 551
402 1081
402 274
402 807
402 370
402 1010
402 868
402 727
402 812
402 578
402 342
402 172
402 482
402 713
403 603
403 1042
403 1095
403 772
407 460
407 867
407 425
407 837
407 85
407 961
407 185
407 528
407 31
407 772
407 1042
407 912
407 589
407 7
407 987
409 764
409 242
409 843
409 189
409 929
409 247
409 917
409 416
409 944
409 743
409 889
409 737
409 1022
409 1072
409 1058
409 906
409 628
409 1032
409 559
411 976
411 536
411 640
411 167
411 595
411 369
411 34
411 163
411 459
411 292
411 817
411 654
411 567
411 989
411 1066
413 764
415 987
415 495
415 1030
415 1043
415 460
415 185
415 1022
415 280
415 258
415 648
416 91
416 648
416 576
416 519
416 787
416 2
416 883
416 319
416 1033
417 272
418 314
418 83
418 79
423 617
423 985
423 852
423 976
423 328
423 775
423 1002
423 764
423 774
423 951
423 475
423 1003
423 551
423 292
423 393
423 615
423 100
425 575
425 920
425 495
425 547
425 837
425 961
425 641
425 994
425 912
425 185
425 980
425 589
425 528
425 823
425 85
425 217
425 31
426 185
426 495
426 182
426 10
426 55
426 589
426 448
426 987
426 500
426 536
426 733
426 680
426 640
426 655
426 460
426 848
428 633
428 461
428 559
428 1065
428 648
428 605
428 1101
428 887
428 1079
428 561
428 1107
428 857
430 274
430 342
430 866
430 867
432 79
434 732
435 34
435 292
435 185
435 976
435 460
435 987
435 364
435 816
435 118
435 4
435 171
435 280
435 42
435 495
435 989
436 778
439 736
443 1041
443 21
443 475
443 611
443 869
443 727
443 867
443 755
443 996
443 141
443 917
443 624
443 329
443 48
443 740
443 89
443 111
443 379
443 715
443 898
443 691
444 287
444 260
444 844
444 865
444 296
444 1018
445 976
445 919
445 501
445 324
445 225
445 460
445 648
445 8
445 527
445 532
445 680
445 105
445 908
445 393
445 125
445 961
445 1061
445 362
446 816
446 221
446 691
446 460
446 286
446 976
446 611
446 402
446 1023
446 812
446 4
446 495
446 185
446 44
446 868
446 824
446 989
446 292
446 961
446 482
446 648
446 171
446 589
446 443
446 594
448 83
448 426
448 848
448 1117
448 364
448 640
450 147
450 1033
450 602
453 170
453 648
453 1026
453 1097
453 192
453 1022
455 919
455 133
455 324
455 912
455 445
455 501
455 8
455 441
455 1075
456 167
456 1003
456 765
456 247
458 746
458 1002
458 1102
458 1066
458 881
458 81
458 935
459 595
459 411
459 567
459 765
459 177
459 369
459 1004
459 817
459 748
459 221
459 1032
460 912
460 1061
460 655
460 280
460 212
460 425
460 415
460 125
460 362
460 181
460 435
460 648
460 1072
460 105
460 495
460 328
460 286
460 611
460 446
460 989
460 160
460 217
460 629
460 1032
460 4
460 364
460 745
460 480
460 118
460 407
460 823
460 83
460 393
460 288
460 79
460 171
460 961
460 85
460 346
460 7
460 355
460 501
460 1099
460 922
460 34
460 994
460 1055
460 777
460 987
460 976
460 258
466 1115
466 917
466 976
466 97
468 961
468 629
468 185
468 85
468 346
468 589
468 460
468 10
475 48
475 123
475 292
475 648
475 868
475 1033
475 74
475 329
475 250
475 223
475 846
475 582
475 617
477 536
477 655
477 55
477 848
477 361
477 83
477 867
479 552
479 489
479 270
479 614
479 789
479 279
479 985
479 898
480 355
480 350
480 501
480 460
480 160
481 1052
481 1053
481 218
481 65
482 684
482 287
482 292
482 976
482 196
482 813
483 495
483 987
483 961
484 989
484 118
484 901
484 782
484 851
484 1032
484 996
486 977
489 479
495 171
495 589
495 31
495 460
495 483
495 680
495 1117
495 772
495 328
495 994
495 181
495 435
495 532
495 922
495 500
495 346
495 611
495 976
495 407
495 160
495 286
495 961
495 1111
495 528
495 217
495 425
495 280
495 7
495 288
495 842
495 733
495 362
495 79
495 837
495 948
495 415
495 34
495 85
495 1042
495 364
495 468
495 1099
495 83
500 922
500 83
500 227
500 495
500 777
500 125
500 648
500 460
500 185
500 426
500 987
500 980
501 116
501 1072
501 680
501 532
501 350
501 611
501 160
501 292
501 34
501 446
501 362
501 355
501 816
501 1099
501 118
501 455
501 1032
501 987
501 648
501 1055
501 589
501 445
501 79
501 286
501 961
501 495
501 435
501 460
501 919
502 247
502 588
502 1113
502 857
502 551
502 402
506 4
509 426
509 846
509 10
509 83
514 236
514 280
514 65
514 976
515 616
515 1028
515 374
515 21
515 921
515 782
515 269
515 653
515 723
515 536
515 727
519 552
519 1065
519 788
519 834
519 71
519 416
519 262
519 867
522 502
524 959
524 269
524 79
524 356
524 393
524 774
524 880
525 74
527 1055
527 908
527 324
527 386
527 116
527 8
528 961
528 495
528 761
528 980
528 912
528 7
528 85
528 589
528 1111
528 1042
528 425
528 407
528 79
528 460
532 362
532 445
532 415
532 763
532 501
532 676
532 980
532 589
532 10
532 649
532 987
532 680
532 1061
532 961
532 1117
532 733
532 185
532 426
532 460
533 775
533 148
533 867
533 269
533 71
533 86
533 727
533 428
536 83
536 364
536 477
536 426
536 55
536 765
536 655
536 456
536 640
536 515
536 817
536 118
536 247
536 653
537 628
538 260
538 867
538 887
542 977
542 928
542 1094
542 867
547 772
547 903
547 425
547 554
551 76
551 446
551 868
551 402
551 812
551 754
551 966
551 170
554 547
555 225
555 196
555 21
555 409
555 944
555 292
555 782
555 34
555 189
555 764
555 559
555 1022
555 645
555 976
555 242
558 79
559 555
559 906
559 645
559 196
559 189
559 628
559 763
559 76
559 34
559 457
559 889
559 21
559 917
562 1106
564 582
564 712
564 754
567 221
567 817
567 595
567 640
567 167
567 369
567 848
567 34
567 177
567 989
574 812
574 65
575 980
575 7
575 217
575 425
575 1073
575 495
575 772
575 407
575 823
575 56
575 85
575 912
575 829
575 745
575 528
576 648
576 787
576 91
576 743
576 691
576 1033
576 2
582 329
582 21
582 736
582 867
582 928
582 475
582 1033
582 279
582 515
582 995
582 746
582 1065
582 1113
582 293
582 966
582 721
582 269
582 754
582 95
582 727
582 967
586 1002
588 712
588 402
588 868
588 989
588 782
588 65
588 631
588 791
588 551
588 1023
588 867
588 117
588 196
588 57
588 298
588 681
588 1053
588 1052
588 1081
588 446
588 343
588 574
588 817
588 465
588 898
588 1033
588 896
589 468
589 407
589 31
589 221
589 961
589 118
589 346
589 1117
589 1032
589 415
589 948
589 212
589 532
589 500
589 980
589 460
589 185
589 125
589 483
589 777
589 976
589 922
589 435
589 425
589 733
589 10
589 217
589 501
589 495
589 364
589 83
589 79
589 575
589 280
589 350
589 292
589 629
589 1111
589 445
589 426
589 446
589 1022
591 776
594 867
595 1032
595 484
595 221
595 567
595 177
595 817
595 917
595 901
595 369
595 989
597 176
597 1105
597 249
597 1001
598 867
598 361
598 312
598 1041
598 1003
598 1065
598 830
598 648
598 171
598 1032
602 450
602 715
602 817
603 830
603 772
605 175
605 428
605 848
605 1101
609 874
609 844
609 673
609 723
609 902
609 296
609 77
609 383
609 510
609 1067
609 401
611 125
611 364
611 362
611 105
611 292
611 532
611 415
611 649
611 160
611 185
611 221
611 435
611 1032
611 976
611 1022
611 1004
611 171
611 989
611 280
611 680
611 648
611 328
611 987
611 446
611 34
613 977
613 486
613 742
613 542
614 270
614 1026
614 489
614 648
615 763
616 548
616 510
616 867
616 182
616 653
616 727
616 1028
617 1033
617 475
617 868
617 209
620 1058
620 1067
624 874
624 174
624 717
624 141
628 631
628 898
628 104
628 242
628 537
628 4
628 976
628 316
628 948
628 189
628 1010
628 848
628 286
628 929
628 393
628 245
628 443
628 867
628 288
628 764
628 990
628 34
628 889
628 1072
628 292
628 1051
629 987
629 280
629 842
629 1117
629 185
629 495
629 589
629 1099
629 269
629 468
629 10
629 460
629 648
629 754
629 961
634 407
638 654
640 364
640 55
640 848
640 118
640 167
640 292
640 1066
640 247
640 765
640 448
640 2
640 817
640 917
640 536
640 34
640 119
640 477
640 369
640 456
640 177
640 865
640 567
640 989
641 1095
641 338
641 166
641 451
641 860
641 79
642 4
645 21
645 628
645 1022
645 4
645 1032
645 976
645 555
645 242
645 189
645 196
645 245
645 944
645 34
648 912
648 532
648 171
648 1003
648 116
648 460
648 1090
648 48
648 966
648 703
648 1058
648 280
648 934
648 1111
648 288
648 279
648 435
648 445
648 446
648 423
648 416
648 149
648 328
648 1087
648 727
648 245
648 54
648 614
648 989
648 185
648 428
648 728
648 755
648 179
648 685
648 24
648 775
648 453
648 605
648 273
648 1026
648 286
648 319
648 1072
648 691
648 1043
648 976
648 258
648 393
648 4
648 980
648 598
648 1033
648 629
648 103
648 392
648 880
648 987
648 898
648 192
648 611
648 479
648 118
648 292
648 869
648 726
648 125
649 185
649 532
649 125
649 83
649 961
649 991
649 426
649 733
649 495
653 361
653 34
653 21
653 867
653 1091
653 727
653 536
653 385
653 378
653 976
653 616
653 918
653 736
654 369
654 21
654 817
654 74
654 370
654 917
654 364
654 475
654 273
654 329
654 995
654 640
655 83
655 334
655 393
655 157
655 1072
655 364
655 426
655 475
655 79
655 848
655 349
655 1117
655 1111
655 640
655 329
655 448
655 477
655 536
655 1033
655 48
655 107
655 869
660 34
660 196
660 1072
660 917
660 1008
660 1032
661 100
664 1111
664 922
664 34
664 676
664 95
664 212
664 680
674 280
676 95
676 951
676 532
676 125
676 685
676 680
676 1106
679 4
679 136
679 985
680 589
680 83
680 212
680 125
680 922
680 980
680 991
680 501
680 95
680 1061
680 1055
680 987
680 495
680 676
680 362
680 225
680 103
680 185
680 500
681 812
681 218
685 542
685 896
685 613
685 648
685 759
685 24
685 676
685 742
685 1065
687 800
691 269
691 416
691 1090
691 754
691 576
691 1113
691 812
691 720
691 402
691 868
691 884
691 713
691 1023
691 766
691 518
691 958
691 901
700 24
700 82
700 728
702 56
702 706
703 648
703 270
703 990
703 94
705 898
705 867
705 1033
705 99
705 989
705 582
705 342
705 1065
705 402
705 1115
705 754
705 274
713 774
713 1065
713 868
713 465
713 402
713 319
713 446
713 172
713 812
713 727
713 691
713 218
713 898
713 1079
715 727
715 141
715 174
715 1041
715 755
715 682
715 996
715 740
715 867
715 443
719 867
720 691
721 582
723 444
723 1018
723 296
723 260
723 865
723 922
723 867
723 734
723 157
723 1072
723 653
723 515
723 383
723 1004
723 1015
724 14
726 648
726 703
727 921
727 361
727 21
727 867
727 552
727 201
727 944
727 882
727 713
727 898
727 865
727 960
727 884
727 928
727 450
727 740
727 533
727 148
727 653
727 736
727 174
727 402
727 582
727 182
727 443
727 774
727 1079
727 141
727 1033
728 887
728 24
728 648
728 867
728 1065
728 497
729 301
729 250
729 393
729 754
729 582
732 434
733 495
733 961
733 426
733 680
733 589
733 10
733 509
733 83
733 649
733 460
733 846
737 4
737 79
737 715
737 917
737 286
737 628
737 292
737 1022
737 409
740 443
740 1072
740 715
740 1041
740 624
740 996
740 141
743 576
743 648
743 319
743 944
743 392
743 787
743 91
745 837
745 912
745 403
745 460
745 79
745 994
745 833
745 185
745 575
745 772
745 1095
745 217
745 823
745 987
745 495
746 1067
746 210
746 1066
746 935
746 458
746 63
746 1102
746 967
746 754
746 582
748 459
749 308
749 249
749 1001
754 81
754 551
754 515
754 1102
754 867
754 995
754 582
754 182
754 691
754 99
754 928
754 293
754 1065
754 27
754 430
754 887
754 564
754 999
754 746
754 712
754 729
755 79
755 869
755 174
755 996
755 867
755 648
755 740
755 715
755 727
756 479
756 614
756 489
757 867
759 685
759 21
759 1094
760 536
761 823
761 79
761 528
763 1111
763 764
763 95
763 867
763 149
763 4
763 559
763 514
763 615
763 1087
764 413
764 218
764 280
764 917
764 363
764 944
764 763
764 171
764 245
764 21
764 196
764 985
764 555
764 4
764 1032
764 645
764 1064
764 189
765 167
765 177
765 817
765 369
765 118
765 456
765 640
766 691
770 742
770 292
770 287
770 976
772 79
772 961
772 575
772 255
772 7
772 31
772 837
772 1042
772 603
772 980
772 641
772 994
772 390
772 928
772 912
772 987
772 1095
772 403
772 425
772 867
773 236
774 393
774 880
774 253
774 989
774 898
774 273
774 867
774 524
774 552
774 941
774 742
774 713
774 1033
775 533
775 945
775 328
775 648
775 519
775 857
775 287
775 327
775 779
775 423
775 605
775 175
777 987
777 961
777 680
777 532
777 500
777 842
777 816
777 125
778 436
779 1101
779 834
779 928
779 328
782 1010
782 1058
782 929
782 292
782 653
782 247
782 917
782 588
782 34
782 555
782 484
782 118
782 996
782 374
782 948
782 989
782 901
782 370
782 609
782 1032
782 515
782 631
782 1065
782 673
785 685
786 898
786 82
786 1005
786 259
787 743
787 691
787 91
787 883
788 835
788 1079
788 2
791 588
794 1003
800 887
800 423
806 510
806 921
806 1066
806 321
806 374
806 1067
806 1097
806 717
806 902
806 874
807 1023
807 218
807 465
807 812
812 551
812 817
812 1116
812 1053
812 588
812 298
812 703
812 867
812 824
812 117
812 898
812 691
812 727
812 574
812 319
812 370
812 713
812 402
812 578
812 201
812 896
812 218
812 705
812 111
812 465
812 454
812 443
812 1052
812 631
812 1113
813 402
813 1113
813 482
816 288
816 171
816 446
816 108
816 648
816 501
816 987
816 286
816 280
816 435
816 948
816 777
816 976
817 736
817 898
817 640
817 177
817 369
817 654
817 1003
817 602
817 2
817 595
817 402
817 989
817 1058
817 867
817 411
817 118
817 976
817 167
817 221
817 567
817 1032
821 259
821 518
821 744
821 786
824 898
824 118
824 782
824 446
825 50
825 530
825 1033
828 1002
829 575
833 79
833 994
833 745
833 772
834 928
834 328
834 519
835 1079
835 2
835 928
837 980
837 85
837 589
837 460
837 823
837 528
837 772
837 425
837 987
837 495
837 745
837 912
837 407
842 83
842 629
842 10
842 987
842 589
842 460
842 961
842 1117
842 495
843 906
843 1022
843 4
843 292
843 34
843 944
843 21
843 1064
843 104
843 1032
843 286
843 245
843 645
846 1033
846 17
846 1040
846 107
846 83
846 329
846 334
846 287
846 898
846 1117
846 48
846 443
846 393
846 55
848 83
848 448
848 755
848 567
848 655
848 1117
848 640
848 364
849 963
851 1032
851 901
851 996
851 976
851 292
851 989
851 221
852 214
852 393
852 1003
852 292
852 364
852 74
852 1002
855 320
855 788
855 958
855 944
855 835
857 502
857 71
857 86
857 389
857 907
857 775
857 533
865 723
865 383
865 1065
865 1067
865 1018
865 328
865 717
865 640
865 611
865 296
865 369
865 1097
865 548
865 167
865 1066
865 260
865 459
865 867
865 976
867 247
867 443
867 519
867 774
867 97
867 770
867 817
867 1032
867 705
867 334
867 249
867 1004
867 629
867 529
867 402
867 1117
867 713
867 989
867 1091
867 245
867 479
867 328
867 54
867 358
867 407
867 236
867 542
867 1116
867 320
867 10
867 715
867 34
867 2
867 588
867 4
867 754
867 649
867 265
867 865
867 708
867 99
867 83
867 772
867 616
867 757
867 895
867 727
867 279
867 385
867 912
867 887
867 917
867 748
867 426
867 1041
867 510
867 353
867 533
867 1051
867 178
867 444
867 966
867 733
867 664
867 1067
867 312
867 736
867 305
867 898
867 393
867 812
867 269
867 1073
867 430
867 723
867 782
867 95
867 677
868 1033
868 812
868 588
868 214
868 617
868 329
868 551
868 475
868 209
869 334
869 918
869 393
869 55
869 314
869 378
869 755
869 107
869 385
869 1040
869 867
871 1067
871 79
871 510
874 296
874 510
874 1066
874 921
874 374
874 609
874 806
874 367
874 401
874 624
874 287
874 153
874 383
874 902
874 1072
880 524
880 966
880 273
880 986
881 746
881 754
881 1067
881 269
881 935
881 210
881 947
881 458
881 81
881 272
881 789
883 855
883 691
883 273
883 787
884 329
884 727
884 887
884 930
884 24
887 538
887 358
887 754
887 1033
887 178
887 100
887 6
887 736
887 977
887 320
887 428
887 2
887 884
887 867
887 727
887 928
889 1064
889 764
889 245
889 645
889 555
889 203
889 242
889 929
889 628
889 21
889 1022
889 1032
895 867
895 844
896 402
896 218
896 685
898 774
898 402
898 423
898 846
898 292
898 1033
898 279
898 955
898 1029
898 616
898 328
898 648
898 996
898 727
898 812
898 582
898 772
898 588
898 713
898 703
898 951
898 935
898 976
898 887
898 628
898 502
898 95
898 824
898 361
898 548
901 1032
901 691
901 167
901 917
901 118
901 989
901 484
901 682
901 247
901 34
901 221
901 976
902 782
902 153
902 673
902 77
902 609
902 871
902 1097
902 1067
902 79
902 844
902 548
902 717
902 374
903 547
906 889
906 1040
906 34
906 645
906 1064
906 929
906 196
906 21
906 944
906 245
906 843
906 242
908 792
908 445
908 919
908 362
908 589
908 1055
908 386
912 987
912 8
912 455
912 280
912 575
912 393
912 528
912 745
912 726
912 588
912 460
912 31
912 495
912 423
912 837
912 362
912 445
912 994
912 772
912 185
914 491
917 1058
917 998
917 989
917 288
917 843
917 653
917 466
917 948
917 1119
917 660
917 559
917 167
917 640
917 34
917 402
917 555
917 944
917 409
917 393
917 1010
917 141
917 715
917 242
917 273
917 958
917 764
917 189
917 1081
917 443
917 459
917 1041
917 21
917 411
917 369
917 74
917 329
917 648
917 247
917 1061
917 817
917 196
917 245
917 79
917 595
918 869
918 1091
918 288
918 385
918 1058
918 265
921 548
921 1032
921 182
921 21
921 515
921 806
922 844
922 125
922 1111
922 961
922 460
922 723
922 495
922 34
922 648
922 500
922 589
922 980
922 664
928 1033
928 887
928 728
928 787
928 280
928 40
928 999
928 86
928 428
928 835
928 292
928 279
928 883
928 552
928 328
928 779
928 727
928 742
928 775
928 490
928 542
928 71
928 2
928 754
928 985
928 287
929 1032
929 944
929 245
929 1064
929 917
929 782
929 559
929 409
929 242
929 292
929 21
929 1022
929 645
929 196
929 4
929 628
930 384
934 302
934 648
934 1033
935 81
935 1009
935 746
935 210
935 881
935 458
935 1067
935 238
939 482
940 1113
940 319
940 1065
941 356
941 24
944 648
944 830
944 409
944 24
944 628
944 34
944 855
944 559
944 906
944 21
944 889
944 966
944 189
944 929
944 1058
944 700
944 743
944 287
944 764
944 1032
944 737
945 775
947 417
951 676
951 1065
951 499
951 867
951 1116
951 423
951 763
951 800
951 727
951 236
953 717
953 401
953 374
953 548
953 383
953 367
953 1097
953 902
953 296
953 510
958 582
958 855
960 914
960 491
960 282
960 727
961 460
961 733
961 989
961 994
961 1022
961 842
961 34
961 85
961 10
961 125
961 43
961 922
961 575
961 415
961 532
961 980
961 31
961 185
961 79
961 745
961 364
961 1099
961 435
961 286
961 468
961 217
961 105
961 350
961 407
961 1032
961 118
961 777
961 589
961 991
961 328
961 445
961 987
961 1117
961 7
961 500
961 425
961 374
961 362
961 772
966 81
966 746
966 393
966 648
966 123
966 50
966 273
966 774
966 329
966 320
966 250
966 867
966 361
966 880
966 986
967 746
967 4
967 999
967 754
977 486
977 685
977 279
977 1094
977 887
978 844
979 79
980 589
980 79
980 963
980 407
980 125
980 761
980 680
980 745
980 922
980 837
980 85
980 425
980 460
980 532
980 987
980 7
980 823
980 185
982 173
983 334
983 94
983 1040
983 55
983 846
983 314
986 393
986 648
986 273
986 774
986 1090
987 611
987 355
987 842
987 733
987 425
987 1042
987 43
987 948
987 445
987 185
987 961
987 350
987 364
987 328
987 280
987 1099
987 171
987 435
987 649
987 225
987 772
987 680
987 426
987 1055
987 292
987 991
987 407
987 288
987 468
987 204
987 589
987 31
987 4
987 976
987 495
987 980
987 116
987 105
987 221
987 528
987 34
987 118
987 480
987 575
987 532
987 217
987 629
987 1022
987 1061
989 361
989 774
989 501
989 364
989 34
989 459
989 245
989 691
989 717
989 495
989 484
989 673
989 595
989 292
989 567
989 287
989 705
989 996
989 411
989 865
989 648
989 221
989 917
989 1065
989 536
989 588
989 443
989 901
989 171
989 24
989 4
989 765
989 867
989 201
989 118
989 460
989 369
990 628
990 21
991 611
991 680
991 961
991 987
994 823
994 589
994 833
994 185
994 912
994 961
994 31
994 255
994 575
994 980
994 495
994 79
994 460
994 745
995 48
995 206
995 671
995 604
995 873
995 708
995 1113
995 39
995 742
995 66
995 754
995 976
995 364
995 329
995 1100
995 475
995 389
995 925
996 976
996 34
996 288
996 901
996 1058
996 989
996 948
996 715
996 867
996 247
996 782
996 851
996 443
996 292
996 21
996 898
996 740
996 484
998 867
998 917
998 292
998 54
998 598
998 1041
998 1119
998 245
998 21
998 1081
998 225
999 746
999 1113
999 881
999 81
999 1102
999 269
1000 79
1001 308
1001 749
1001 354
1002 392
1002 48
1002 423
1002 458
1002 110
1002 1033
1002 852
1003 443
1003 1002
1003 369
1003 292
1003 913
1003 727
1003 21
1003 976
1003 628
1003 715
1003 456
1003 392
1003 411
1003 794
1003 765
1003 89
1003 74
1003 598
1003 654
1003 364
1003 393
1003 320
1004 287
1004 296
1004 444
1004 167
1004 1097
1004 1066
1004 383
1004 844
1004 411
1004 867
1008 245
1008 196
1008 1072
1008 409
1008 917
1008 24
1009 935
1009 934
1018 287
1018 723
1018 383
1018 444
1018 865
1018 976
1018 95
1022 1030
1022 889
1022 245
1022 611
1022 589
1022 843
1022 221
1022 453
1022 258
1022 764
1022 21
1022 628
1022 989
1022 179
1022 645
1022 737
1022 185
1022 4
1022 1064
1022 118
1022 268
1022 242
1022 929
1022 555
1022 559
1022 292
1022 196
1022 288
1022 189
1022 495
1022 906
1022 286
1023 602
1023 884
1023 812
1023 446
1023 691
1023 868
1023 1065
1023 15
1023 402
1026 192
1026 1083
1026 614
1026 1022
1026 648
1026 68
1026 479
1028 736
1028 653
1028 727
1030 79
1030 103
1030 415
1030 4
1030 1022
1030 648
1032 495
1032 177
1032 1008
1032 1058
1032 589
1032 976
1032 1064
1032 459
1032 182
1032 782
1032 660
1032 446
1032 921
1032 1061
1032 292
1032 280
1032 1119
1032 559
1032 944
1032 555
1032 595
1032 987
1032 196
1032 598
1032 640
1032 221
1032 349
1032 1081
1032 648
1032 645
1032 364
1032 21
1032 515
1032 34
1032 998
1032 185
1032 1072
1032 484
1032 628
1032 989
1032 843
1032 411
1032 948
1032 4
1032 79
1032 501
1032 851
1032 764
1033 884
1033 552
1033 825
1033 976
1033 713
1033 1113
1033 836
1033 328
1033 727
1033 705
1033 898
1033 798
1033 475
1033 21
1033 797
1033 934
1033 292
1033 364
1033 1002
1033 48
1033 443
1033 2
1033 274
1033 588
1033 99
1033 966
1033 617
1033 846
1033 582
1033 867
1041 1032
1041 715
1041 480
1041 648
1041 867
1041 141
1041 598
1041 740
1041 998
1041 245
1042 823
1042 961
1042 744
1042 217
1042 403
1042 460
1042 980
1042 185
1042 589
1042 407
1042 495
1042 994
1042 85
1042 575
1043 179
1043 258
1043 415
1043 280
1043 103
1043 4
1051 867
1053 588
1053 712
1053 218
1053 578
1053 1052
1053 57
1055 908
1055 386
1055 501
1055 393
1055 362
1055 292
1055 987
1055 185
1055 919
1055 116
1055 532
1055 125
1055 324
1055 445
1055 79
1055 1061
1061 393
1061 24
1061 292
1061 116
1061 445
1061 225
1061 998
1061 1119
1061 362
1061 976
1061 917
1061 245
1061 247
1061 648
1061 204
1061 680
1064 843
1064 178
1064 196
1064 245
1064 764
1064 555
1064 906
1064 4
1064 628
1064 24
1064 1022
1064 21
1064 559
1064 889
1065 582
1065 428
1065 95
1065 1023
1065 552
1065 342
1065 1079
1065 705
1065 736
1065 817
1065 1107
1065 524
1065 812
1065 866
1065 490
1065 882
1065 148
1065 2
1065 519
1065 246
1065 754
1065 1116
1065 633
1065 865
1065 454
1065 518
1065 54
1065 99
1065 479
1065 940
1065 407
1065 269
1065 710
1065 713
1065 477
1065 257
1065 149
1065 985
1065 548
1065 361
1065 97
1065 272
1065 24
1065 328
1065 370
1072 1032
1072 723
1072 288
1072 948
1072 1061
1072 409
1072 628
1072 116
1072 917
1072 349
1072 987
1072 660
1072 204
1072 393
1072 34
1072 1055
1072 196
1072 655
1072 89
1072 782
1072 242
1072 1008
1072 21
1072 929
1073 633
1073 1065
1073 312
1073 2
1076 482
1077 1032
1079 320
1079 11
1079 867
1079 887
1079 490
1079 479
1079 570
1079 148
1079 985
1079 519
1079 835
1079 637
1079 951
1079 428
1079 279
1079 656
1079 578
1079 225
1079 1106
1079 754
1079 328
1079 302
1079 788
1079 172
1079 2
1081 218
1081 998
1081 1052
1081 34
1081 817
1081 588
1081 245
1081 65
1081 917
1083 68
1083 192
1083 1026
1083 136
1087 676
1087 236
1087 763
1090 648
1090 273
1090 986
1090 691
1090 393
1091 867
1091 1058
1091 869
1091 918
1091 305
1094 977
1094 759
1094 542
1094 819
1094 685
1094 100
1095 745
1095 403
1095 425
1095 390
1097 865
1097 806
1097 1004
1097 953
1097 1083
1097 374
1097 874
1097 609
1097 902
1097 95
1099 85
1099 589
1099 842
1099 10
1099 350
1099 346
1099 160
1099 83
1099 105
1099 629
1101 1079
1101 945
1101 175
1101 775
1101 327
1101 605
1103 1079
1103 1065
1103 148
1105 597
1105 1001
1105 354
1106 446
1106 1079
1106 6
1107 71
1107 1065
1111 185
1111 961
1111 655
1111 125
1111 980
1111 500
1111 460
1111 212
1111 763
1111 95
1111 987
1111 260
1111 495
1111 528
1111 867
1113 807
1113 691
1113 898
1113 172
1113 812
1113 940
1113 1069
1113 502
1113 995
1113 450
1113 836
1113 402
1113 552
1113 568
1113 206
1113 925
1113 1031
1113 637
1113 873
1113 66
1113 389
1113 1116
1113 999
1113 1023
1113 274
1113 868
1113 671
1115 21
1115 466
1115 705
1115 917
1117 680
1117 85
1117 83
1117 961
1117 532
1117 846
1117 334
1117 346
1117 470
1117 640
1117 426
1117 509
1117 181
1117 55
1117 655
1117 125
1117 460
1117 733
1117 468
1117 477
1119 998
1119 555
1119 225
1119 245
1119 1081
1119 292
1119 242
1119 976
