13 28
13 97
13 463
13 343
13 431
13 229
14 368
14 548
14 207
14 153
14 385
14 443
14 142
14 257
14 579
14 455
14 149
14 83
14 320
14 353
14 334
14 497
14 141
14 451
14 504
14 511
14 297
14 642
14 681
14 479
14 608
14 70
14 402
15 690
17 606
20 24
37 83
37 209
37 518
37 234
37 402
37 207
37 642
37 81
37 82
37 70
37 353
37 440
37 257
37 548
37 385
37 511
37 305
37 703
37 504
37 325
37 405
37 558
37 11
37 636
37 149
37 574
37 497
37 213
37 14
37 608
37 689
37 457
37 681
37 1
38 615
38 74
38 57
39 512
48 313
48 578
48 642
48 207
48 54
48 84
48 115
48 70
48 171
48 164
48 221
48 659
49 590
49 455
49 115
49 644
49 361
49 83
49 353
49 296
50 374
50 412
50 160
57 571
57 534
57 38
57 195
57 320
57 74
57 649
57 315
57 472
57 602
65 571
65 431
65 245
65 97
65 623
65 229
65 498
65 296
69 296
69 343
69 111
71 411
71 588
71 361
74 615
74 57
74 512
74 38
74 571
80 558
80 479
97 588
97 654
97 320
97 412
97 13
97 286
97 251
97 483
97 646
97 249
97 427
97 431
99 251
101 469
101 251
101 509
101 121
101 483
101 323
111 69
111 674
111 493
111 494
112 623
112 535
117 586
119 580
127 454
127 488
128 540
134 81
134 688
134 415
139 320
139 600
139 696
139 615
140 353
141 608
141 458
141 402
141 14
141 171
141 84
141 37
141 153
141 479
141 497
141 558
141 353
141 149
141 1
141 142
141 70
141 455
141 227
141 207
141 11
141 83
141 647
141 518
141 334
141 234
141 385
146 606
146 623
152 299
154 635
154 410
154 98
154 224
154 604
159 412
160 431
160 588
160 50
160 245
177 472
177 563
177 649
177 57
177 315
177 519
177 579
177 497
177 512
178 227
178 606
178 638
188 229
190 32
195 38
195 512
195 57
213 171
213 207
213 458
213 164
213 305
213 70
213 511
213 149
213 689
213 642
213 37
213 368
213 325
213 95
213 334
213 103
213 297
213 636
213 558
213 141
213 82
213 83
213 62
213 142
213 84
213 504
213 353
226 510
226 320
226 330
229 65
229 198
229 588
229 13
231 642
231 171
231 1
231 518
231 636
231 70
231 353
238 415
238 690
238 587
239 215
239 124
239 591
239 383
239 699
239 601
239 665
239 24
239 171
244 421
244 374
244 97
244 361
249 343
249 97
251 343
251 391
251 323
251 521
251 614
251 178
251 99
251 291
251 101
267 326
291 654
291 111
291 493
296 65
296 654
296 49
296 69
305 84
305 142
305 1
305 70
305 455
305 103
305 497
305 62
305 257
305 608
305 353
305 37
305 141
305 574
305 479
305 548
305 171
305 511
305 558
305 458
305 297
305 443
305 681
305 385
305 40
305 402
305 11
307 402
307 479
307 153
307 497
307 511
307 297
317 494
320 14
320 315
320 600
320 579
320 472
320 571
320 402
320 615
320 690
320 97
320 177
320 649
320 497
320 483
320 510
320 195
320 639
320 685
320 226
320 563
320 173
323 251
323 101
323 384
326 267
330 510
343 249
343 431
343 69
344 139
354 442
354 340
354 359
358 564
358 579
358 307
358 497
359 416
359 8
359 354
361 694
361 71
361 421
361 49
361 595
362 574
362 353
362 518
362 578
362 516
362 1
362 82
362 171
362 636
365 374
366 190
374 660
374 431
374 365
374 245
374 211
374 244
374 116
374 571
374 654
374 65
374 421
374 160
374 585
376 654
383 416
383 610
383 239
383 24
383 543
383 601
383 300
383 8
383 124
383 665
383 439
383 336
384 99
384 251
391 111
410 98
411 76
412 97
412 160
412 431
412 50
420 606
421 286
421 244
421 613
421 340
421 654
421 71
421 374
422 452
423 103
423 207
423 636
423 689
423 504
423 440
423 451
423 171
425 262
427 431
431 374
431 412
431 427
431 65
431 160
431 571
431 588
432 699
432 665
432 383
438 498
439 383
439 416
442 416
442 8
442 249
454 86
454 299
454 529
454 683
454 605
454 236
457 86
457 299
469 101
474 587
479 257
479 149
479 171
479 636
479 62
479 689
479 37
479 703
479 385
479 82
479 358
479 511
479 658
479 209
479 458
479 80
479 14
479 451
479 141
479 504
479 368
479 84
479 353
479 443
493 483
493 296
493 111
493 571
493 101
493 688
494 251
494 244
498 190
498 65
498 668
498 481
498 376
509 510
509 291
510 226
510 320
510 330
512 639
512 602
512 497
512 563
512 685
512 690
512 39
512 579
512 564
512 320
521 251
527 70
527 171
527 642
527 221
527 84
527 11
527 313
527 574
527 336
527 624
527 227
527 207
527 8
527 48
527 405
527 81
527 511
527 416
533 534
534 315
534 177
534 173
534 57
534 472
535 623
535 606
535 178
540 128
545 88
545 483
555 499
555 702
563 153
563 358
563 219
563 512
563 177
563 124
563 519
563 658
563 320
563 402
564 497
564 563
564 658
564 512
569 49
569 587
569 497
569 688
571 654
571 493
571 320
571 588
571 65
571 198
571 74
571 57
571 361
578 518
578 353
578 541
578 659
578 48
578 362
578 54
578 171
578 642
578 164
578 227
578 624
578 84
578 527
578 62
580 119
587 402
587 238
587 474
588 654
588 374
588 262
588 311
588 160
588 68
588 614
588 71
588 194
588 604
588 551
588 421
588 630
590 385
590 49
590 690
595 361
600 615
600 74
600 38
601 24
601 543
601 124
601 336
601 171
601 610
601 383
601 591
601 42
602 690
602 57
602 320
604 460
604 588
604 352
604 622
606 535
606 267
606 39
606 509
606 112
606 623
606 49
606 533
606 17
614 251
614 340
614 248
614 194
615 600
615 74
615 139
623 535
623 606
623 112
629 97
629 320
629 226
639 195
639 57
644 682
646 97
647 368
647 443
647 14
647 141
647 305
647 458
647 95
647 334
647 548
647 385
647 353
647 558
647 213
649 177
649 173
649 687
649 472
649 57
654 376
654 431
654 588
654 656
654 291
654 421
654 1
654 11
654 688
654 325
654 97
656 260
656 654
658 564
658 153
658 579
658 80
658 563
660 198
661 372
666 284
668 498
671 291
682 49
683 570
683 86
683 685
683 299
683 127
683 67
683 374
683 696
683 529
683 488
685 435
685 311
685 39
685 139
685 189
685 320
685 488
685 86
685 605
685 67
685 581
685 502
688 415
688 134
688 569
688 420
689 164
689 83
689 647
689 153
689 171
689 642
689 497
689 207
689 504
689 14
689 353
689 325
689 142
689 149
689 558
689 402
689 213
689 443
689 103
689 40
689 81
689 681
689 574
689 458
689 455
689 95
689 423
689 209
689 84
689 305
689 548
690 587
690 569
690 512
690 320
690 451
690 15
690 57
694 361
700 498
701 11
702 571
