411 24
534 170
615 279
361 487
154 426
13 18
359 489
128 117
654 372
521 656
493 424
412 178
160 156
661 366
493 498
590 76
694 565
48 11
600 199
412 363
50 490
80 213
690 550
80 107
533 268
588 703
474 398
97 623
535 444
615 359
50 669
291 62
661 335
690 273
80 113
231 321
512 214
146 36
17 393
160 144
498 639
623 135
540 665
366 12
147 328
700 565
307 32
71 314
354 299
498 410
702 160
20 7
469 607
644 600
391 537
99 383
606 358
661 695
420 544
467 666
545 506
701 327
702 354
411 144
178 458
239 59
361 81
362 274
101 648
384 611
358 506
656 627
540 549
365 58
537 16
362 479
479 530
639 586
146 611
647 464
244 86
602 243
510 8
656 563
623 435
139 337
668 415
439 307
134 513
537 477
537 49
534 258
467 146
291 407
595 655
512 507
512 590
267 603
646 319
422 72
177 504
432 22
587 172
700 672
296 685
533 541
323 202
442 281
587 202
330 615
660 99
427 459
15 28
284 538
97 612
685 252
614 579
521 235
226 505
178 265
660 588
595 613
238 424
391 580
366 299
537 243
195 480
99 617
354 407
521 527
537 220
383 216
666 651
188 434
49 106
527 587
127 106
469 247
512 433
112 511
160 394
479 682
534 398
412 8
361 326
457 247
521 320
231 83
74 147
688 203
563 344
134 629
69 434
14 329
376 78
71 527
457 36
13 51
323 79
231 2
702 628
656 411
600 604
344 392
177 218
694 263
154 201
639 134
479 275
587 59
154 381
57 216
602 524
296 558
422 97
492 124
91 421
615 557
411 353
590 149
391 84
425 286
38 94
134 503
374 593
602 541
602 352
361 641
361 443
555 651
425 377
569 437
178 653
427 118
365 169
438 540
492 84
38 379
535 209
431 662
427 249
57 105
48 531
305 493
614 699
700 194
139 338
147 24
284 626
658 675
656 207
671 94
644 445
555 235
101 693
99 37
15 353
376 207
540 127
374 178
411 187
178 402
57 590
134 31
296 553
195 113
117 588
15 290
534 519
606 109
140 152
420 468
694 469
533 596
384 630
431 413
493 401
420 45
178 355
425 376
330 156
595 678
604 261
15 657
188 382
509 429
421 308
571 114
226 222
57 622
432 190
99 605
160 387
545 150
13 628
563 545
330 571
527 435
152 147
99 46
700 31
660 514
48 195
688 317
614 429
231 217
15 126
134 695
160 580
595 323
422 93
527 664
649 318
701 621
251 230
213 552
320 136
467 316
141 373
244 171
307 279
49 427
111 537
688 571
467 521
604 463
431 257
498 225
685 444
20 79
454 276
231 382
580 405
15 351
146 537
604 500
685 388
152 654
359 353
689 244
38 355
671 228
647 448
190 234
238 574
249 497
580 598
668 340
646 665
601 343
702 533
384 530
613 84
343 676
139 482
604 626
291 490
569 56
660 210
80 564
140 345
20 272
412 52
564 334
48 77
267 332
661 243
685 94
80 595
615 552
425 383
147 117
330 454
647 79
578 350
226 128
654 258
666 469
685 567
226 376
69 611
660 406
671 333
427 500
502 265
537 670
74 332
701 318
410 37
267 395
534 642
587 492
683 408
656 590
658 593
291 594
606 171
344 117
629 478
412 463
604 329
439 315
602 273
694 453
587 542
571 554
231 214
354 420
97 633
231 284
588 110
374 557
101 606
362 415
49 656
195 187
564 335
317 644
600 541
213 366
111 287
588 646
358 603
119 645
467 687
99 412
587 293
469 219
661 487
474 497
512 673
284 551
14 205
412 79
492 506
154 216
134 234
226 165
284 251
154 371
17 107
80 617
660 251
65 461
154 581
50 635
668 204
613 682
690 176
147 447
555 548
685 555
91 662
563 89
80 179
284 99
646 346
690 192
660 65
326 130
521 96
343 520
654 326
682 303
178 588
492 13
374 445
48 118
454 126
374 225
344 442
580 322
127 377
646 548
602 490
226 327
421 234
344 263
689 269
702 152
65 101
140 559
432 677
555 211
50 86
296 412
690 700
422 25
656 480
689 241
442 302
119 10
646 568
590 470
91 612
177 394
249 524
39 180
119 655
239 411
320 144
15 132
231 427
320 191
139 43
563 314
330 6
251 180
701 497
467 407
479 494
226 293
50 432
702 24
391 253
689 373
602 416
195 588
361 497
330 210
682 427
420 510
527 629
422 412
563 524
606 70
238 597
15 216
411 341
305 327
366 585
99 234
432 231
239 624
615 13
688 485
117 560
229 547
494 304
99 69
658 337
226 121
623 693
493 218
509 3
702 580
178 645
91 342
639 125
97 291
534 373
689 293
177 425
600 30
251 591
317 257
101 345
177 99
366 69
644 615
492 510
410 545
623 267
374 650
152 572
689 107
17 411
498 602
587 684
493 260
694 486
474 104
454 641
571 456
354 9
326 208
160 363
527 644
154 100
587 443
50 346
438 590
533 345
457 31
128 81
629 634
344 505
545 583
555 49
190 53
590 241
427 681
646 35
422 522
454 613
668 488
101 471
37 134
420 105
602 230
141 507
229 533
427 60
649 595
326 325
580 124
14 442
305 639
492 249
229 559
578 338
159 293
688 213
423 49
13 114
654 186
661 306
649 674
533 305
160 305
613 241
569 501
492 535
527 259
654 672
361 642
362 20
119 41
177 153
14 331
604 347
431 148
613 230
502 171
427 343
521 245
671 379
154 96
688 94
668 226
411 674
159 443
606 5
134 76
14 379
139 114
432 694
479 613
420 511
13 679
454 386
661 638
229 647
700 34
112 677
111 338
654 110
146 62
683 205
383 46
540 72
354 488
595 98
326 566
521 489
439 550
421 327
49 184
671 237
343 423
683 174
498 606
374 198
469 584
614 448
384 575
690 270
190 594
361 204
141 417
509 263
296 53
658 581
588 148
140 629
39 397
177 80
376 659
305 524
111 339
50 519
602 422
244 51
498 80
251 598
639 409
412 410
213 478
160 88
13 89
492 688
238 576
160 472
323 100
649 454
134 69
159 625
600 654
654 148
682 594
595 92
439 29
65 671
17 501
412 390
213 650
411 560
238 226
177 638
147 280
493 368
154 500
685 81
467 341
700 673
422 356
494 303
431 448
147 510
578 167
69 9
323 669
147 608
20 453
48 678
498 345
602 377
147 595
701 524
425 437
20 675
128 261
384 145
606 365
391 367
57 294
606 476
99 135
134 80
229 391
343 276
493 86
457 284
15 344
291 30
685 568
580 374
590 244
231 66
623 505
425 669
410 346
249 281
660 494
533 421
343 314
431 539
80 632
50 377
146 41
646 42
510 37
668 365
177 436
588 316
578 73
694 100
38 512
50 473
119 158
590 79
177 45
213 331
439 583
623 271
91 673
701 617
474 229
307 476
323 257
383 530
595 537
587 176
74 427
99 465
383 333
71 176
534 160
177 453
69 426
117 77
13 46
141 594
65 396
694 318
438 563
190 23
249 199
527 452
13 403
112 276
147 133
291 55
600 156
391 35
365 611
613 375
99 0
128 218
527 9
159 96
146 638
425 511
20 60
267 204
154 437
178 372
614 22
17 226
13 88
296 635
509 120
702 490
20 642
14 364
134 394
188 477
296 632
291 264
629 611
694 618
595 328
420 600
91 271
365 133
654 534
296 140
14 463
494 537
188 604
666 79
140 206
421 319
578 10
479 264
571 362
639 84
578 683
431 639
671 524
432 421
537 516
317 619
178 146
307 7
422 29
326 276
267 373
682 564
80 247
391 546
474 167
14 395
615 617
683 516
358 459
159 480
510 465
343 383
555 515
425 81
701 342
57 280
467 7
359 446
540 672
615 278
425 690
65 180
438 130
190 582
38 203
365 252
425 119
688 246
646 203
411 518
251 65
159 602
391 669
427 181
606 19
595 454
39 217
354 619
178 469
127 561
140 157
700 299
700 564
365 678
606 251
343 532
354 648
701 211
344 170
14 61
509 307
15 169
305 216
601 620
512 116
425 672
467 384
602 69
48 247
685 18
425 312
493 455
671 532
649 127
128 264
127 279
646 110
296 333
361 669
439 210
431 643
666 307
479 181
134 555
701 296
432 108
587 286
421 481
305 109
644 545
683 163
606 647
177 593
249 578
658 87
147 464
457 234
139 64
13 19
494 564
57 599
249 698
190 568
540 25
540 668
38 478
160 0
425 122
494 563
383 447
139 420
540 181
432 113
305 547
658 79
229 26
317 648
527 229
498 81
474 204
48 445
439 364
384 336
366 581
190 279
644 625
97 261
50 141
540 537
442 396
421 548
467 72
600 641
361 654
14 99
661 78
111 349
420 228
689 251
154 285
493 665
442 555
527 494
537 459
564 258
307 388
358 324
425 282
502 15
91 144
590 610
365 531
422 185
226 310
685 71
563 581
457 574
39 559
534 97
492 620
654 141
326 317
606 467
629 131
545 703
323 49
362 247
639 6
533 11
587 298
510 485
359 487
80 504
147 152
623 268
512 692
438 697
99 281
540 586
613 307
534 112
13 496
320 96
563 84
48 491
533 85
474 357
420 268
644 229
666 497
431 703
229 260
604 318
226 94
141 26
540 636
421 275
588 180
374 37
358 78
111 91
694 695
654 550
647 131
534 505
442 330
537 233
649 128
606 343
590 497
146 308
231 637
119 567
361 252
117 630
99 153
613 14
231 594
74 626
91 26
613 292
534 161
595 241
101 28
474 208
344 76
606 585
512 412
376 172
238 471
362 432
412 186
537 578
412 188
101 337
454 699
231 192
494 506
383 675
112 234
296 156
563 467
296 76
177 167
112 401
412 151
535 21
291 353
296 677
39 460
563 394
438 417
537 677
639 27
688 622
238 619
454 68
540 100
74 191
420 631
427 328
69 211
159 474
656 530
427 533
305 238
467 23
701 346
160 698
323 363
146 115
474 413
564 159
383 361
13 129
97 414
365 0
74 619
178 267
139 614
439 452
580 256
213 115
226 229
37 589
412 185
17 69
649 421
410 615
555 365
330 58
658 76
668 461
177 298
190 507
411 496
493 160
555 157
563 7
229 353
700 637
229 158
439 543
229 605
510 637
601 178
305 632
111 452
391 263
629 539
656 630
656 573
535 648
578 453
154 299
671 437
668 399
644 411
629 243
134 260
17 478
140 452
366 537
509 193
439 337
361 181
13 536
251 703
190 15
69 531
639 407
146 227
244 292
701 527
195 625
614 186
595 338
14 338
226 580
420 63
423 74
139 450
37 98
613 668
97 45
330 26
91 138
469 251
534 645
188 629
571 39
604 687
296 160
317 516
701 9
502 369
366 551
320 165
493 363
307 698
683 535
467 182
649 253
614 536
647 485
639 302
563 528
457 196
604 461
688 503
238 578
376 566
154 60
694 350
147 572
365 615
159 661
569 680
305 665
317 5
571 556
391 100
160 234
690 447
284 536
571 278
647 522
571 59
590 90
527 558
411 284
410 401
307 169
188 383
147 532
50 123
101 4
343 461
127 642
668 478
571 338
690 328
71 83
412 254
140 390
421 208
493 633
694 262
69 512
99 263
359 392
587 437
494 386
374 14
614 363
533 198
190 476
442 389
317 398
330 543
647 657
412 343
595 322
139 186
20 204
384 676
37 115
668 100
479 111
111 559
502 540
15 625
359 27
239 261
101 552
438 294
91 169
578 198
590 81
159 652
190 536
231 159
226 509
668 491
661 494
374 545
178 129
569 506
15 423
457 372
267 491
649 567
101 71
305 345
128 316
588 72
307 378
527 242
57 219
613 624
671 330
588 611
614 615
454 365
366 277
646 155
127 173
80 491
343 450
422 60
127 508
213 580
38 258
685 384
614 390
178 48
65 369
49 169
128 192
534 603
146 677
296 61
658 282
69 679
629 106
38 657
563 14
99 252
647 208
614 647
50 588
702 124
521 492
615 63
600 539
666 475
602 111
410 387
649 548
604 703
391 640
284 189
646 650
467 125
521 318
139 591
291 391
615 276
688 682
604 222
502 235
564 435
661 377
469 449
20 640
154 673
604 57
494 623
629 31
509 542
702 269
49 360
49 547
442 647
690 256
134 61
479 431
425 389
569 664
432 86
317 239
411 200
606 573
660 416
671 417
178 387
427 55
606 311
188 264
65 194
604 227
97 441
239 278
690 421
127 419
362 407
384 497
37 18
457 596
661 516
226 230
13 311
366 500
112 697
323 690
229 638
384 679
320 101
647 216
284 623
600 362
646 125
569 617
533 280
152 666
20 486
479 18
649 608
545 402
685 619
587 431
48 526
600 35
527 695
326 433
690 161
159 137
454 473
97 214
71 261
454 18
238 215
330 243
604 86
521 314
14 690
231 301
442 593
492 63
384 377
374 534
99 614
49 597
317 39
658 316
50 548
111 530
569 518
190 38
682 620
537 51
420 73
494 159
391 672
656 420
590 47
140 0
244 639
509 528
432 574
671 258
422 624
17 686
421 585
366 102
527 608
80 451
588 289
57 558
602 277
410 60
127 30
702 83
154 196
614 300
649 635
14 166
512 640
690 264
154 448
147 287
644 425
343 151
128 274
563 71
291 152
376 90
661 88
74 488
614 436
498 61
244 149
602 650
658 562
146 202
383 668
590 565
358 518
320 398
71 144
146 589
99 168
502 318
587 635
668 208
244 645
604 361
421 140
683 178
358 362
229 291
361 270
654 259
48 420
48 557
20 617
683 90
615 113
700 291
469 395
112 569
563 549
454 36
37 648
604 349
660 590
239 163
326 9
602 660
682 142
479 444
432 145
231 56
533 166
600 33
578 134
431 231
647 5
493 510
671 221
580 340
65 344
661 281
510 424
639 80
493 85
49 258
420 194
615 121
689 356
442 686
296 91
238 463
700 151
457 112
69 384
188 175
101 656
20 528
159 258
296 509
601 641
119 650
284 344
545 449
422 592
411 620
412 347
127 132
537 585
537 80
101 35
291 496
178 9
291 132
422 271
682 115
134 476
671 495
14 698
639 77
251 215
564 46
190 223
457 504
91 318
602 390
326 61
411 621
374 642
644 581
555 263
91 172
97 289
644 554
494 598
694 328
601 507
48 96
326 108
244 189
366 569
654 395
427 466
410 92
668 489
127 17
154 466
383 443
50 613
534 79
580 380
160 595
238 78
467 22
595 55
689 189
512 140
685 513
101 636
326 65
510 76
154 463
537 686
141 628
425 528
226 604
535 61
147 163
646 205
683 546
666 530
604 322
384 580
154 506
479 690
80 376
510 129
74 240
359 327
600 633
639 616
101 299
479 472
127 232
69 114
365 637
384 699
323 185
366 279
177 207
190 56
69 135
195 649
588 19
690 36
540 465
91 365
683 49
658 384
359 449
231 588
658 34
231 378
427 329
13 698
119 532
454 138
354 615
512 97
366 447
431 671
479 337
537 548
112 649
639 163
604 637
578 590
38 335
244 316
683 497
15 576
580 248
112 473
690 522
479 614
112 158
141 96
656 350
376 682
457 317
420 58
127 94
358 216
423 584
432 393
420 498
702 87
213 670
623 686
688 326
38 456
498 314
139 129
644 130
474 601
614 238
343 16
537 340
492 352
606 276
251 105
545 492
343 387
231 196
580 352
660 608
656 624
671 387
512 93
195 99
366 360
498 332
14 97
177 114
613 152
391 442
305 699
154 276
439 218
613 543
50 454
474 176
97 237
411 507
578 488
521 134
365 410
535 217
411 61
74 694
69 90
284 300
127 189
509 478
359 468
512 219
307 424
15 97
639 106
99 142
213 398
492 481
69 129
613 371
213 74
420 463
425 343
213 557
604 506
244 676
365 328
639 400
606 617
323 114
376 115
661 323
213 570
14 676
411 423
545 180
344 177
226 43
623 153
694 269
564 521
330 157
226 602
555 466
498 680
291 689
152 25
701 398
683 184
623 541
545 261
700 642
421 302
97 40
152 332
494 555
101 91
239 234
600 567
97 254
296 24
139 201
134 631
422 673
343 398
39 367
658 210
521 197
112 220
411 81
13 317
521 508
330 200
384 11
15 269
502 142
238 445
509 146
660 263
57 34
701 118
629 353
128 323
644 687
578 205
359 615
571 373
178 173
639 567
656 196
15 579
134 331
580 162
689 2
639 700
361 153
564 294
226 496
534 670
432 489
590 368
660 619
374 0
50 189
226 256
190 22
71 617
37 15
317 635
442 470
623 120
111 614
656 148
159 605
361 192
578 612
569 589
80 343
613 11
229 529
112 555
317 233
91 226
159 634
606 490
601 405
534 665
128 250
658 306
134 97
307 368
420 152
307 213
65 478
391 566
343 360
15 628
502 225
509 274
160 492
661 277
20 134
666 55
656 531
14 433
509 34
358 185
685 598
374 561
284 310
427 154
101 359
423 496
117 370
564 38
17 97
320 670
159 54
391 662
178 266
48 702
702 145
494 399
177 347
654 638
439 23
38 40
229 666
658 312
493 570
291 517
97 181
80 65
99 520
177 293
654 681
384 462
152 233
658 113
694 206
384 144
374 653
323 93
140 504
13 216
244 491
244 47
689 182
323 497
454 561
563 263
343 256
80 604
555 54
613 414
512 132
545 399
91 101
469 317
320 607
146 622
383 345
251 280
296 239
358 637
454 470
101 539
683 214
361 362
37 651
127 37
431 501
147 663
38 647
613 385
411 125
457 551
152 366
654 154
644 597
535 625
71 655
454 277
647 662
391 395
502 201
39 49
354 254
344 204
423 405
330 386
74 624
502 270
358 367
431 645
305 256
160 246
359 565
527 445
134 540
658 477
14 460
80 691
226 489
587 674
326 680
97 3
229 90
512 506
152 72
134 459
649 632
365 534
512 227
239 201
39 657
239 556
190 100
195 415
366 59
411 258
291 98
374 514
14 107
644 640
141 650
326 554
467 99
284 1
344 551
112 341
646 302
410 313
535 320
57 379
623 52
284 137
49 348
498 430
238 504
146 14
365 657
569 47
111 343
438 97
442 514
160 67
533 577
694 644
326 530
128 126
307 10
421 391
666 369
358 458
71 622
498 84
654 117
267 18
660 151
555 277
537 453
510 221
112 415
343 598
694 62
656 481
99 607
38 415
647 456
39 266
521 295
647 167
421 125
580 101
366 417
614 639
99 45
606 578
65 163
537 154
420 579
671 365
540 658
147 448
195 120
127 312
323 136
521 213
17 356
533 179
688 344
588 341
442 108
533 95
134 254
412 1
317 512
229 141
160 581
690 463
65 186
534 399
239 226
604 541
588 37
48 269
421 257
296 323
307 472
600 10
238 340
614 506
251 202
432 509
683 404
20 653
39 308
535 346
384 126
498 384
195 492
128 334
604 654
661 581
431 675
231 61
682 263
469 309
427 634
57 261
555 107
535 228
74 2
366 146
644 138
454 645
644 53
646 571
323 670
359 172
160 554
432 513
244 87
49 447
231 634
249 688
112 114
127 90
422 568
320 304
152 188
509 195
344 144
545 494
365 673
178 338
14 357
231 190
494 501
564 112
666 306
564 493
509 92
147 2
606 295
604 623
660 254
13 659
420 451
71 36
427 307
498 179
160 484
601 259
320 653
154 102
431 291
420 225
267 689
537 8
442 671
39 459
527 270
412 615
422 573
152 176
694 686
688 186
38 147
141 687
71 255
600 528
442 232
454 165
344 233
423 65
50 8
284 198
510 297
439 653
50 90
97 50
535 400
80 623
267 283
537 478
614 636
101 16
563 246
344 240
296 564
229 250
146 354
639 571
244 688
188 124
112 508
442 28
229 257
602 171
660 384
330 262
48 391
74 150
111 175
644 614
160 377
65 276
469 310
112 62
563 32
602 594
366 507
527 335
564 530
152 485
479 184
412 56
141 389
362 130
48 518
14 30
431 241
305 500
587 205
307 263
69 555
479 582
606 316
639 411
412 653
307 226
244 265
117 278
147 412
140 528
239 365
48 386
344 500
700 415
602 7
359 452
629 151
317 190
57 27
702 73
231 276
701 151
376 447
97 508
366 178
629 640
362 262
580 311
656 218
590 214
587 337
365 291
512 239
146 256
244 307
656 598
57 56
323 529
39 66
494 395
545 366
527 563
178 565
420 612
427 288
91 217
666 684
656 102
411 480
146 294
384 276
14 607
540 501
140 656
457 21
190 252
195 672
479 676
647 226
17 517
15 379
365 696
326 476
410 344
427 334
74 487
411 403
604 10
587 508
569 443
188 661
374 690
615 322
146 116
421 644
147 175
251 475
690 538
494 270
702 434
326 235
154 491
15 555
654 173
359 316
80 433
545 645
587 451
420 34
660 602
48 625
509 455
127 66
702 412
71 398
614 37
644 593
101 346
540 639
391 150
344 20
160 393
37 12
391 67
540 657
154 189
354 364
128 333
425 387
119 507
99 4
668 572
644 320
666 211
421 629
439 25
420 462
493 580
535 465
38 556
629 367
563 306
498 284
639 540
365 140
239 353
604 664
49 254
119 154
629 207
134 294
639 521
213 529
510 582
540 137
139 317
366 651
48 161
284 150
231 418
661 683
49 321
690 680
545 625
74 220
14 354
639 621
249 158
412 44
323 16
502 320
537 555
229 346
587 70
80 147
291 590
80 459
614 31
606 327
305 387
213 499
80 687
535 515
639 620
671 359
15 672
614 504
427 306
646 479
160 467
411 251
432 204
422 304
366 415
305 545
411 246
578 53
689 685
474 411
580 557
251 682
432 557
432 188
147 189
15 473
694 6
423 122
410 583
571 139
683 315
702 55
38 693
654 472
474 702
91 2
48 217
48 128
564 475
358 25
588 31
410 319
359 30
343 73
188 150
654 603
127 446
159 554
671 166
343 247
590 527
467 579
267 276
291 310
39 529
384 147
69 250
50 440
99 569
545 82
563 185
291 458
510 249
510 269
305 328
344 317
422 383
555 689
682 114
238 404
305 276
694 244
432 476
320 134
510 418
535 151
423 318
494 123
376 691
239 121
365 357
147 411
249 245
412 106
502 430
117 682
101 222
239 270
578 272
296 472
49 459
671 604
99 576
296 379
469 577
701 585
410 345
344 578
682 589
479 392
49 398
49 397
498 394
588 442
457 417
69 479
694 75
587 225
492 644
376 433
49 190
509 103
509 586
649 509
646 472
454 571
239 90
600 173
588 572
649 559
442 146
644 111
141 466
545 285
629 332
57 33
432 216
37 425
537 101
545 680
700 336
661 362
117 251
422 28
442 130
571 411
134 590
249 196
432 612
671 520
159 209
671 630
37 203
479 60
639 47
595 226
602 413
623 665
571 294
154 324
602 439
600 578
457 97
690 199
689 600
366 83
623 357
296 614
284 466
683 396
555 502
213 418
251 381
291 270
545 440
80 688
48 101
623 482
590 611
267 599
555 474
623 219
454 272
358 701
701 608
602 355
689 41
139 467
112 260
296 598
112 86
654 443
422 311
411 234
492 528
569 495
291 14
50 674
647 288
564 340
366 107
74 299
284 424
190 348
469 332
457 681
540 10
537 501
195 669
614 605
239 207
119 20
91 544
420 700
521 52
540 39
411 262
159 560
128 78
689 161
601 125
229 173
330 448
91 331
702 199
493 662
623 389
509 661
563 150
20 598
423 539
555 221
492 536
685 560
540 133
629 547
540 67
134 24
494 684
690 210
479 112
296 303
606 376
683 167
229 115
639 503
410 529
683 422
493 441
564 561
601 603
438 142
537 496
251 263
683 99
512 291
498 361
580 601
666 511
358 487
49 549
48 447
421 364
159 153
588 250
411 360
654 457
615 640
117 548
688 385
411 434
412 16
111 668
57 448
38 353
101 411
17 29
545 569
431 154
425 546
38 592
97 288
454 228
17 579
111 542
361 173
412 267
649 652
702 495
555 376
494 346
177 285
112 167
154 600
410 595
49 72
69 579
384 80
666 58
512 623
71 649
317 58
317 457
682 686
128 40
615 402
374 520
37 206
391 108
383 428
613 269
365 60
580 51
521 574
492 16
571 66
359 157
454 139
442 414
376 530
694 89
238 139
323 485
649 374
432 538
147 435
563 419
343 508
146 642
509 377
658 586
57 312
666 388
190 184
326 636
239 581
502 110
683 55
604 315
510 210
421 688
474 166
326 517
494 426
57 445
580 686
239 467
159 238
688 357
267 259
112 156
469 703
432 440
644 294
420 549
512 517
689 440
376 575
354 530
588 631
229 117
442 230
361 273
111 386
521 611
474 124
602 359
564 360
479 462
580 595
587 277
317 660
154 338
366 1
154 532
498 194
492 89
457 80
362 110
600 417
668 276
152 372
391 529
134 496
474 269
361 289
410 703
391 470
50 57
509 462
69 362
685 142
291 302
442 627
361 397
595 439
654 264
623 605
602 510
17 593
374 419
421 686
689 155
606 173
420 556
74 189
666 639
689 53
37 308
646 459
190 88
127 415
160 518
578 243
251 547
639 464
178 81
509 40
527 294
74 28
330 90
249 421
195 339
647 369
305 555
65 577
49 262
39 684
454 498
178 408
563 525
91 61
50 319
284 252
160 638
376 563
702 26
119 478
384 601
479 649
457 677
38 440
231 581
117 298
80 556
391 179
412 320
600 674
374 395
139 274
623 69
69 315
330 354
602 305
682 170
160 499
101 668
152 194
37 342
188 247
134 640
512 18
537 216
229 146
267 439
359 473
423 150
391 524
39 136
152 425
326 582
111 566
512 546
639 419
177 61
569 510
326 125
580 531
384 356
454 24
97 391
376 589
359 553
666 332
666 143
647 499
147 244
646 187
128 490
119 169
354 703
690 640
226 547
702 177
439 587
442 588
512 101
527 632
376 242
660 391
588 267
702 617
668 607
69 15
320 664
563 506
492 621
249 592
580 542
48 337
555 670
661 585
128 330
527 567
317 470
305 495
601 71
649 221
540 370
646 234
688 112
563 50
13 609
231 454
423 667
411 499
502 138
65 20
284 36
510 480
410 152
213 482
49 395
238 291
146 478
361 160
91 571
442 501
238 595
685 442
512 700
474 62
38 120
564 22
307 441
160 211
249 574
195 619
683 140
128 89
267 351
602 393
502 67
244 501
701 172
685 419
14 293
545 215
410 374
509 441
614 403
512 230
479 323
177 264
595 62
588 427
423 316
425 523
178 487
700 130
629 429
50 504
291 233
374 331
644 86
614 141
71 254
700 523
80 288
320 427
80 520
229 643
702 440
682 213
602 547
423 567
267 514
623 498
239 505
112 302
57 376
188 490
602 283
683 426
701 206
239 104
296 577
330 435
510 165
668 225
80 495
20 569
160 493
20 350
365 219
521 367
682 520
91 290
159 311
588 645
494 493
606 12
700 617
229 85
604 99
595 325
39 363
425 682
423 589
688 656
671 14
177 140
439 44
502 536
17 86
580 654
14 185
689 459
569 572
365 46
623 85
615 613
668 83
494 45
91 453
431 409
366 449
571 505
540 332
238 539
38 423
545 441
101 161
50 667
238 529
119 90
587 378
613 413
343 363
600 305
587 80
291 227
249 689
527 96
112 388
365 521
38 322
354 206
140 527
690 343
479 193
533 700
141 481
502 18
666 406
661 183
80 417
366 16
654 483
284 441
358 617
521 376
700 90
700 97
226 458
213 617
425 35
141 164
438 309
139 148
65 563
358 488
469 144
685 646
231 229
412 559
537 293
649 80
374 502
521 456
231 175
146 418
159 506
97 57
423 132
384 61
154 554
159 660
154 349
660 638
512 608
423 524
231 64
454 124
101 595
469 202
190 420
502 653
425 529
545 343
69 395
422 92
307 326
694 292
701 606
600 272
365 628
49 646
358 320
498 122
99 271
159 349
540 225
359 139
412 670
13 394
442 421
683 306
251 508
190 81
117 232
512 622
50 614
423 26
700 433
421 507
600 301
540 651
154 256
231 485
69 506
384 682
510 366
20 688
91 90
284 192
479 220
57 52
361 210
159 53
365 177
374 166
365 601
442 68
590 48
660 427
384 584
682 79
654 230
134 250
159 34
510 200
601 524
57 409
646 402
38 632
602 350
420 393
537 696
383 656
423 6
569 106
190 233
533 379
509 266
48 179
267 317
694 98
74 517
647 3
251 587
38 208
178 98
134 158
671 633
229 227
601 695
600 591
229 381
564 505
365 212
91 268
226 193
17 702
555 640
20 691
101 602
344 221
57 146
646 491
112 187
658 102
134 397
644 102
366 483
479 506
38 52
601 367
49 383
701 632
49 468
365 272
99 703
284 539
17 233
689 54
284 622
571 557
39 107
412 425
613 232
457 90
37 567
119 85
365 643
700 363
563 47
702 315
701 33
694 648
160 575
660 131
117 144
647 156
244 400
117 320
134 551
521 662
555 642
421 449
533 462
99 661
649 369
469 685
391 272
689 34
654 507
249 366
362 418
111 655
493 486
139 24
509 384
533 139
510 134
421 82
614 405
512 666
661 140
160 230
48 622
188 14
422 269
494 307
690 594
49 79
512 295
119 252
249 569
502 618
127 436
420 6
412 305
661 555
231 183
601 68
601 60
361 662
474 572
423 537
537 35
231 74
229 677
469 213
152 585
99 516
326 122
512 570
644 209
494 210
359 204
71 461
613 665
571 459
160 343
494 231
71 91
410 467
412 701
140 430
238 169
527 6
160 511
527 611
195 315
231 605
601 195
533 237
646 312
119 587
91 322
320 122
69 150
600 524
99 140
178 624
152 546
479 202
391 95
213 618
649 134
127 80
439 233
195 281
20 342
101 672
238 84
376 385
267 145
178 455
362 369
159 624
604 235
128 463
623 538
91 53
213 135
432 379
358 41
535 122
658 237
454 74
326 612
509 583
39 560
305 650
238 622
291 107
291 640
590 32
139 546
533 566
362 149
296 306
494 46
427 102
291 550
410 413
700 571
50 146
623 523
231 491
587 296
411 487
600 210
656 171
512 448
391 468
658 574
644 656
535 124
666 232
521 695
343 537
533 474
13 179
229 344
474 662
540 440
666 30
147 340
361 635
590 688
425 234
139 303
668 82
74 18
474 691
606 169
101 231
587 156
438 639
71 31
366 240
454 151
555 393
101 248
658 492
101 201
658 588
615 125
438 221
159 464
647 165
15 697
457 0
700 163
112 574
365 211
69 625
442 364
467 58
117 295
649 383
432 297
615 669
578 264
587 105
358 24
317 23
376 280
213 32
317 38
305 508
540 66
320 693
91 185
533 265
190 563
658 177
602 93
20 162
374 297
595 274
134 656
188 668
689 314
615 418
521 591
614 51
442 418
343 415
682 323
317 73
69 521
563 702
535 486
190 630
50 59
251 306
656 53
590 681
249 669
685 224
384 362
244 158
690 279
578 613
15 496
432 600
412 115
569 373
97 377
629 210
623 50
580 581
291 328
383 45
101 397
152 134
50 107
320 212
320 578
101 363
493 45
432 382
661 158
411 67
658 345
160 117
13 96
701 391
391 427
291 702
432 335
647 227
159 492
139 213
457 35
534 619
65 435
80 517
690 562
74 469
127 281
492 195
420 191
613 663
362 614
666 22
602 692
639 189
307 106
457 233
65 436
238 552
671 412
569 552
498 344
112 611
454 220
14 614
427 369
354 622
469 498
188 517
654 71
467 252
50 161
391 114
602 77
613 393
374 186
595 463
668 410
688 27
564 243
361 265
284 219
91 272
326 333
533 513
602 133
527 506
20 595
343 308
326 69
91 314
17 140
537 383
614 257
188 292
139 10
305 384
569 433
537 162
291 440
14 326
668 294
305 25
545 300
127 46
15 584
190 538
117 592
623 423
50 450
432 170
521 199
361 462
238 522
320 229
601 592
534 520
361 34
537 408
688 158
422 333
668 694
37 481
128 42
606 78
320 116
213 590
537 237
39 625
152 316
537 73
127 331
391 531
527 560
580 451
614 500
323 15
540 114
284 510
141 165
527 391
134 263
244 271
571 99
685 327
571 138
231 168
469 61
154 27
365 427
442 58
615 90
291 74
614 128
65 539
682 9
425 428
509 608
422 598
410 623
323 534
365 61
39 212
671 323
361 447
139 661
654 377
701 74
502 326
231 424
601 74
410 588
494 256
600 23
50 422
654 336
494 488
701 82
80 242
344 596
177 275
74 423
249 129
479 374
457 387
117 522
683 566
127 113
140 25
537 91
682 123
307 542
527 515
231 211
683 537
141 168
239 247
700 335
344 358
17 661
510 467
537 126
649 399
231 589
590 512
629 92
629 505
361 682
376 626
644 43
494 51
231 146
644 547
421 362
160 289
534 527
140 263
152 576
65 635
226 349
127 315
38 267
615 482
128 521
119 128
590 28
438 238
128 230
127 490
646 61
639 414
683 242
49 180
344 359
178 524
654 585
213 273
251 293
376 266
330 356
639 86
391 689
128 182
533 274
656 551
555 421
535 198
39 408
154 343
502 263
358 581
383 272
38 311
267 232
646 254
49 237
442 530
454 654
178 592
188 146
119 617
291 374
690 527
140 253
91 419
296 482
384 663
229 156
362 215
545 143
231 684
571 548
682 544
535 531
644 510
420 502
590 664
249 190
702 219
249 675
431 614
195 484
668 433
432 149
284 8
601 584
71 6
354 392
571 213
74 459
439 107
578 584
39 121
326 293
239 29
323 291
195 432
671 450
492 422
467 264
65 196
420 662
344 59
614 575
376 314
213 566
391 153
251 477
682 316
249 139
323 235
284 262
226 306
305 287
694 613
688 670
494 324
694 564
701 259
683 157
195 288
320 249
383 485
510 458
606 405
661 690
128 541
291 369
146 357
305 210
50 248
117 644
384 114
359 571
479 415
97 107
533 516
69 186
139 246
533 544
20 432
671 408
323 455
344 113
178 619
97 73
320 405
317 161
454 326
330 218
195 127
91 252
317 366
296 218
80 498
590 393
654 414
438 415
343 683
127 572
647 642
99 413
57 536
119 435
112 104
578 638
694 248
569 626
629 339
498 624
91 372
606 674
239 658
39 26
296 173
97 607
623 196
71 82
141 503
320 179
601 33
587 323
623 484
438 232
112 232
359 401
330 282
432 593
359 248
493 13
231 616
668 74
660 545
411 384
457 218
629 586
600 382
602 224
190 663
354 86
14 510
492 663
119 68
512 263
354 435
623 37
571 42
323 249
320 127
154 573
226 140
305 78
231 672
50 600
195 97
141 357
154 445
317 6
683 373
701 310
431 488
580 634
178 322
71 20
376 446
467 136
305 143
646 560
521 663
374 109
101 504
615 204
13 633
354 526
668 406
683 22
601 582
195 376
117 447
361 294
239 413
74 587
69 234
99 381
80 684
422 467
152 389
190 93
13 253
660 9
614 140
112 117
457 132
111 658
320 378
147 363
358 392
467 676
666 500
358 199
545 247
512 580
366 353
431 313
190 617
454 95
13 50
296 206
154 626
307 477
376 81
668 614
65 511
438 173
521 6
229 303
590 694
239 633
99 656
231 697
442 7
354 481
427 562
267 428
587 356
412 169
438 384
534 438
601 4
140 487
20 262
178 700
213 219
510 550
134 385
38 162
422 78
569 624
296 498
39 377
555 179
391 36
65 202
117 58
134 179
629 308
91 243
604 574
112 172
521 186
38 90
502 220
71 44
690 123
330 400
411 409
578 216
646 440
702 258
422 173
425 549
177 288
178 460
660 291
555 549
117 340
629 315
588 447
442 473
689 489
376 292
660 512
685 565
688 657
425 535
474 287
512 245
188 155
420 645
37 346
600 527
320 208
510 556
326 483
244 370
535 301
656 263
74 482
358 600
492 571
563 479
284 389
159 347
425 14
479 283
112 664
160 481
139 131
344 131
305 2
291 437
600 253
580 576
512 58
239 54
410 277
580 390
50 52
134 280
177 109
649 286
307 294
694 408
305 461
521 374
391 607
545 544
588 17
358 396
688 163
323 111
160 48
291 78
159 269
307 380
119 356
564 278
362 40
683 591
555 401
454 509
140 108
251 642
493 269
702 158
127 495
39 438
267 371
239 476
604 332
654 17
177 192
160 281
492 116
177 603
344 667
159 528
602 545
410 296
533 240
65 323
656 270
578 561
629 284
527 702
39 53
534 26
533 50
391 50
38 406
37 661
17 526
362 682
343 685
226 189
590 510
147 587
366 586
580 655
412 439
502 163
411 263
535 164
99 209
226 3
320 608
688 395
431 619
177 210
410 145
564 569
701 591
682 693
623 313
38 563
509 634
420 23
152 255
431 139
361 290
330 379
613 526
654 202
420 642
606 474
383 599
330 432
99 283
694 599
65 287
140 640
410 372
654 416
190 126
474 629
545 589
683 653
177 360
20 511
291 33
323 135
604 348
38 446
606 374
384 233
569 15
701 304
578 108
320 301
344 34
291 429
661 452
99 248
647 184
615 112
649 552
580 108
457 212
689 13
80 528
229 676
613 168
190 267
50 573
474 29
195 471
647 354
685 472
74 599
361 137
320 143
527 470
384 532
231 430
439 151
139 326
509 59
431 450
431 411
590 258
14 180
326 281
20 275
38 461
291 644
683 32
438 656
37 696
439 373
291 114
244 685
384 6
639 46
494 224
323 304
493 620
412 191
239 178
15 528
535 380
296 268
317 478
14 112
422 162
646 425
361 112
15 491
97 477
410 22
354 38
474 158
320 488
474 385
700 501
668 324
613 68
509 163
365 246
442 122
439 593
469 134
668 547
117 39
654 583
50 362
467 351
358 642
689 271
320 604
629 661
177 341
239 332
509 228
38 173
291 43
229 456
213 340
37 262
614 203
700 566
178 463
604 345
37 438
666 20
249 671
326 49
614 2
159 481
492 94
317 596
354 417
545 253
685 476
564 535
494 108
320 551
366 206
39 267
644 377
344 35
555 558
17 278
154 672
366 538
330 618
384 40
291 320
588 99
296 674
571 363
213 272
639 307
344 90
74 505
80 500
112 255
442 178
509 270
134 577
646 235
702 582
343 425
521 548
682 291
154 127
600 646
359 224
38 287
383 307
493 321
37 145
661 120
438 636
588 628
615 677
195 92
190 666
139 605
213 488
509 444
614 501
80 248
569 317
512 173
639 242
535 318
421 0
569 502
119 558
391 316
656 107
431 626
623 12
20 294
606 469
326 128
147 61
535 509
330 122
13 582
139 235
615 272
646 119
606 461
354 682
442 453
601 199
239 147
432 236
305 418
391 21
467 618
320 528
615 58
226 240
128 587
521 628
431 207
540 49
510 346
48 234
502 398
492 585
689 403
361 599
602 348
702 4
111 311
658 327
590 602
160 119
701 10
425 168
474 123
457 110
17 500
661 309
14 503
152 418
159 536
682 305
74 104
537 282
512 5
226 12
152 481
527 697
420 699
39 391
195 124
20 225
685 79
527 157
587 566
344 334
359 259
439 371
647 399
700 645
99 161
365 344
50 318
69 528
668 161
188 203
658 524
588 197
128 696
112 145
48 278
512 413
305 182
13 677
411 52
431 215
438 565
128 9
442 490
493 449
141 190
658 585
50 688
159 653
421 602
195 222
238 262
685 393
420 433
362 510
600 321
469 360
537 690
119 524
80 361
614 681
571 635
160 415
666 481
442 259
291 359
454 51
423 262
14 38
690 560
702 366
533 539
39 659
431 362
629 244
128 315
97 573
474 578
700 284
305 660
534 703
159 231
421 568
422 35
644 683
57 682
37 411
467 457
512 185
492 111
238 15
147 468
97 26
615 568
39 8
49 621
588 104
359 76
284 135
226 571
71 607
647 488
533 503
420 345
362 280
668 490
69 283
615 611
358 666
644 59
563 86
694 690
296 349
244 541
701 592
343 558
178 596
422 357
238 414
649 516
654 499
540 11
438 372
535 383
421 259
512 94
474 93
190 241
128 115
587 81
229 123
590 138
540 334
38 315
112 451
365 207
57 577
74 458
613 600
359 140
13 244
535 264
376 377
571 305
623 639
613 140
533 19
423 462
146 380
13 44
537 647
423 483
38 299
469 394
427 672
701 418
439 574
238 613
190 99
683 525
14 358
159 457
134 295
615 137
112 326
65 362
344 7
457 357
291 696
358 407
604 317
152 394
701 644
38 253
545 48
134 175
702 325
195 366
111 79
423 61
423 67
534 355
661 247
494 584
683 540
564 75
614 517
571 218
374 213
629 370
374 682
97 357
99 154
421 54
623 68
244 470
649 275
689 243
39 285
427 640
374 559
656 584
154 418
545 303
362 660
195 475
154 531
423 265
600 568
38 137
323 632
177 698
690 111
540 691
344 494
668 209
623 42
442 136
177 382
427 445
600 149
467 572
147 444
154 652
14 216
177 139
479 210
666 625
639 220
615 370
39 352
474 267
14 19
492 622
140 147
629 453
384 319
694 247
15 211
17 246
291 95
128 169
439 232
666 473
178 532
99 564
457 244
101 536
146 362
623 512
623 529
412 304
578 485
267 443
527 585
601 324
656 258
13 319
421 682
474 231
595 308
498 610
587 18
474 285
128 147
545 133
431 53
376 44
112 362
689 66
545 68
112 384
17 251
139 512
571 234
320 40
615 425
602 489
154 525
38 349
454 301
154 234
365 257
578 475
39 155
412 240
534 419
439 4
702 228
431 505
354 213
91 608
226 574
359 697
134 103
427 631
307 141
226 5
14 405
614 219
101 6
178 257
671 383
91 570
343 19
587 9
661 358
39 135
384 436
195 254
140 148
284 47
600 488
195 328
660 347
656 644
213 439
383 667
239 469
587 246
479 354
555 443
226 279
545 249
668 482
359 516
700 271
291 666
427 472
239 602
344 492
244 495
555 512
454 316
195 533
647 596
510 242
682 513
658 22
502 331
602 24
690 115
454 227
420 686
694 625
469 128
564 449
99 118
15 167
601 160
666 295
688 23
238 188
701 577
614 136
578 364
682 442
