1131 723
875 619
1018 1020
46 358
287 818
672 39
444 1049
433 721
557 545
711 1071
444 307
528 201
1126 455
290 839
272 1084
859 995
992 443
963 618
384 113
826 1039
426 894
996 331
1102 985
996 930
176 48
473 1022
528 185
875 130
1004 974
290 122
1126 771
176 881
327 938
1018 222
991 191
838 815
548 856
991 951
896 715
179 165
768 601
433 734
1020 696
584 742
246 447
472 898
1126 756
451 611
826 0
179 653
311 414
357 959
310 325
48 158
991 384
472 852
472 338
1004 445
484 865
838 301
48 688
913 866
996 904
481 299
184 898
841 599
996 150
1111 755
627 87
557 311
826 1121
557 184
931 360
923 1043
277 801
203 244
510 659
451 977
1073 1049
327 920
672 395
766 720
913 171
528 579
179 850
896 277
290 263
473 336
768 36
451 696
875 906
890 1038
64 337
675 165
106 884
246 80
510 40
203 103
287 618
244 0
484 705
859 645
171 664
891 328
766 462
473 862
64 227
875 369
838 944
481 932
311 1092
192 925
118 967
200 323
1111 30
484 17
891 441
129 501
711 559
129 625
913 756
668 1037
171 467
118 761
996 104
327 727
246 803
42 260
272 772
209 847
64 448
244 834
775 945
176 85
481 400
484 190
118 539
675 782
685 522
64 749
464 456
1018 61
851 879
106 778
931 849
270 723
171 658
672 450
838 857
200 233
106 353
451 708
768 579
981 192
481 723
130 1028
1073 400
200 336
290 232
1018 404
357 343
192 963
851 1110
682 430
1038 1059
1126 506
473 567
384 197
1038 137
200 439
851 285
983 287
481 262
1020 424
510 143
270 871
671 288
310 507
290 154
1131 908
890 951
510 729
671 100
685 464
557 168
118 227
179 285
931 115
685 161
991 1033
913 979
775 838
472 440
675 562
992 896
1131 632
129 890
1131 1004
184 294
528 1006
685 424
1038 1100
287 1057
118 445
1018 186
963 1106
841 170
472 608
896 467
455 982
826 129
1102 668
118 338
272 685
896 335
896 850
826 301
246 15
481 263
768 306
327 990
444 302
981 821
472 868
1020 553
176 1012
130 956
171 228
184 903
992 423
458 706
64 650
557 758
46 826
627 697
671 1024
200 1090
1073 970
455 57
1126 350
890 191
923 684
896 191
290 932
548 316
179 5
246 567
775 1114
310 837
913 58
1131 279
841 30
184 797
896 662
64 364
277 795
1020 629
310 700
327 704
246 918
1004 1061
981 53
913 436
168 95
1027 967
244 794
1004 467
826 53
64 907
244 175
991 218
171 847
130 117
983 648
983 642
584 1014
428 1020
981 849
129 1109
451 143
168 1089
203 1070
48 74
290 926
1027 84
244 1057
130 792
1102 46
192 453
668 834
841 133
1004 142
106 1026
931 794
426 372
991 326
1102 332
890 783
838 586
857 258
42 529
963 247
290 983
179 490
768 240
129 648
184 975
130 673
458 1031
272 368
200 460
963 197
209 1081
1111 968
711 439
455 279
357 632
46 447
983 187
890 128
176 540
1065 278
1111 943
484 386
891 540
1131 1058
991 83
277 52
1126 1046
64 358
923 906
310 593
357 9
290 341
1065 95
1027 863
106 451
192 34
711 536
1065 1073
1065 319
458 294
510 366
1102 1006
426 855
841 762
244 1100
1004 424
891 904
209 26
685 269
627 1015
768 1119
451 390
464 984
711 15
1038 383
923 965
775 1049
481 393
1073 860
981 1088
826 9
766 759
444 209
557 1129
1004 873
991 140
775 23
176 782
106 340
473 768
896 557
244 148
841 649
118 982
711 190
130 1043
887 467
130 161
768 106
557 347
584 1042
627 241
310 304
118 695
1018 240
887 974
48 426
327 892
1073 164
455 733
484 130
472 487
384 731
627 524
311 335
444 696
896 1063
510 1074
179 1018
384 286
981 1125
996 433
244 1078
711 101
168 498
481 675
685 162
176 732
129 253
192 626
130 1072
246 702
1131 674
192 648
896 1100
203 426
1126 863
464 747
768 937
458 104
184 1078
1018 621
875 1064
118 984
896 1096
246 574
464 369
290 1
981 958
766 1017
451 91
887 754
963 1052
455 820
1018 171
627 432
1004 516
290 247
179 1032
184 220
887 124
768 1015
992 465
384 380
484 496
106 66
887 966
671 659
826 258
1018 817
287 1029
838 271
857 608
327 950
118 1102
357 201
106 943
768 1027
890 140
473 799
444 268
46 481
484 408
244 677
357 42
277 749
171 963
311 369
290 1022
981 1071
1111 364
711 511
851 1126
270 375
48 917
327 615
426 427
473 128
510 46
130 637
426 1067
682 1057
981 966
1020 492
179 567
270 1119
890 789
838 194
668 315
168 386
768 563
682 1021
48 640
510 951
130 186
130 331
106 218
48 398
481 209
64 1072
991 515
887 469
838 901
711 108
548 531
1038 937
931 288
768 43
48 1099
244 751
209 33
528 1062
444 365
428 844
426 336
992 36
838 850
1111 893
627 423
685 772
557 352
458 728
711 220
510 257
130 641
851 164
48 252
851 236
357 448
270 302
859 878
176 767
963 19
458 600
766 149
584 569
1073 737
682 695
528 263
1131 591
203 627
48 590
826 94
1111 977
464 582
130 809
996 773
384 357
963 140
981 390
826 128
455 816
455 383
1131 950
1111 869
896 323
528 545
106 585
455 969
890 554
184 1053
557 297
1018 233
548 377
671 918
851 328
983 468
129 766
384 496
675 478
672 502
270 1004
277 1004
981 11
209 161
171 332
887 195
896 898
484 198
859 294
981 784
176 290
1111 1120
200 593
981 851
130 886
996 503
106 780
357 166
1111 862
887 1110
444 105
1065 276
671 530
327 803
875 806
685 1018
768 844
991 778
473 497
179 1054
1020 207
433 407
826 787
106 361
200 673
775 414
384 413
857 357
357 590
64 1008
826 971
472 692
841 420
891 214
64 1116
1018 45
1126 819
923 376
200 33
983 979
826 878
963 237
627 226
996 1086
896 653
896 7
200 514
451 468
1020 689
992 585
118 918
118 481
464 852
464 891
775 15
384 302
887 785
464 931
983 758
1018 553
472 132
428 16
481 218
451 162
209 136
290 665
106 719
548 477
1073 999
851 974
528 929
246 655
246 1066
841 1056
685 680
1073 293
1126 13
129 136
451 411
668 882
272 458
857 518
557 760
510 237
923 523
464 81
118 438
996 723
46 477
209 306
42 1062
472 937
426 87
1020 378
428 516
768 962
668 371
64 538
1038 904
290 940
192 667
130 54
775 767
983 245
548 527
168 956
357 491
851 761
451 735
118 891
981 556
1111 428
859 676
129 993
118 823
992 420
129 1029
1131 939
584 1039
557 220
992 809
896 940
129 828
1111 603
859 179
433 299
711 427
473 289
991 1045
277 966
1131 170
48 84
668 621
991 407
287 45
203 20
384 575
627 58
1027 789
896 601
200 1056
384 548
64 125
200 369
246 648
923 1068
46 1083
129 12
992 1061
244 996
1102 963
890 363
768 285
1131 792
557 1086
290 663
931 1105
983 530
1102 996
557 473
428 941
118 134
472 893
672 609
672 703
464 813
627 204
891 92
931 850
896 125
671 807
685 52
130 856
682 1034
528 481
841 859
455 147
176 649
857 350
168 412
1027 240
455 800
711 503
428 126
983 487
311 886
711 143
627 160
671 833
1020 578
685 589
290 510
1004 980
384 654
1065 933
444 636
896 886
896 576
887 163
327 119
1038 586
171 558
1131 887
682 141
923 438
859 415
246 468
851 572
209 42
1038 611
992 808
548 1078
768 426
859 256
118 121
209 494
64 595
859 814
838 467
192 651
768 79
277 699
875 769
668 971
327 20
48 935
891 837
996 1060
270 1066
528 699
290 976
981 656
481 300
1004 557
277 945
766 11
548 1130
203 511
287 345
484 1052
244 50
481 751
923 913
357 263
896 865
433 653
484 1117
473 460
168 758
931 221
891 766
682 817
857 139
887 1033
859 650
209 175
711 168
200 850
472 103
203 46
992 965
203 938
841 69
675 851
310 440
923 525
455 64
46 872
209 422
983 920
184 891
277 425
627 337
875 1129
444 611
627 824
857 1062
1038 613
176 753
455 415
1018 337
246 979
1073 1081
290 578
444 1088
184 1098
327 1068
1073 1111
1131 650
548 868
200 949
857 278
981 707
290 401
444 727
290 296
311 663
433 402
176 915
48 711
510 675
875 721
179 521
129 570
766 814
311 972
838 324
983 740
1102 724
118 874
311 1004
200 810
557 966
675 590
682 395
1111 969
1131 561
557 943
311 454
890 47
327 756
433 1045
584 861
203 251
106 305
1004 101
775 865
1004 554
171 110
290 436
1065 392
428 966
444 150
1027 3
455 651
1020 832
671 37
923 1119
270 811
768 46
473 187
857 781
875 470
384 721
891 824
272 1097
887 838
682 687
991 584
548 733
923 343
472 776
983 806
711 529
627 357
857 290
270 45
913 752
46 360
472 974
1111 816
48 269
64 1029
130 209
711 43
1004 530
671 861
923 875
176 324
931 22
209 515
357 21
472 960
981 639
428 777
838 804
1004 39
327 755
510 287
851 525
484 429
176 35
875 34
428 326
766 1056
455 454
913 479
384 547
270 44
841 481
711 445
310 491
1018 482
481 705
913 940
42 619
179 45
841 51
42 1045
444 756
510 998
473 519
473 549
1073 247
130 1015
428 1083
859 666
458 225
277 23
838 595
451 914
1027 742
484 266
246 624
244 134
1131 660
200 576
887 841
891 751
1004 382
277 1057
171 643
1073 449
48 799
682 498
310 835
42 109
444 88
627 19
996 151
963 735
557 929
887 997
270 1058
548 1075
711 348
428 985
106 984
184 292
130 378
510 628
711 642
1073 749
118 106
311 472
46 1047
290 671
270 587
1038 849
671 958
1018 723
192 627
1111 864
859 596
357 564
384 915
290 951
246 411
1018 898
557 55
510 533
290 693
1004 627
1111 996
272 1119
209 458
444 244
963 268
682 359
244 157
1038 366
668 140
311 471
711 734
246 580
528 692
996 301
290 836
426 536
851 933
287 788
200 1038
671 715
775 828
458 11
528 729
841 1080
451 536
426 242
118 355
981 225
1020 1015
896 513
118 497
428 1096
311 646
1126 486
168 556
890 422
913 191
209 712
270 1084
311 930
841 1053
1038 7
426 569
838 163
584 864
672 792
209 285
179 599
433 513
913 157
887 82
1004 945
675 902
179 328
171 1091
891 1032
357 80
1027 718
1131 757
1111 151
473 121
1018 970
1065 1012
464 97
168 890
209 333
826 1099
557 159
1111 896
129 952
875 314
472 566
130 820
290 953
444 44
981 953
963 815
327 731
675 939
682 393
451 160
682 914
768 507
357 320
1027 137
1065 258
682 1127
1065 524
270 1043
42 460
484 237
627 695
983 37
179 542
118 403
983 292
481 403
272 1065
991 726
931 934
176 691
859 636
931 817
171 1113
246 618
768 952
1102 785
875 15
510 984
64 225
464 402
428 880
118 221
891 767
428 678
775 1077
168 562
711 938
287 543
775 643
841 100
458 918
192 940
890 202
357 794
179 150
310 1090
991 363
1018 413
171 258
464 545
48 142
176 763
444 503
209 291
277 272
1102 593
1131 302
983 687
841 636
896 313
310 578
179 231
272 372
627 175
451 60
682 97
875 637
548 317
451 1070
711 19
433 642
176 116
458 381
1073 267
444 439
891 409
851 716
992 18
246 729
682 911
42 552
891 481
184 194
130 437
992 596
192 426
327 1105
851 326
287 143
451 329
963 297
272 147
1131 605
428 413
768 807
290 703
668 130
584 767
48 995
891 190
685 934
1018 847
64 177
1018 700
890 832
458 1124
455 557
1073 372
106 275
168 1098
768 993
675 220
310 141
510 194
963 804
451 539
981 684
46 390
992 838
685 103
451 454
310 87
675 722
887 282
270 77
983 456
711 353
983 127
838 896
875 317
184 496
627 69
444 683
444 370
270 505
1111 1090
584 600
481 498
184 460
711 11
1131 1008
875 605
118 814
775 489
675 1114
528 56
270 752
1131 128
891 893
1004 465
481 398
1065 528
287 1069
671 182
179 985
510 16
668 931
851 860
1065 235
963 83
851 86
184 420
270 598
384 756
983 938
992 1083
1018 94
277 419
203 574
1004 578
671 825
859 500
203 790
890 45
991 1013
826 68
277 558
473 853
168 115
996 425
168 660
1038 179
384 615
838 458
46 624
192 1067
1131 310
931 824
1111 385
433 711
627 871
838 195
671 561
675 571
983 515
168 162
548 935
891 454
584 448
775 722
168 153
1126 191
528 516
875 551
1126 442
557 950
838 380
184 309
287 641
841 700
992 867
1126 394
168 424
887 191
768 410
996 88
766 218
887 297
106 345
685 163
451 181
327 509
311 417
472 319
357 738
42 17
668 597
200 473
996 346
130 305
913 614
455 784
246 735
270 460
851 528
557 901
176 247
1126 1100
244 485
766 378
685 1105
426 702
841 364
996 987
887 73
130 695
46 776
996 166
444 491
290 729
444 369
384 985
192 1088
859 43
433 738
179 875
272 397
481 39
246 985
851 1119
246 993
711 624
310 678
896 863
277 501
510 452
584 834
711 931
1126 462
246 214
46 694
458 323
890 416
1018 526
473 359
510 678
671 279
675 261
290 770
484 599
992 958
766 234
890 565
171 962
992 470
528 706
557 544
287 509
528 1035
64 40
1073 635
473 1066
184 411
444 588
768 460
1065 286
311 361
327 860
510 162
627 415
168 419
246 584
433 967
838 622
42 450
106 1049
675 505
455 329
184 44
826 48
118 659
464 486
444 1067
891 953
682 49
272 1011
672 17
528 52
766 728
451 963
671 174
176 294
627 162
118 368
1038 404
176 662
1073 324
584 132
168 938
484 1036
384 355
458 751
455 886
826 404
42 303
557 443
357 609
277 225
711 668
384 578
428 792
277 140
1018 341
444 355
685 698
992 549
841 982
1038 854
991 500
184 555
1018 66
310 1007
444 627
1102 863
766 1001
464 393
671 217
42 398
179 82
992 715
841 115
184 893
481 282
444 54
433 637
272 774
992 65
1027 275
184 1128
311 618
455 172
118 161
200 389
672 192
270 698
841 293
118 1091
118 908
1073 149
913 194
923 860
1038 252
426 1104
244 277
1038 713
64 975
171 84
130 1071
444 238
130 850
171 875
171 922
473 706
168 302
290 742
203 1096
838 27
64 1074
458 417
557 624
129 195
826 184
106 74
428 480
981 420
923 803
896 327
991 795
983 520
171 428
859 268
192 430
48 605
426 264
584 243
272 773
192 1059
64 833
766 658
1111 919
672 443
46 1105
931 987
923 866
1020 54
1027 632
557 1112
484 525
244 1076
129 250
1018 47
668 88
455 1066
209 508
1018 423
887 528
996 400
287 652
428 1010
472 936
481 829
179 37
473 170
484 642
481 881
428 474
668 1078
685 731
1004 693
548 180
327 945
168 541
1004 737
1027 739
384 799
675 559
857 876
168 23
200 429
981 768
46 765
200 242
287 525
270 139
203 28
775 906
528 947
896 158
277 383
42 37
192 830
775 38
444 387
1038 762
851 895
168 261
1018 429
168 1034
64 362
310 831
963 560
627 955
118 843
528 114
887 317
841 241
244 952
890 815
711 844
859 358
458 37
510 281
1020 468
896 126
682 920
1018 697
426 16
890 754
991 949
118 57
913 240
192 591
1111 1029
1004 209
991 305
668 579
484 299
775 398
711 609
1004 876
357 832
859 496
992 80
775 584
768 1058
444 33
887 1025
672 166
357 432
668 737
627 663
991 1109
1073 618
557 600
444 791
875 219
931 150
433 586
168 383
473 373
433 855
451 1033
768 553
48 1069
838 923
672 319
130 627
627 219
981 481
963 89
203 1080
528 871
179 205
1131 657
991 150
179 695
1126 1044
931 835
357 747
931 429
890 480
455 975
875 945
857 157
627 439
891 287
168 826
1111 128
1027 861
983 317
484 881
859 25
859 996
458 992
311 384
768 203
270 509
277 1006
838 251
675 701
981 717
992 748
857 212
481 742
963 702
851 244
672 896
510 468
996 208
481 200
444 526
890 238
1102 299
106 369
130 609
433 963
428 1066
766 711
913 746
64 354
981 1067
931 1098
838 946
1102 814
246 453
179 676
923 445
130 993
859 892
384 1059
129 167
859 212
1020 173
841 914
711 652
46 85
277 901
272 1129
675 233
890 722
841 608
851 765
1102 1040
996 1103
1027 514
963 323
775 708
464 100
841 788
384 620
992 388
357 602
451 783
464 336
184 786
826 659
1111 1099
64 866
451 947
203 479
203 301
826 828
46 932
192 831
451 542
270 547
510 883
826 951
464 517
887 598
963 334
311 198
931 588
981 743
991 202
444 117
1111 741
311 951
875 825
1027 100
584 198
277 332
444 511
768 380
458 159
851 722
766 12
675 1007
996 280
64 697
685 796
310 859
428 933
1065 506
851 376
672 681
481 862
290 1004
510 288
458 75
192 534
963 174
766 978
179 796
896 814
203 505
357 662
277 467
357 59
46 816
426 891
685 379
887 334
472 215
671 484
1073 0
775 797
118 1100
484 464
896 394
896 833
963 133
768 447
46 1060
1111 797
311 985
244 700
913 228
557 346
931 274
1073 291
42 1118
203 386
913 343
1131 1130
775 286
923 623
46 1103
1102 757
244 1111
168 694
200 121
357 745
1111 761
768 1005
584 1044
1065 368
983 1099
711 236
168 260
672 739
627 1110
200 386
627 293
48 889
455 1102
1102 291
473 788
891 788
983 248
675 322
682 440
896 35
983 8
510 347
996 740
130 147
838 379
851 942
118 786
548 873
270 72
996 880
455 851
1131 125
857 709
184 102
627 157
171 575
246 258
1038 842
458 163
682 626
290 494
327 596
272 854
433 782
996 1130
64 127
472 581
209 282
668 149
473 459
42 384
548 212
627 91
433 1038
244 287
1102 743
671 543
244 5
433 647
42 183
327 249
200 296
1065 1050
991 560
931 1114
775 416
851 829
310 549
1111 940
1131 427
464 53
451 603
671 99
1073 278
451 53
270 797
244 240
433 920
931 422
838 310
384 147
473 1123
42 998
484 868
311 140
129 447
991 414
179 541
64 602
287 772
528 712
584 468
311 986
1020 266
768 740
129 850
106 1068
272 424
168 335
481 1102
627 100
106 65
464 531
548 847
857 677
310 1032
327 946
931 307
768 994
48 89
992 404
246 478
1027 267
675 820
451 70
841 125
766 608
64 499
675 534
875 1097
42 1009
46 864
671 959
118 566
473 728
991 910
209 1107
277 768
510 102
528 1121
272 116
287 679
357 382
857 50
46 281
481 334
287 916
106 192
1065 793
246 1077
838 128
675 959
192 30
851 441
1102 867
1131 984
444 322
838 992
838 274
766 1100
481 717
838 694
1038 811
1020 837
484 90
826 596
838 751
118 767
270 209
451 879
130 532
891 675
327 61
851 871
1102 509
290 618
923 932
184 203
963 206
244 1128
841 371
481 272
311 727
923 285
1004 1116
711 185
200 43
129 76
887 981
129 817
890 488
584 587
627 239
923 378
272 567
481 228
184 482
859 113
444 384
1073 481
106 831
1027 473
209 203
766 163
1038 688
1102 1057
244 1120
455 881
548 53
48 722
46 1012
433 237
473 1021
766 391
838 224
992 680
887 281
548 471
711 459
896 579
310 770
996 850
287 126
1038 795
472 170
200 1010
859 700
426 391
859 937
913 94
931 42
46 685
473 321
896 422
992 457
357 64
923 660
1073 18
1065 342
179 406
584 96
1102 302
272 898
983 15
1073 812
192 329
200 646
913 352
48 1020
200 1034
875 768
106 404
290 629
981 1114
1018 624
841 383
891 253
42 471
983 261
428 979
168 604
963 370
168 1046
1065 387
433 126
270 448
851 1007
472 515
472 668
433 558
209 805
1018 976
857 473
428 178
672 936
682 334
992 226
627 544
272 860
826 525
168 1063
859 987
627 179
859 695
451 493
1111 58
327 917
244 969
1126 214
528 171
913 186
766 785
857 281
875 910
444 207
433 848
171 157
766 909
203 971
1102 11
528 423
444 251
290 184
1004 736
168 821
685 538
1102 995
246 301
981 416
192 707
310 1042
859 1004
444 1091
857 1068
129 274
203 1
270 373
983 1117
1073 817
310 99
384 1044
472 662
887 1121
290 536
875 74
481 42
1111 89
1131 1053
510 965
711 421
1073 354
118 989
473 1090
668 705
130 14
168 1054
891 318
455 1115
176 820
981 940
310 427
287 951
584 300
277 1112
458 185
209 534
859 339
1131 371
464 152
179 1077
171 656
327 53
426 19
1111 751
991 184
875 3
464 1006
203 382
1018 982
484 53
826 706
851 1124
203 547
168 917
584 932
1126 507
464 658
481 313
996 448
890 255
203 1032
1102 440
129 824
209 95
287 642
838 546
859 320
841 1052
129 448
1111 998
838 689
931 1038
996 180
130 176
1073 53
277 826
1020 1127
675 547
357 802
891 580
192 689
184 782
310 638
311 145
766 794
464 201
464 24
528 1046
857 469
203 1085
983 32
1038 17
838 115
826 353
171 974
287 724
672 250
444 177
176 940
481 677
528 865
1018 220
1018 831
890 685
685 282
484 424
357 870
451 610
192 533
357 559
357 131
887 538
1020 199
129 291
106 792
310 1014
766 458
1102 1032
426 1046
203 199
890 278
891 21
118 264
1004 1083
1131 634
200 916
627 410
48 1037
672 145
548 123
923 988
996 154
768 627
310 939
996 518
983 382
1065 1043
584 604
130 37
891 1043
548 115
1111 1105
766 625
129 988
992 1123
246 569
327 673
42 672
246 945
42 758
244 649
473 918
996 15
671 793
668 303
896 414
1027 1055
192 193
983 236
1111 370
766 446
42 212
528 137
118 468
711 654
675 750
838 873
310 150
838 1058
118 147
42 487
209 80
481 6
923 926
129 732
118 762
996 689
1020 1111
1111 194
859 308
1027 640
672 444
42 1040
118 234
528 407
433 688
287 112
991 1117
682 603
672 241
290 151
464 210
826 970
426 254
203 31
875 640
171 703
1018 418
1038 322
923 473
891 712
290 814
287 14
1131 183
1126 484
1131 1081
451 560
433 784
768 52
775 966
768 1123
473 898
841 1010
841 322
891 937
682 833
176 502
510 50
1004 70
192 81
1004 196
1004 850
244 730
184 945
584 1077
557 211
896 151
671 346
464 950
896 453
1004 744
473 295
1073 869
983 987
1073 1035
896 218
272 217
1038 840
130 379
200 221
775 674
129 638
428 38
584 719
1018 65
528 355
675 665
675 689
455 47
48 809
1018 689
171 852
1073 621
992 581
1131 794
1004 757
458 341
557 822
826 1044
851 355
426 345
1038 1042
671 842
179 189
923 353
209 40
1004 363
766 482
118 1130
484 2
672 509
1131 728
171 324
671 820
484 906
887 1130
464 1009
931 670
857 730
983 458
668 387
557 551
42 1096
118 619
451 660
859 413
357 251
327 187
1020 955
983 1053
311 147
484 228
851 518
272 529
510 674
1027 582
963 151
923 888
458 616
426 777
327 133
682 1096
675 84
1065 204
64 181
472 1086
203 803
179 646
171 1057
473 249
203 372
426 174
1004 895
209 358
244 309
675 645
481 552
48 732
682 811
931 203
209 250
1038 288
209 966
246 1047
64 264
464 755
931 1027
891 303
668 207
775 129
671 634
857 526
1111 543
481 712
627 81
838 1016
48 553
838 478
311 214
481 407
768 58
851 952
171 740
963 126
428 842
327 517
130 359
179 163
357 990
129 812
672 522
287 337
46 1039
682 1058
168 495
557 1071
192 879
311 1093
48 853
484 462
287 206
484 102
200 503
931 455
510 31
46 887
1073 189
775 736
277 524
1018 438
672 427
548 922
46 278
481 186
42 808
682 1061
130 325
209 987
627 437
859 1100
46 988
896 1041
557 651
1018 451
481 532
1004 1128
203 668
426 209
472 546
923 498
671 28
775 869
675 1062
1131 113
996 754
1111 268
118 514
444 536
179 718
875 630
766 496
672 530
992 1094
130 428
1038 1052
277 294
244 131
311 403
184 374
455 669
129 622
64 794
200 769
179 1028
875 357
838 574
118 162
129 1054
896 926
473 930
209 338
46 1045
203 646
455 174
557 118
451 104
246 161
290 949
311 905
890 881
176 10
682 589
768 386
171 785
672 791
859 120
857 1057
244 137
48 988
46 185
963 1108
668 469
168 404
203 540
510 487
179 125
923 508
192 950
857 935
42 53
428 208
246 593
875 968
891 929
838 1065
451 933
627 474
826 307
896 599
327 340
451 1032
176 938
857 63
983 383
841 763
130 388
464 52
272 635
913 513
200 603
857 405
775 698
357 50
859 203
129 1112
1004 402
838 727
991 298
859 906
290 100
896 1015
963 1011
1065 197
675 715
1102 722
685 667
1073 490
464 892
627 793
851 134
1073 169
1131 732
290 240
484 420
433 57
1102 148
311 1002
433 569
510 740
981 820
584 550
272 4
838 175
130 319
287 398
444 38
118 316
1020 922
246 414
963 515
1126 37
46 245
290 486
270 198
287 478
711 782
311 77
671 546
444 246
510 719
277 704
584 923
768 917
841 363
557 848
963 1035
246 116
168 1008
627 652
768 123
668 667
46 256
963 350
203 777
433 691
484 84
46 840
179 934
775 783
277 867
923 237
311 138
983 859
1038 1026
1073 394
1038 576
209 385
991 89
42 876
1065 621
426 921
270 766
192 467
451 499
290 394
913 948
557 497
775 45
1027 784
996 830
557 61
42 702
996 546
311 339
913 322
426 862
1065 106
768 1038
106 909
557 433
1073 908
981 803
64 1021
129 446
838 791
287 354
584 511
64 329
1102 115
857 310
270 283
851 142
384 408
675 48
775 432
290 739
42 798
685 1114
851 780
444 749
1131 514
826 727
130 135
1131 105
838 203
768 247
996 521
768 273
46 646
46 489
896 425
891 102
481 945
983 954
992 240
1038 395
891 239
983 1113
685 230
1020 514
310 905
1018 226
451 355
992 534
1102 566
931 406
931 1096
244 1093
200 641
841 964
548 1035
1065 316
557 227
931 0
168 551
179 239
1073 753
838 917
1018 598
384 495
270 885
1020 101
1038 413
1102 982
327 859
991 658
311 514
1131 684
168 232
682 339
668 632
668 570
963 652
473 1013
1102 134
913 707
473 976
671 886
130 890
627 733
451 201
106 1007
627 1050
458 907
464 255
458 915
711 690
775 148
891 101
1102 847
384 5
851 909
209 957
923 187
627 116
444 514
1102 47
472 769
455 485
1102 334
290 92
42 88
277 637
528 843
1073 16
1126 929
428 677
310 868
768 312
472 1005
875 646
287 1005
64 391
287 127
64 529
168 984
1038 639
455 698
42 982
184 753
179 639
668 151
209 114
1038 204
327 679
838 953
244 1071
923 1029
1126 953
875 287
672 945
129 959
327 963
458 909
528 889
290 685
290 807
548 525
913 75
875 882
1004 137
433 805
996 587
528 572
826 626
481 592
891 257
775 351
510 258
272 1095
472 334
841 1093
675 276
130 363
184 1099
1126 702
384 61
981 353
682 1090
1065 898
584 646
1038 274
130 472
768 324
179 931
1020 760
711 466
327 682
923 347
42 539
176 34
510 736
983 1033
838 493
584 348
106 371
1073 921
130 896
991 189
1020 673
841 56
46 744
64 217
875 59
913 629
46 972
890 1023
1065 452
557 155
64 912
481 582
584 414
176 484
991 159
311 1038
455 1017
996 855
1126 927
130 906
528 84
455 507
859 529
64 781
891 119
557 366
682 303
838 1129
200 9
1020 1041
1018 27
584 1052
857 749
510 436
826 406
627 168
1073 728
433 1006
841 600
671 383
1131 761
200 758
272 976
528 1079
923 790
1018 64
857 117
1126 1031
668 437
311 649
426 798
851 230
130 386
426 241
433 611
996 222
557 290
875 735
768 377
931 757
711 650
1027 691
875 823
200 892
455 613
963 57
996 123
923 693
991 773
668 876
484 170
668 849
244 594
1018 174
857 450
130 723
1131 35
458 170
444 992
171 884
455 227
209 991
672 850
857 454
913 773
1102 885
887 1092
200 773
484 257
675 1083
118 245
1073 795
472 596
176 323
996 500
991 464
1018 632
481 227
859 951
455 804
179 209
171 1050
875 176
1131 430
983 111
179 1120
272 134
426 451
277 980
992 1127
106 571
838 349
875 807
923 995
290 1013
458 306
179 1041
200 784
584 701
64 305
838 601
46 911
384 572
179 855
277 20
464 610
129 280
768 274
246 364
171 1026
992 1027
931 1082
311 970
64 656
481 1007
179 1126
290 1039
682 690
913 300
192 686
896 751
890 1067
913 373
991 237
768 809
168 827
464 547
890 549
64 959
458 207
768 675
851 1056
896 320
203 626
200 1062
851 832
891 315
682 442
130 600
1111 1077
528 1131
931 431
310 729
992 966
627 508
991 806
510 913
1018 483
1131 916
510 781
179 1101
130 895
244 113
428 10
510 100
184 1036
384 962
171 626
246 178
1065 440
46 925
484 47
209 713
458 956
168 975
272 422
444 710
290 38
64 50
458 312
584 483
931 531
1027 140
557 780
481 89
481 566
528 964
168 745
481 15
184 1089
838 715
433 206
209 242
826 275
557 10
277 328
458 189
671 378
270 1093
775 218
1004 93
671 370
1131 311
584 1113
887 1018
455 437
1065 1074
923 572
685 1100
209 698
311 774
992 191
176 122
428 101
963 490
768 976
859 299
672 961
981 425
1004 859
768 1099
668 591
931 78
875 509
775 904
472 793
106 68
384 83
290 18
46 282
458 468
775 1019
451 352
923 894
1020 1091
484 1030
584 171
1027 252
528 789
510 782
129 653
1065 712
887 146
1131 1103
272 17
675 896
444 460
557 445
200 280
627 329
473 673
557 86
528 617
200 31
671 591
168 813
627 525
890 437
327 988
857 644
981 593
991 662
887 372
209 348
557 240
176 796
675 676
200 976
473 991
1102 747
826 176
963 441
290 1087
996 775
46 39
428 781
48 508
472 260
838 60
627 147
64 993
510 618
277 924
991 979
931 265
310 822
272 423
991 230
48 549
838 328
875 108
672 432
426 1097
584 823
473 461
841 667
682 493
171 456
1111 597
244 573
857 1022
357 773
42 220
184 1130
1111 721
672 866
896 990
118 408
42 1049
192 346
682 509
1065 696
473 955
875 933
1027 294
310 560
963 301
130 53
857 352
1126 989
671 892
838 1071
129 507
310 360
458 523
426 1032
48 201
548 763
203 80
1111 666
1020 376
357 1076
444 897
130 434
64 58
192 767
1131 418
841 966
992 671
464 541
184 535
472 266
46 626
246 938
1027 163
64 93
685 78
270 931
668 290
129 231
1004 683
290 758
841 1105
46 137
272 882
48 580
42 524
887 548
1102 101
203 762
311 1048
473 543
130 796
287 404
310 1120
200 565
991 585
357 905
775 165
890 464
129 865
129 1011
685 141
841 411
272 174
1102 625
851 694
246 1063
584 1117
682 1079
1126 286
168 759
357 684
775 655
444 50
290 524
1038 282
1126 918
106 228
890 18
851 207
246 936
890 307
896 681
675 937
896 965
1020 564
277 53
484 966
310 766
826 710
672 350
246 978
106 437
311 876
1018 509
1004 268
991 110
46 65
682 394
1131 290
48 50
875 440
671 620
1004 946
557 845
1027 845
192 264
130 1053
685 121
841 819
584 673
384 294
851 583
118 964
311 818
1102 298
1126 1089
675 847
426 592
584 223
203 1024
311 355
671 379
357 212
481 492
983 703
1126 474
675 783
270 1104
106 285
484 969
983 64
981 1119
179 940
130 608
290 45
464 279
931 815
184 12
672 770
176 192
584 176
455 909
200 357
200 1031
277 295
685 688
627 405
464 968
1038 534
168 420
896 902
481 613
481 127
433 623
246 3
672 1050
290 909
931 367
996 793
484 1064
426 1126
192 953
838 656
209 236
1102 477
244 1075
991 399
1102 395
859 619
472 518
1038 1021
118 949
184 1019
1004 707
1018 1045
1038 1027
891 170
857 209
46 939
983 950
209 319
458 953
130 789
64 244
859 1046
672 207
270 410
464 328
48 450
510 479
287 181
672 4
277 106
859 491
458 251
528 942
996 100
357 908
557 472
859 978
451 110
768 990
244 475
287 1122
130 9
200 611
890 781
557 655
857 911
481 130
290 365
64 449
887 618
272 892
426 1034
685 519
244 527
841 449
557 844
671 454
981 979
896 815
675 914
472 157
179 304
996 697
913 394
246 776
1073 845
1111 895
444 77
668 181
923 107
775 51
200 93
48 248
464 21
711 411
671 895
287 918
775 436
426 1027
1038 451
1004 354
426 414
685 1036
171 462
557 246
510 817
510 41
891 120
682 746
129 7
887 1102
451 479
1131 593
428 241
1018 15
711 634
464 930
1020 135
875 674
510 340
444 658
426 59
168 466
428 756
627 596
890 525
1126 1094
176 1019
668 178
668 620
270 478
451 296
171 1032
444 215
192 853
1073 146
996 392
179 76
981 728
130 226
766 1020
48 181
1004 1065
584 793
244 59
209 584
584 650
859 1118
887 22
451 743
1004 1063
584 144
458 979
327 706
891 313
891 40
455 251
672 494
357 291
1020 745
991 959
484 435
675 108
455 320
106 661
766 3
277 1055
859 697
184 473
1073 870
310 650
983 1020
42 360
685 520
287 426
179 385
179 116
433 815
192 1130
458 1125
64 395
841 401
118 896
1126 308
481 599
992 804
357 535
287 1041
766 389
277 324
277 459
851 1113
766 154
451 960
106 1127
464 871
1004 1039
672 706
841 634
426 846
106 1113
675 290
983 1057
428 620
675 484
875 48
913 459
1020 1050
1038 685
857 689
963 893
983 10
464 95
851 602
896 1043
277 427
1038 851
557 626
244 321
996 924
931 654
841 1019
841 1092
64 470
1065 247
627 1071
557 414
838 485
668 1130
584 705
768 695
672 287
548 801
896 480
672 302
851 89
426 938
1131 389
510 597
931 1064
996 547
130 791
481 79
130 362
992 401
130 1083
875 632
1018 759
426 643
481 874
711 827
473 318
1018 408
484 919
1004 78
510 1083
129 91
209 106
851 482
896 385
270 768
931 428
890 469
983 170
887 431
859 827
875 95
992 806
991 151
857 901
464 758
896 29
357 13
244 868
584 917
200 42
1004 440
433 366
996 594
426 977
891 1009
357 292
451 1122
48 647
963 121
244 646
996 273
192 1019
768 85
433 240
838 1077
310 794
887 466
384 823
996 626
246 243
428 554
675 24
384 842
171 138
130 1121
106 479
428 900
841 823
548 960
1018 559
1018 234
130 805
1126 296
766 835
1131 201
171 400
510 574
992 1069
826 667
433 78
246 544
287 900
290 735
923 651
171 864
130 222
473 216
192 368
464 1086
983 581
996 657
458 536
996 973
200 541
859 393
1131 323
130 410
311 671
584 30
826 347
168 742
548 300
1027 326
46 879
775 935
891 109
887 956
118 917
384 313
270 81
766 56
118 457
991 1057
859 467
672 377
838 22
200 900
433 123
1131 450
826 641
433 1077
1038 798
464 1026
1126 818
310 707
46 289
510 213
1020 664
1102 904
200 868
981 924
473 767
200 331
444 27
42 208
168 354
668 312
1027 1047
1111 720
528 582
896 800
184 335
1131 98
481 645
1073 217
327 1082
203 877
766 334
484 1023
1126 972
129 487
1126 693
996 884
444 186
464 1109
168 1047
106 948
455 424
444 906
528 405
890 1053
923 1044
464 895
270 1000
627 964
168 619
913 593
311 95
357 521
1038 229
184 523
859 418
171 274
1018 204
106 56
64 917
711 284
428 182
1038 1076
768 1104
991 712
1126 960
42 286
484 685
272 333
48 1029
627 207
176 1091
46 343
996 204
1038 737
992 766
458 1121
528 502
913 897
46 466
768 726
923 852
129 715
244 67
270 359
246 749
310 365
675 37
548 220
272 1122
327 558
981 1121
118 34
931 774
1111 53
851 865
310 415
444 1098
1018 253
775 685
42 816
272 732
1126 376
510 206
310 1099
627 134
557 376
1073 434
168 156
130 387
766 464
963 790
896 997
682 538
64 550
473 447
484 1042
129 270
685 880
992 649
481 1050
996 434
711 192
1018 304
851 969
384 900
287 750
682 408
557 719
272 563
484 383
1131 344
48 617
672 151
675 155
1038 608
672 728
277 395
983 222
913 407
118 246
472 558
890 977
64 906
426 505
129 9
1018 470
287 167
913 882
426 758
768 490
1020 531
1126 525
1038 214
433 68
857 916
118 86
106 974
428 1001
826 425
270 1075
168 704
1004 55
983 901
996 383
775 932
200 319
983 1019
203 379
675 25
875 445
931 204
270 117
106 131
184 3
458 1050
838 899
384 151
484 231
931 358
357 213
711 80
627 427
557 415
1126 337
931 430
1027 165
1073 445
179 1019
1126 552
891 263
891 872
1004 1026
671 838
428 846
931 482
1131 222
244 708
444 596
290 344
992 200
310 793
992 427
129 205
444 419
768 898
209 798
1027 675
890 187
473 1025
766 503
290 778
1038 832
887 624
838 299
426 745
246 18
992 660
426 719
287 926
983 926
1065 710
851 1063
246 373
290 416
209 684
433 667
838 779
672 777
290 216
42 452
1065 136
384 172
176 536
584 1107
1073 48
584 542
838 233
472 123
584 178
209 825
464 734
1018 368
891 1104
184 778
473 57
890 588
464 611
528 60
766 790
775 707
484 263
184 493
838 69
168 99
42 1006
472 274
931 97
1111 182
685 44
981 1095
244 194
983 415
627 939
996 1064
270 894
1131 912
857 125
277 611
963 506
272 652
981 315
327 44
176 593
875 195
311 628
875 894
963 228
327 437
992 1019
963 860
890 953
433 760
176 986
711 850
1004 271
766 582
857 668
627 440
1102 955
1073 151
682 855
42 997
428 847
963 924
118 464
277 314
859 325
584 744
768 421
766 1123
384 644
584 847
46 942
528 379
455 386
428 1095
270 745
48 493
996 486
455 96
106 728
203 447
357 774
859 148
992 785
176 758
991 853
826 679
891 865
106 1085
184 640
1065 1048
473 642
1111 410
768 319
923 701
176 358
851 641
384 56
775 1120
426 940
455 1076
384 233
983 488
444 190
464 488
203 1026
923 292
192 326
671 657
277 537
668 355
826 460
775 90
890 269
384 211
246 58
130 213
64 862
668 514
766 27
1126 637
473 760
481 489
838 137
129 1097
203 941
484 921
923 702
896 123
668 688
682 60
1020 115
1027 27
991 924
528 59
1126 1061
203 1108
244 238
384 626
200 597
1018 444
357 393
923 202
963 446
1131 1065
826 115
1102 266
130 439
118 923
428 604
246 898
357 1051
875 190
981 1070
682 42
875 750
528 219
931 688
838 717
244 15
857 446
473 115
1038 1071
473 1109
287 375
287 215
290 477
464 1081
1073 1029
455 39
851 792
451 205
287 1110
768 13
192 445
826 561
838 487
992 49
1131 678
682 10
203 8
270 747
277 342
458 840
931 1053
48 782
766 29
1065 597
458 885
464 139
1065 170
168 786
1111 714
433 936
675 832
176 1083
357 799
64 1076
64 298
64 346
42 149
841 786
184 1126
510 1098
1073 604
64 934
1065 512
682 99
458 84
711 227
106 246
584 206
557 138
481 630
996 68
327 672
1102 636
270 230
290 614
428 709
176 291
983 1037
891 404
528 175
1102 631
963 523
891 133
473 565
859 1016
481 1029
671 344
841 101
890 1086
179 1005
179 825
857 555
426 278
1111 460
671 337
246 128
64 664
246 1039
1065 364
857 855
171 214
992 1097
129 989
184 570
557 885
46 388
327 489
310 243
426 1100
130 974
290 579
433 1084
768 889
766 125
711 664
176 670
685 234
1065 160
481 795
184 511
179 712
311 903
1004 456
826 490
992 648
627 1040
1038 265
857 29
433 224
277 728
277 746
458 542
1073 410
1126 947
1018 121
510 326
272 87
838 1035
244 333
671 647
838 347
42 579
42 591
557 190
1065 883
481 871
1038 885
1004 338
458 641
682 1110
768 226
290 736
184 1123
981 245
1065 869
851 718
923 883
455 937
1102 1
1027 1054
444 520
42 937
357 466
464 179
682 686
171 452
277 998
963 1126
46 534
290 37
841 282
311 44
584 592
685 47
992 393
887 918
176 734
668 475
129 692
896 264
42 86
859 429
171 633
46 237
327 74
203 953
384 1069
426 927
272 107
1018 629
1065 907
682 835
433 259
384 405
458 26
996 396
996 438
481 135
1131 100
682 1077
290 1002
963 867
118 563
270 100
775 825
1102 451
1102 594
168 744
991 244
384 882
179 242
890 799
277 743
1102 589
841 747
64 1101
675 156
472 831
455 570
841 558
1020 467
171 811
672 496
48 750
890 600
1065 188
270 1065
290 412
272 481
455 854
627 746
203 236
859 532
1065 107
838 46
992 932
857 1054
451 418
129 940
1111 351
992 202
510 797
766 811
287 759
171 511
106 118
433 191
1126 742
875 197
200 566
768 921
46 235
528 99
875 526
584 242
841 730
627 197
1020 488
472 163
510 550
1073 241
1073 658
891 420
1102 323
859 151
270 169
557 770
992 188
287 828
464 613
891 670
1038 617
1126 480
627 26
1038 104
711 890
1065 277
668 118
311 256
171 298
766 784
991 419
1018 453
584 549
992 1109
451 1050
287 382
841 1015
1131 848
451 185
913 777
106 426
287 815
277 595
890 1000
996 207
685 754
923 633
913 677
428 1027
277 836
548 516
1004 333
931 188
875 707
46 98
996 261
1038 683
203 1092
428 1002
203 723
875 1072
179 23
48 321
433 511
46 759
775 894
548 286
838 572
473 817
1131 244
311 204
1111 795
963 619
46 1075
963 497
685 102
46 166
290 301
851 384
1018 712
1020 881
1065 918
433 469
179 233
46 320
891 341
711 140
1126 978
557 645
896 373
890 57
203 4
1111 115
272 430
130 872
548 45
464 503
851 852
184 825
42 1052
685 755
428 932
179 967
963 308
983 710
246 231
484 1044
671 876
209 113
981 247
244 361
130 785
203 510
311 92
1004 317
682 376
209 503
168 839
384 454
168 912
528 487
584 730
426 953
200 879
1038 1105
510 562
203 608
1126 220
923 1022
528 588
851 283
1020 787
996 230
1027 474
857 1095
675 829
42 1116
671 978
1027 371
481 447
983 392
768 313
1111 1078
1126 832
913 679
996 54
290 1097
48 121
890 337
1111 250
557 466
1020 1102
481 574
887 1017
1102 673
455 592
287 424
129 296
775 928
841 619
838 119
192 596
1102 132
557 1000
272 705
272 285
768 122
1126 839
896 117
176 629
983 442
455 642
931 981
311 15
931 946
991 1069
277 629
428 150
290 111
426 976
913 468
875 765
983 159
857 172
209 303
310 551
992 661
327 159
672 889
48 945
310 807
270 127
171 1005
246 541
775 125
290 518
991 832
426 941
106 89
890 1116
42 981
851 888
682 591
426 206
1102 247
48 410
851 36
923 259
1065 721
1020 105
130 875
458 965
287 118
675 130
766 613
584 35
557 353
1102 108
428 192
931 306
481 206
428 776
875 437
287 131
775 612
913 870
171 154
42 36
887 770
64 865
357 232
1126 539
981 716
171 312
179 438
991 1128
671 30
203 1093
203 576
179 725
857 238
42 645
179 495
290 85
311 595
768 422
992 1004
963 380
106 607
428 597
1073 36
64 394
384 173
203 854
913 239
277 208
1073 547
287 1006
129 1095
473 1003
357 367
672 373
106 838
887 475
711 820
584 761
129 1040
875 738
1111 32
890 506
1131 65
118 458
931 319
484 641
42 495
42 886
277 579
859 276
913 570
200 750
130 677
130 783
859 737
851 955
887 530
584 436
287 616
1004 249
472 720
481 774
1027 1053
627 1115
672 375
455 184
1102 470
857 756
118 24
106 509
913 389
1102 178
1126 946
826 989
171 608
981 838
1027 321
484 679
244 619
548 86
1027 917
627 338
859 249
287 656
451 555
472 880
130 199
711 892
859 327
887 1070
992 78
473 262
433 293
176 573
1004 846
851 478
1102 832
528 377
983 589
672 402
209 1083
277 1024
931 711
891 910
548 157
1111 593
711 274
106 239
168 1003
1004 68
991 635
48 633
203 915
913 1021
557 794
444 1010
963 762
1038 336
859 1007
996 589
931 897
118 433
775 1092
766 93
433 135
672 749
129 734
983 53
455 773
451 505
106 469
668 116
675 736
426 898
192 996
685 425
896 111
