46 714
46 317
46 451
48 455
64 600
64 826
64 528
118 719
130 337
130 636
130 514
130 766
130 728
130 452
130 852
130 972
130 740
130 179
130 762
130 426
130 922
130 645
130 671
130 1110
130 118
130 1078
130 244
130 675
168 638
168 110
168 737
168 380
168 317
168 578
168 102
168 152
168 1075
168 987
168 963
168 307
168 277
168 700
168 549
168 460
168 629
168 1050
168 983
168 231
168 15
168 361
168 594
168 528
168 192
168 909
168 544
171 1037
171 356
171 524
171 231
171 912
171 389
171 192
171 421
176 165
176 1060
176 506
176 80
176 543
176 542
176 746
176 712
176 1051
176 541
176 1074
176 463
176 577
176 444
176 212
176 81
176 754
176 857
176 562
176 375
176 639
176 199
176 1075
176 170
176 745
176 822
176 831
176 272
176 744
176 957
176 578
176 183
176 37
176 644
176 1085
176 955
176 205
176 625
176 894
179 441
184 78
184 1074
184 984
184 1051
184 542
184 80
184 639
184 311
184 642
184 744
184 857
184 746
184 936
184 955
184 1022
184 165
184 562
184 541
184 644
184 344
184 543
184 37
184 896
184 714
184 288
184 507
184 183
184 272
184 187
184 822
184 684
184 1127
184 605
184 205
184 578
184 176
184 167
184 407
184 1073
184 831
192 1081
192 349
192 422
192 476
192 746
192 688
192 937
192 45
192 881
192 724
192 1040
192 801
192 524
192 810
192 632
192 169
192 383
192 170
192 421
192 460
192 451
192 369
192 301
192 380
192 111
192 634
192 775
192 1074
192 578
192 706
192 952
192 197
192 576
192 181
192 472
192 824
192 676
192 196
192 886
192 766
192 749
192 711
192 691
192 231
192 64
192 1112
192 908
192 846
192 723
192 804
192 452
192 584
192 832
192 669
192 87
192 497
192 37
192 857
192 890
192 203
192 496
192 675
192 611
192 1053
192 758
192 392
192 717
192 640
192 128
192 652
192 695
192 276
192 976
192 201
192 714
192 458
192 157
192 841
192 138
192 557
192 273
192 687
192 1045
192 980
200 834
203 822
209 357
209 1065
209 931
209 317
209 727
209 739
244 714
246 632
246 99
246 1111
246 854
272 894
272 81
272 351
272 543
272 578
272 1073
272 311
272 288
272 562
272 754
272 1051
272 135
272 605
272 289
272 1085
272 955
272 506
272 541
272 205
272 896
272 684
272 202
272 984
272 1074
272 463
272 577
272 183
272 822
272 170
272 165
272 676
272 167
272 712
272 444
272 744
272 1060
287 441
287 518
287 627
287 1038
287 802
287 937
287 963
287 34
287 344
287 321
287 854
290 517
310 407
311 184
311 187
311 984
311 407
311 822
311 1074
311 894
311 562
311 744
311 506
311 507
311 979
311 1060
311 202
311 37
311 714
311 80
311 375
311 831
311 1127
311 176
311 289
311 957
311 541
311 81
311 205
311 936
311 78
311 542
311 605
311 746
311 183
311 1075
311 857
311 578
311 848
311 351
327 461
327 524
327 37
327 925
327 184
327 434
327 132
327 717
327 290
327 1044
327 1080
327 29
327 394
327 975
327 724
327 1064
327 190
327 583
327 273
327 1053
327 804
327 580
327 55
327 369
327 1062
327 810
327 499
327 519
327 937
327 936
327 1040
327 104
327 799
327 976
327 675
327 231
327 496
327 167
327 890
327 102
327 1116
327 921
327 518
327 316
327 758
327 1
327 409
327 680
327 197
327 1020
327 427
327 392
327 350
327 380
327 683
327 557
327 165
327 611
327 545
327 847
327 230
327 635
327 767
327 766
327 403
327 181
327 652
327 669
327 660
327 1107
327 1043
327 574
327 688
327 621
327 377
327 641
327 1010
327 1083
327 28
327 825
327 330
327 177
327 332
327 122
327 776
327 87
327 691
327 3
327 718
327 283
327 576
327 712
327 1081
327 514
327 451
327 389
327 172
327 1045
327 400
327 64
327 240
327 135
357 775
357 739
357 209
357 14
357 317
357 727
384 857
384 192
384 327
384 714
384 822
384 1131
426 890
428 512
433 891
444 676
444 41
444 176
444 857
444 625
444 936
444 167
444 212
444 541
444 69
444 984
444 1074
444 1050
444 714
444 957
444 272
451 314
451 913
451 71
455 171
455 822
455 766
455 48
458 584
464 963
464 92
472 737
481 1126
510 792
528 444
528 1111
528 484
528 1022
548 1127
557 172
557 49
557 763
584 737
627 380
627 745
627 841
668 564
668 1027
668 766
668 329
668 535
671 567
671 348
671 110
671 685
671 726
671 513
671 168
671 5
671 428
671 358
671 909
671 851
671 306
671 136
671 171
671 1086
672 318
672 561
672 524
672 106
672 591
672 307
672 361
672 1131
672 693
672 1024
672 205
672 222
672 481
672 745
672 475
672 632
672 857
675 111
675 236
675 172
675 881
675 28
682 688
682 795
682 531
682 41
682 577
682 578
682 838
682 543
682 535
682 998
682 666
682 364
682 1050
682 187
682 684
682 78
682 802
682 1011
685 1121
711 99
711 854
711 660
711 246
766 455
766 1102
766 857
766 627
766 714
766 380
766 428
768 209
768 381
768 967
768 1009
768 616
768 357
768 480
768 242
768 317
775 857
826 744
826 407
838 41
838 682
838 562
838 319
841 627
851 421
857 167
857 284
857 991
857 1038
857 192
857 118
857 775
857 542
857 963
857 311
857 936
857 714
857 384
859 761
875 996
887 957
887 542
890 426
896 1022
896 506
896 955
896 639
896 167
896 1074
896 979
896 184
896 684
896 507
896 41
896 176
896 1085
896 183
896 463
896 444
896 644
896 344
896 957
896 543
896 712
896 375
896 676
896 577
896 187
896 1060
896 78
896 848
896 407
896 212
896 274
896 936
896 170
896 80
896 745
896 288
896 1073
896 666
913 458
913 724
913 136
913 982
913 399
913 383
913 803
913 524
913 46
913 200
913 105
913 192
913 671
923 1121
931 9
931 209
931 460
963 449
963 100
963 46
963 634
963 1018
963 1038
963 317
963 102
963 983
963 164
963 1079
963 1065
963 632
963 822
963 584
963 17
963 113
963 168
963 875
963 997
963 74
963 996
963 66
963 571
963 846
963 908
963 915
963 565
963 812
963 1121
963 1021
963 369
963 246
963 1061
963 737
963 287
963 690
963 758
963 461
983 167
991 1121
992 168
1018 611
1018 571
1018 756
1018 791
1018 167
1018 709
1018 464
1018 1121
1018 1033
1018 1060
1018 247
1018 318
1018 874
1018 160
1018 30
1018 1080
1018 416
1018 605
1018 617
1018 36
1018 564
1018 267
1018 886
1018 1035
1018 358
1018 714
1018 291
1018 959
1018 590
1018 994
1018 140
1018 115
1018 593
1018 1021
1018 685
1018 118
1018 655
1018 187
1018 640
1018 1125
1018 136
1018 556
1020 1067
1020 481
1020 1112
1020 284
1020 980
1020 584
1027 564
1038 357
1038 1121
1038 597
1038 589
1038 294
1038 423
1065 616
1065 727
1065 317
1065 331
1073 746
1073 562
1073 955
1073 822
1073 272
1073 187
1073 896
1073 936
1073 176
1073 712
1073 507
1073 78
1073 202
1073 642
1073 167
1073 80
1102 627
1102 936
1102 380
1111 632
1111 763
1111 248
1111 246
1111 854
1111 519
1111 989
1126 714
1126 287
1126 215
1126 1060
1131 212
1131 167
1131 983
1131 192
