59 954
59 220
59 205
59 1015
59 1101
59 271
59 454
59 775
59 527
59 851
59 601
59 204
59 892
59 642
59 221
59 202
59 431
59 1082
59 982
59 38
59 502
59 1081
59 581
59 444
59 570
59 265
59 830
59 847
66 955
66 517
66 780
66 278
66 133
66 369
66 689
66 673
66 272
66 968
66 728
66 382
66 1087
117 1027
117 123
117 1009
117 761
117 402
117 112
117 510
117 1048
117 877
117 832
117 1007
117 978
117 371
117 342
117 472
117 613
117 616
117 689
117 890
117 366
117 971
117 490
117 519
117 475
117 468
117 942
117 460
117 205
117 1078
117 329
117 162
117 364
117 356
117 691
117 1043
117 800
117 892
117 198
117 618
117 1067
117 839
117 981
117 84
117 64
117 1075
117 1077
117 508
117 712
117 1118
117 202
117 1025
117 1021
117 560
117 951
117 571
117 608
117 358
117 564
117 641
117 1082
117 160
117 1054
117 960
117 737
117 830
117 576
117 881
117 801
117 47
117 438
117 102
117 910
117 704
117 180
117 66
117 869
117 995
117 683
117 328
117 250
117 1070
117 281
117 168
117 672
117 952
117 824
117 173
117 749
117 251
117 222
117 1088
117 727
117 221
117 760
117 161
117 37
117 681
117 227
117 1107
117 476
117 288
117 170
117 1101
117 1026
117 980
117 413
117 347
117 462
117 639
117 155
117 103
117 1003
117 398
117 429
117 12
117 292
117 177
117 742
117 580
117 382
117 225
117 341
117 199
117 128
117 357
117 929
117 206
117 389
117 333
117 1013
117 387
117 816
117 684
117 482
117 555
117 770
117 511
117 378
117 856
117 500
117 818
117 62
117 955
117 1011
117 504
117 1055
117 741
117 1012
117 901
117 131
117 502
117 455
117 750
117 785
117 870
117 962
117 932
117 379
117 1004
117 1036
117 4
117 654
117 775
117 543
117 587
117 568
117 213
117 18
117 267
117 861
117 925
117 658
117 1094
117 381
117 666
117 547
117 577
117 649
117 29
117 142
117 872
117 574
117 367
117 1069
117 972
117 274
117 1051
117 1104
117 792
117 652
117 417
117 48
117 809
117 528
117 934
117 796
117 359
117 60
117 57
117 332
117 1097
117 767
117 1038
117 545
117 283
117 203
117 513
117 403
117 514
117 241
117 979
117 548
117 647
117 452
117 534
117 835
117 578
117 6
117 518
117 433
117 813
117 464
117 440
117 69
117 297
117 1111
117 43
117 44
117 556
117 164
117 126
117 588
122 753
122 57
122 643
122 622
122 894
122 34
122 860
122 28
122 931
122 452
122 115
122 24
122 511
122 439
122 995
122 564
122 790
122 598
122 678
122 714
122 426
134 440
134 580
134 767
134 898
134 142
134 1005
134 910
134 524
134 1069
134 66
134 203
134 1068
134 37
134 513
134 495
134 704
134 502
134 12
134 136
134 1077
134 775
134 997
134 717
134 1033
134 555
134 951
134 576
134 329
134 970
134 824
134 490
134 1027
134 356
134 616
134 4
134 1072
134 514
134 219
134 232
134 235
134 615
134 200
134 535
134 927
134 218
134 360
134 1001
134 436
134 844
134 464
134 864
134 1105
134 733
134 991
134 359
134 123
134 832
134 528
134 270
134 388
134 1013
134 180
134 957
134 719
134 278
134 728
134 518
134 965
134 1080
134 995
134 573
134 1039
134 942
134 1004
134 347
134 276
134 654
134 639
134 443
134 1009
134 168
134 1081
134 845
134 745
134 681
134 145
215 205
215 995
215 608
215 577
215 867
215 698
215 1106
215 166
215 971
215 431
215 30
215 141
215 218
215 378
215 518
215 265
215 984
215 221
215 877
215 704
215 990
215 247
215 440
215 980
215 271
215 703
215 799
215 12
215 250
215 199
215 829
215 103
215 848
215 460
215 267
215 586
215 648
215 646
215 963
215 388
215 761
215 809
215 776
215 458
215 175
215 0
215 860
215 714
215 1021
215 164
215 965
215 513
215 1097
215 620
215 319
215 142
215 128
215 581
250 775
250 347
250 1055
250 454
250 297
250 1101
250 1005
250 690
250 1084
250 737
250 586
250 336
250 627
250 205
250 698
250 175
250 1113
250 460
250 731
250 833
250 302
250 357
250 608
250 577
250 105
250 86
250 38
250 398
250 332
250 228
250 161
250 662
250 971
250 192
250 570
250 979
250 848
250 567
250 211
250 199
250 751
250 830
250 1021
250 1059
250 213
250 942
250 225
250 770
250 265
250 636
250 141
332 719
332 835
332 737
332 356
332 91
332 1112
332 37
332 639
332 12
332 359
332 970
332 823
332 1069
332 1007
332 464
332 1091
332 995
332 775
332 528
332 615
332 1106
332 453
332 1070
332 832
332 251
332 1077
332 548
332 378
332 281
332 681
332 1097
332 638
332 83
332 524
332 1050
332 680
332 1111
332 1039
332 218
332 951
332 270
332 816
332 480
332 1095
332 1048
332 176
332 133
332 490
332 342
332 1026
332 616
332 573
332 41
332 440
332 952
332 527
332 942
332 643
332 609
332 423
338 71
338 502
338 714
338 292
338 134
338 963
403 888
403 753
403 457
403 265
403 781
403 134
403 211
403 512
403 813
403 123
403 215
403 276
403 741
403 18
403 225
403 903
403 1051
403 499
403 24
403 589
403 4
403 244
403 473
403 568
403 1097
403 770
403 1106
403 205
403 754
403 454
403 25
403 275
403 848
403 673
403 1076
403 162
403 1101
403 475
403 940
403 721
403 21
403 482
403 678
403 898
403 385
403 496
403 274
403 795
403 143
403 820
403 485
403 282
403 230
403 737
403 281
403 190
403 1078
403 308
403 223
403 535
403 312
403 613
403 712
403 182
403 1064
403 563
403 650
403 1077
403 887
403 779
403 1004
403 57
403 1104
403 348
403 360
403 908
403 136
403 38
403 834
403 957
403 954
403 341
403 247
403 254
403 191
403 927
403 367
403 735
403 175
403 448
403 543
403 830
403 155
403 227
403 836
403 398
403 614
403 1053
403 62
403 556
403 300
403 547
403 66
403 380
403 537
403 785
403 199
403 35
403 1052
403 546
403 787
403 672
403 285
403 109
403 923
403 538
403 733
403 471
403 105
403 41
403 962
403 214
403 780
403 533
403 356
403 273
403 228
403 698
403 34
403 742
403 495
403 382
403 1095
403 513
403 643
403 776
403 714
403 492
437 573
437 1079
437 753
437 643
437 951
437 847
437 714
437 434
437 577
437 136
437 894
437 58
437 567
437 1027
437 34
437 958
437 133
437 84
437 540
437 499
437 756
437 282
437 28
437 962
437 888
437 247
437 356
437 241
437 105
437 268
437 112
437 780
437 898
437 890
437 290
437 823
437 444
437 99
437 527
437 906
437 12
437 141
437 533
437 562
437 703
437 731
437 1081
437 813
437 1033
437 1042
437 593
437 204
437 288
437 429
437 1025
437 517
437 198
437 927
437 1051
437 351
437 265
437 770
437 4
437 1003
441 735
441 528
441 502
441 833
441 1047
441 364
441 870
441 486
441 194
441 581
441 567
441 534
441 737
441 460
441 571
441 984
441 646
441 190
441 650
441 1039
441 4
441 925
441 809
441 1027
441 554
441 332
441 257
441 272
441 6
441 437
441 175
441 476
441 359
441 963
441 155
441 1069
441 579
441 504
441 1094
441 962
441 1095
441 1068
441 942
441 1004
441 1025
441 801
441 369
441 1111
441 1048
441 458
441 839
441 929
441 1067
441 541
441 931
441 487
441 719
441 704
441 1101
441 357
441 798
441 981
441 1012
441 1033
441 665
441 493
441 232
441 609
441 250
441 727
486 577
486 511
486 524
486 213
486 44
486 230
486 475
486 142
486 924
486 903
486 366
486 648
486 932
486 12
486 1107
486 760
486 534
486 449
486 125
486 398
486 357
486 801
486 881
486 699
486 265
486 244
486 483
486 444
486 228
486 1103
486 423
486 332
486 1118
486 979
486 369
486 215
486 203
486 1081
486 25
486 382
486 563
486 555
486 527
486 127
486 60
486 982
486 1111
486 845
486 133
486 727
486 128
486 608
486 1101
486 155
486 274
486 638
486 929
486 780
486 178
486 745
486 1055
486 378
486 570
486 6
486 965
486 1064
486 609
486 731
486 870
486 462
486 606
486 458
486 402
486 425
486 1033
486 164
486 257
486 529
486 684
486 205
486 517
486 1036
486 809
486 741
486 824
486 643
486 925
486 704
486 329
508 770
508 968
508 576
508 704
508 388
508 698
508 1050
508 642
508 66
508 57
508 1007
508 522
508 727
508 639
508 159
508 582
508 549
508 1072
508 423
508 823
508 347
524 740
524 1105
524 533
524 828
524 205
524 517
524 1069
524 527
524 388
524 579
524 847
524 767
548 608
548 166
548 1004
548 502
548 271
548 581
548 161
548 277
548 1079
608 1077
608 305
608 993
608 1104
608 449
608 351
608 494
608 749
608 1044
608 855
608 750
608 290
608 742
608 778
608 360
608 218
608 227
608 533
608 752
608 1046
608 510
608 277
608 1084
608 864
608 681
627 388
627 292
627 225
627 1117
627 646
627 1021
627 678
627 755
627 1032
627 821
627 161
627 932
627 1005
627 452
627 60
704 332
704 48
704 864
704 970
704 984
704 142
704 737
704 892
704 741
704 813
704 60
704 478
704 650
704 247
704 1077
704 34
704 250
704 639
704 111
744 851
744 221
744 958
744 800
744 134
744 1117
744 1005
744 567
848 608
848 305
848 753
848 268
848 703
848 963
848 1078
848 1118
848 591
848 487
848 364
848 1077
848 536
848 1015
848 482
848 688
848 274
848 155
848 856
848 71
848 37
848 1080
848 965
848 359
848 952
848 203
848 830
848 112
848 271
848 990
848 752
848 691
848 610
848 1104
848 563
848 457
848 1106
848 571
848 95
848 80
848 577
848 405
848 818
848 636
848 267
848 144
848 664
848 423
848 222
848 798
848 844
848 131
848 380
848 178
848 345
848 968
848 243
848 775
848 819
848 111
848 388
848 91
848 527
848 602
848 25
848 579
848 148
848 510
848 869
848 699
848 622
848 696
848 137
848 552
848 771
848 215
848 1003
848 1062
848 924
848 38
848 357
848 574
848 609
848 14
848 214
848 737
848 260
848 473
848 695
848 792
848 555
848 845
848 781
848 513
848 114
848 606
848 543
848 533
848 962
848 991
848 330
848 1021
848 431
848 176
848 1045
848 108
848 5
848 62
848 546
848 135
848 391
848 515
848 1048
848 1085
848 440
848 508
848 727
848 942
848 84
848 206
848 329
848 724
848 517
848 223
848 64
848 145
848 828
848 493
848 257
848 1059
848 1013
848 832
848 860
848 681
848 624
848 366
848 1039
848 282
848 658
848 782
848 580
848 558
848 708
848 823
848 60
848 511
848 501
848 758
848 643
848 1079
848 173
848 785
848 927
848 134
848 1084
848 413
848 1012
848 142
848 997
848 454
848 504
848 889
848 970
848 650
848 732
848 102
848 436
848 429
848 528
848 177
848 1046
848 881
848 870
848 787
848 199
848 1027
848 560
848 741
848 1112
848 347
848 218
848 588
848 356
848 1004
848 41
848 576
848 589
848 961
848 492
848 334
848 613
848 251
848 117
848 256
848 241
848 478
848 338
848 17
848 581
848 568
848 449
848 896
848 731
848 182
848 684
848 13
848 9
848 995
848 649
848 444
848 147
848 654
848 620
848 639
848 476
848 562
848 683
848 903
848 29
848 704
848 923
848 355
848 486
848 24
848 1025
848 524
848 725
848 522
848 452
848 547
848 378
848 190
848 981
848 951
848 780
848 15
848 125
848 665
848 349
848 261
848 1023
848 925
848 81
848 400
848 982
848 755
848 439
848 1111
848 1052
848 809
848 133
848 573
848 812
848 877
848 977
848 971
848 1089
848 122
848 283
848 1081
848 467
848 128
853 1001
853 631
853 250
853 627
853 111
853 758
853 280
853 752
853 492
853 397
853 925
853 403
853 696
853 959
853 198
853 175
853 510
853 478
853 297
853 382
853 141
853 12
853 192
853 535
853 487
853 413
853 922
853 848
853 1011
853 103
853 274
853 1042
853 525
853 775
853 687
853 683
853 635
853 296
853 359
853 903
853 8
853 579
853 472
853 117
853 329
853 951
853 108
853 180
853 830
853 1088
853 439
853 1089
853 241
853 1115
853 301
853 318
853 650
853 328
853 609
853 364
856 0
856 454
856 780
856 549
856 13
856 142
856 533
856 495
856 564
856 1012
856 582
856 977
856 347
856 204
856 639
856 816
856 1005
856 458
856 828
856 737
856 379
856 51
856 440
856 487
856 741
856 1021
856 643
856 830
856 648
856 889
856 303
856 60
874 271
874 203
874 194
874 524
874 728
874 398
874 1059
874 963
874 689
875 200
875 454
875 927
875 378
875 175
875 512
875 809
875 357
875 398
875 387
875 977
875 51
875 1038
875 1111
875 1003
875 369
875 567
875 467
875 1039
875 452
875 577
875 951
875 133
875 775
875 528
875 38
875 780
932 423
932 1106
932 1015
932 944
932 177
932 654
932 228
932 875
932 476
932 651
932 475
932 15
932 877
932 170
932 112
932 780
932 0
932 64
932 225
932 126
932 571
932 51
932 975
932 247
932 37
932 741
932 202
932 806
932 298
932 823
932 650
932 549
932 260
932 1056
932 444
932 580
932 997
932 785
932 524
932 971
932 1080
932 924
932 267
932 329
932 551
932 427
932 108
932 1039
932 818
932 577
932 579
932 454
932 213
932 102
932 581
932 1113
932 1077
932 241
932 652
932 369
932 347
932 978
932 282
932 103
932 161
932 586
932 613
932 1075
932 775
932 191
932 464
932 500
932 552
932 357
932 824
932 708
932 835
932 271
932 564
932 265
932 355
932 792
932 833
932 533
932 356
932 582
932 502
932 167
932 813
932 204
932 194
932 364
932 698
932 952
932 984
932 574
932 1095
932 522
932 1050
932 786
932 164
932 270
932 219
932 232
932 801
932 259
932 442
932 610
932 44
932 731
932 1030
932 223
932 59
932 363
932 452
932 80
932 99
932 881
932 379
932 127
932 451
932 1003
932 236
932 979
932 141
932 1081
932 366
932 1048
932 665
932 770
932 428
932 601
932 892
932 560
932 215
932 554
932 627
932 111
932 205
932 433
932 684
932 13
932 1118
932 583
955 199
955 621
955 345
955 1081
955 543
955 942
955 695
955 800
955 860
955 1089
955 436
955 1
955 413
955 922
955 51
955 818
955 215
955 522
955 839
955 347
955 895
955 910
955 771
955 638
955 145
955 819
955 579
955 844
955 605
955 1048
955 799
955 681
955 487
955 586
955 816
955 528
955 847
955 38
955 280
955 801
955 740
955 301
955 527
955 71
955 1050
955 767
955 112
955 128
955 1012
955 927
955 704
955 377
955 213
955 1075
955 648
955 832
955 636
955 241
955 673
955 403
955 228
955 134
955 887
955 649
955 378
955 440
955 984
955 194
955 297
955 661
955 962
955 332
955 1084
955 17
955 256
955 535
955 1094
955 601
955 830
955 581
955 389
955 889
955 534
955 996
955 733
955 924
955 495
955 1080
955 727
955 274
955 379
955 923
955 717
955 398
955 230
955 1105
955 500
955 997
955 991
955 570
955 657
955 1068
955 929
955 944
955 582
955 854
955 683
955 237
955 117
955 170
955 780
955 533
955 511
955 770
955 388
955 761
955 175
955 129
955 521
955 480
955 1070
955 177
955 6
955 517
955 951
955 775
955 14
955 580
955 513
955 690
955 168
955 103
955 293
955 423
955 12
955 4
955 1027
955 703
955 606
955 892
955 877
955 27
955 0
955 797
955 1104
955 44
955 809
955 576
955 338
955 494
955 1007
955 571
955 250
955 57
955 519
955 1036
955 975
1004 271
1004 290
1004 170
1004 199
1004 586
1004 581
1004 194
1004 452
1004 1101
1004 582
1004 563
1004 533
1004 57
1004 332
1004 979
1004 166
1004 388
1004 218
1004 378
1004 1115
1004 225
1015 398
1015 830
1015 1095
1015 1021
1015 476
1015 378
1015 727
1015 4
1015 522
1015 203
1015 215
1015 1113
1015 1075
1015 767
1015 961
1015 951
1015 642
1015 12
1015 737
1015 405
1015 995
1015 18
1015 66
1015 661
1015 1003
1015 431
1015 271
1015 1026
1015 250
1015 198
1015 586
1015 0
1015 199
1015 698
1015 1013
1015 369
1015 843
1015 535
1015 455
1015 929
1015 202
1015 833
1015 753
1015 166
1015 639
1015 517
1015 56
1015 782
1015 890
1015 467
1015 6
1015 823
1015 703
1015 564
1015 1077
1047 724
1047 134
1047 991
1047 196
1047 513
1047 1077
1047 785
1047 733
1047 851
1047 83
1047 62
1047 231
1047 492
1047 1043
1047 764
1047 708
1047 48
1047 1070
1047 176
1047 602
1047 326
1047 534
1047 504
1047 298
1047 1050
1047 155
1047 133
1047 1072
1047 1027
1047 760
1047 704
1047 194
1047 518
1047 970
1047 436
1047 1061
1047 790
1047 925
1047 614
1047 823
1047 627
1047 84
1047 204
1047 649
1047 401
1047 371
1047 329
1047 164
1047 1107
1047 929
1047 678
1047 574
1047 1036
1047 1033
1047 228
1047 363
1047 338
1047 141
1047 571
1047 845
1047 547
1047 1004
1047 665
1047 429
1047 128
1047 828
1047 616
1047 12
1047 1005
1047 319
1047 117
1047 895
1047 366
1047 345
1047 1081
1047 417
1047 573
1047 342
1047 672
1047 1064
1047 965
1047 589
1047 1011
1047 1021
1047 555
1047 30
1047 801
1047 818
1047 646
1047 770
1047 633
1047 1095
1047 433
1047 579
1047 435
1047 712
1047 37
1047 165
1047 464
1047 942
1047 330
1047 142
1047 824
1047 1105
1047 13
1047 956
1047 274
1047 1065
1047 1087
1047 692
1047 131
1047 235
1047 951
1047 1048
1047 658
1047 1009
1047 1068
1047 759
1047 444
1047 195
1047 1069
1047 608
1047 1112
1047 514
1047 265
1047 932
1047 995
1047 969
1047 695
1047 848
1047 524
1047 816
1047 527
1047 81
1047 982
1047 199
1047 267
1047 247
1047 6
1047 343
1047 440
1047 675
1047 1101
1047 38
1068 191
1068 761
1068 449
1068 246
1068 733
1068 666
1068 382
1068 927
1068 760
1068 770
1068 1033
1068 809
1068 141
1068 502
1068 998
1068 150
1068 978
1068 1001
1068 985
1068 25
1068 1005
1068 290
1068 923
1068 178
1068 866
1068 1021
1068 650
1068 213
1068 1062
1068 654
1068 599
1068 475
1068 105
1068 69
1068 1070
1068 398
1068 494
1068 513
1068 1025
1068 968
1068 719
1068 364
1068 343
1068 848
1068 997
1068 71
1068 268
1068 845
1068 519
1068 510
1068 1026
1068 613
1068 442
1068 70
1068 787
1068 1039
1068 444
1068 887
1068 467
1068 57
1068 211
1068 995
1068 455
1068 1036
1068 665
1068 225
1068 358
1068 303
1068 142
1068 731
1068 1030
1068 667
1068 233
1068 587
1068 437
1068 472
1068 438
1068 22
1068 351
1068 429
1068 643
1068 356
1068 844
1068 29
1068 961
1068 535
1068 41
1068 1008
1068 311
1068 644
1068 38
1068 1009
1068 267
1068 929
1068 843
1068 341
1068 332
1068 1097
1068 278
1068 173
1068 1027
1068 804
1068 116
1068 215
1068 319
1068 204
1068 199
1068 317
1068 499
1068 724
1068 30
1068 518
1068 1007
1068 609
1068 951
1068 72
1068 586
1068 982
1068 478
1068 571
1068 102
1068 367
1068 66
1068 823
1068 127
1068 250
1068 830
1068 971
1068 260
1068 547
1068 404
1068 180
1068 453
1068 190
1068 220
1068 996
1068 614
1068 393
1068 397
1068 560
1068 175
1068 223
1068 82
1068 360
1068 661
1068 541
1068 908
1068 1048
1068 936
1068 312
1068 806
1068 834
1068 112
1068 483
1068 208
1068 713
1068 757
1068 991
1068 726
1068 824
1068 177
1068 970
1068 282
1068 1080
1068 714
1068 771
1068 203
1068 417
1068 678
1068 704
1068 145
1068 120
1068 294
1068 355
1068 638
1068 200
1068 611
1068 194
1068 521
1068 819
1068 12
1068 237
1068 898
1068 758
1068 549
1068 422
1068 476
1068 139
1068 340
1068 965
1068 136
1068 300
1068 1065
1068 271
1068 767
1068 487
1068 1102
1068 400
1068 349
1068 514
1068 1077
1068 881
1068 59
1068 606
1068 14
1068 680
1068 649
1068 329
1068 652
1068 1011
1068 620
1068 860
1068 452
1068 359
1068 873
1068 402
1068 543
1068 546
1068 148
1068 1094
1068 895
1068 741
1068 537
1068 423
1068 388
1068 6
1068 737
1068 947
1068 616
1068 1013
1068 231
1068 256
1068 914
1068 34
1068 653
1068 265
1068 564
1068 780
1068 954
1068 689
1068 691
1068 943
1068 932
1081 66
1081 816
1081 780
1081 482
1081 232
1081 767
1081 338
1081 70
1081 191
1081 59
1081 290
1081 282
1081 51
1081 357
1081 518
1081 716
1081 241
1081 658
1081 853
1081 864
1081 44
1081 579
1081 753
1081 108
1081 1051
1081 17
1081 6
1081 37
1081 1030
1081 968
1081 155
1081 1066
1081 927
1081 80
1081 401
1081 504
1081 1112
1081 839
1081 970
1081 1014
1081 251
1081 552
1081 428
1081 150
1081 952
1081 298
1081 48
1081 294
1081 317
1081 760
1081 1003
1081 830
1081 202
1081 704
1081 312
1081 366
1081 145
1081 729
1081 917
1081 511
1081 460
1081 815
1081 860
1081 382
1081 1021
1081 725
1081 407
1081 355
1081 957
1081 510
1081 569
1081 1095
1081 379
1081 494
1081 646
1081 13
1081 795
1081 1050
1081 591
1081 818
1081 1102
1081 211
1081 528
1081 34
1081 256
1081 775
1081 719
1081 971
1081 814
1081 833
1081 724
1081 991
1081 1012
1081 221
1081 64
1081 513
1081 127
1081 642
1081 1027
1081 698
1081 332
1081 558
1081 497
1081 643
1081 800
1081 1069
1081 734
1081 848
1081 433
1081 895
1081 866
1081 472
1081 262
1081 757
1081 573
1081 568
1081 990
1081 546
1081 661
1081 117
1081 621
1081 175
1081 959
1081 1
1081 123
1081 534
1081 751
1081 439
1081 1088
1081 555
1081 502
1081 219
1081 588
1081 890
1081 1005
1081 63
1081 752
1081 1039
1081 873
1081 7
1081 250
1081 683
1081 684
1081 105
1081 665
1081 205
1081 764
1081 608
1081 29
1081 91
1081 161
1081 111
1081 889
1081 444
1081 872
1081 877
1081 423
1081 1106
1081 1036
1081 825
1081 30
1081 648
1081 606
1081 519
1081 452
1081 190
1081 543
1081 680
1081 436
1081 210
1081 375
1081 160
1081 524
1081 189
1081 1103
1081 851
1081 861
1081 614
1081 106
1081 535
1081 888
1081 348
1081 204
1081 162
1081 14
1081 303
1081 81
1081 770
1081 540
1081 972
1081 741
1081 737
1081 551
1081 1075
1081 581
1081 1070
1081 173
1081 512
1081 1048
1081 369
1097 586
1097 359
1097 0
1097 1038
1097 18
1097 890
1097 425
1097 60
1097 349
1097 1005
1097 952
1097 934
1097 951
1097 436
1097 977
1097 213
1097 504
1097 1070
1097 932
1097 112
1097 975
1097 215
1097 1007
1097 512
1097 1027
1097 691
1097 1080
1097 965
1097 631
1097 199
1097 1069
1097 570
1097 387
1097 798
1097 398
1097 889
1097 546
1097 250
1097 529
1097 1081
1097 129
1097 780
1097 1047
1097 737
1097 639
1097 642
1097 727
1097 162
1097 929
1097 576
1097 423
1097 168
1097 12
1097 924
1097 646
1097 240
1097 1111
1097 95
1097 703
1097 818
1097 580
1097 440
1097 178
1097 347
1097 475
1097 714
1097 1021
1102 940
1102 1077
1102 756
1102 198
1102 752
1102 1005
1102 570
1102 571
1102 946
1102 403
1102 1068
1102 528
1102 41
1102 553
1102 133
1102 74
1102 328
1102 991
1102 1001
1102 382
1102 359
1102 478
1102 281
1102 799
1102 1078
1102 650
1102 733
1102 873
1102 329
1102 457
1102 487
1102 218
1102 115
1102 455
1102 912
1102 704
1102 785
1102 162
1102 681
1102 1007
1102 898
1102 500
1102 473
1102 160
1102 211
