2 993
2 161
2 1104
2 204
2 452
2 1362
2 858
2 688
2 982
2 1180
2 0
2 84
2 640
2 989
2 22
2 1327
2 113
2 373
2 854
2 313
2 1103
2 928
2 1383
2 1369
2 1173
2 23
2 407
2 230
2 733
2 215
2 964
2 450
2 411
2 1157
2 251
2 310
2 1072
2 1048
2 237
2 291
2 695
2 1129
2 493
2 519
2 366
2 552
2 284
2 83
2 1379
2 179
2 1050
2 960
2 837
2 1053
2 1326
2 926
2 1163
2 514
2 670
2 790
2 645
2 274
2 599
2 381
2 1397
2 1394
2 1344
2 797
2 1138
2 720
2 196
2 254
2 527
2 495
2 778
2 72
2 1127
2 872
2 323
2 962
2 256
2 461
2 1206
2 342
2 1024
2 329
2 1105
2 808
2 79
2 701
2 492
2 427
2 526
2 742
2 924
2 604
2 88
2 991
2 586
2 350
2 1034
2 607
2 1184
2 105
2 1270
2 1289
2 556
2 206
2 935
2 596
2 1322
2 236
2 1014
2 1151
2 577
2 424
2 597
2 422
2 973
2 945
2 743
2 121
2 25
2 831
2 1087
2 9
2 186
2 354
2 639
2 538
2 385
2 280
2 95
2 176
2 635
2 1094
2 1287
70 819
70 633
70 584
70 308
70 746
70 65
70 1092
70 185
70 814
70 95
70 343
70 1334
70 1103
70 288
70 630
70 244
70 1331
70 312
70 432
70 346
70 1383
70 527
70 66
70 391
70 99
70 1038
70 506
70 962
70 824
70 375
70 142
70 847
70 525
70 191
70 123
70 409
70 1217
70 1320
70 41
70 639
70 909
70 1065
70 221
70 319
70 1253
70 1019
70 1254
70 1345
70 488
70 482
70 680
70 1209
70 61
70 1153
70 1308
70 805
70 1192
70 57
70 717
70 1222
70 817
70 598
70 782
70 225
70 380
70 287
70 44
70 1142
70 1056
70 1063
70 826
70 1074
70 269
70 750
70 933
70 1175
70 1179
70 388
70 735
70 353
70 904
70 1323
70 813
70 60
70 1409
70 935
70 1
70 141
70 111
70 297
70 1291
70 557
70 676
70 4
70 412
70 993
70 27
70 876
70 1381
70 539
70 816
70 74
70 339
70 241
70 856
70 327
70 1201
70 867
70 828
70 1348
70 441
70 623
70 23
70 459
70 36
70 1341
70 440
70 998
70 1166
70 881
70 446
70 947
70 649
70 173
70 246
70 309
70 198
70 520
70 1374
70 122
70 880
70 711
70 714
70 389
70 1013
70 372
70 1108
70 137
70 37
70 473
70 760
70 330
70 82
70 1106
70 621
70 832
70 849
70 357
70 673
70 419
70 1321
70 912
70 607
70 2
70 989
70 1043
70 718
70 39
70 648
70 430
70 431
70 237
70 1113
70 116
70 1227
70 675
70 1340
70 1026
70 342
70 1275
70 204
70 352
70 1072
70 278
70 1070
70 364
70 692
70 578
70 320
70 699
70 1028
70 930
70 196
70 734
70 292
70 1359
70 804
70 69
70 1021
70 114
70 1219
70 1319
70 494
70 944
70 877
70 549
70 1129
70 703
70 591
70 815
70 1200
70 1005
70 762
70 1177
70 749
70 1255
70 174
70 616
70 793
70 1118
70 1189
70 674
70 337
70 118
70 107
70 1250
70 313
70 193
70 667
70 1061
70 338
70 18
70 720
70 986
70 669
70 1292
70 890
70 1398
70 767
70 209
70 1257
70 1034
70 787
70 478
70 1197
70 310
70 172
70 426
70 1008
70 834
70 634
70 386
70 901
70 573
70 1214
70 1203
70 317
70 481
70 433
70 1191
70 900
70 439
70 223
70 776
70 592
70 285
70 1047
70 644
70 528
70 636
70 154
70 682
70 1184
70 302
70 719
70 1212
70 76
70 1394
70 367
70 192
70 529
70 1198
70 924
70 242
70 661
70 1123
70 496
70 497
70 274
70 1066
70 84
70 392
70 771
70 479
70 756
70 770
70 889
70 1193
70 1160
70 1131
70 1377
70 955
70 252
70 727
70 976
70 360
70 1393
70 560
70 1371
70 780
70 404
70 1004
70 1071
70 857
70 381
70 587
70 126
70 550
70 120
70 772
70 696
70 171
70 656
70 1358
70 985
70 652
70 624
70 1002
70 860
70 272
70 450
70 908
70 212
70 1036
70 1263
70 723
70 444
70 899
70 659
70 236
70 1339
70 646
70 516
70 926
70 1247
70 1124
70 414
70 614
70 948
70 143
70 654
70 671
70 1169
70 556
70 705
70 1297
70 613
70 355
70 710
70 235
70 586
70 1119
70 612
70 421
70 1322
70 387
70 530
70 1144
70 1211
70 130
70 894
70 585
70 34
70 1088
70 165
70 1112
70 110
70 1285
70 425
70 1107
70 677
70 1121
70 1258
70 403
70 254
70 853
70 668
70 211
70 161
70 1221
70 385
70 872
70 650
70 281
70 129
70 239
70 783
70 400
70 1033
70 1045
70 301
70 208
70 1140
70 1188
70 939
70 514
70 1080
70 1139
70 264
70 831
70 273
70 227
70 397
70 1086
70 1237
70 334
70 707
70 243
70 1224
70 1261
70 1305
70 891
70 943
70 376
70 368
70 362
70 379
70 1317
70 1218
70 548
70 875
70 45
70 89
70 458
70 1368
70 882
70 969
70 810
70 798
70 1084
70 21
70 518
70 914
70 1290
70 879
70 951
70 1076
70 1183
70 1135
70 808
70 896
70 1362
70 1309
70 695
70 347
70 1156
70 850
70 395
70 687
70 1003
70 859
70 739
70 158
70 92
70 184
70 848
70 1400
70 1172
70 1327
70 1352
70 846
70 331
70 747
70 1102
70 1023
70 1138
70 740
70 517
70 1041
70 1404
70 799
70 449
70 22
70 259
70 26
70 1373
70 112
70 651
70 86
70 268
70 318
70 1318
70 563
70 873
70 1099
70 567
70 681
70 818
70 1240
70 1239
70 1171
70 358
70 501
70 1369
70 1011
70 781
70 271
70 1031
70 115
70 1349
70 1205
70 950
70 413
70 1270
70 456
70 1357
70 1293
70 606
70 169
70 1260
70 145
70 168
70 858
70 213
70 279
70 11
70 1264
70 216
70 785
70 774
70 737
70 1122
70 631
70 356
70 1163
70 600
70 768
70 610
70 542
70 1059
70 809
70 402
70 293
70 429
70 559
70 1408
70 253
70 1208
70 921
70 954
70 934
70 394
70 755
70 508
70 105
70 420
70 267
70 75
70 52
70 232
70 13
70 181
70 522
70 897
70 1396
70 919
70 1111
70 1397
70 49
70 180
70 90
70 505
70 296
70 1287
70 54
70 1115
70 812
70 266
70 562
70 596
70 766
70 103
70 1182
70 1406
70 30
70 127
70 303
70 1194
70 963
70 662
70 149
70 401
70 920
70 960
70 1379
70 670
70 523
70 689
70 653
70 1350
70 635
70 1245
70 128
70 1025
70 956
70 807
70 786
70 1157
70 87
70 511
70 1057
70 913
70 736
70 1367
70 1403
70 893
70 50
70 533
70 427
70 471
70 967
70 1300
70 788
70 10
70 1006
70 830
70 270
70 752
70 1037
70 666
70 519
70 602
70 1149
70 991
70 1079
70 745
70 918
70 6
70 1384
70 1313
70 119
70 1259
70 942
70 178
70 827
70 572
70 229
70 325
70 965
70 33
70 844
70 3
70 1093
70 369
70 538
70 1062
70 1039
70 958
70 365
70 709
70 684
70 702
70 354
70 981
70 851
70 504
70 1098
70 929
70 638
70 1231
70 773
70 1127
70 201
70 1344
70 708
70 604
70 1366
70 463
70 983
70 101
70 1174
70 1241
70 290
70 276
70 1269
70 524
70 43
70 341
70 1018
70 1068
110 1208
110 288
110 269
110 90
110 1268
110 711
110 1037
110 211
110 241
110 345
110 1334
110 480
110 338
110 191
110 925
110 1218
110 459
110 956
110 364
110 196
110 1342
110 1309
110 4
110 1245
110 1047
110 835
110 1297
110 1182
110 762
110 507
110 1387
110 1139
110 613
110 322
110 77
110 620
110 812
158 261
158 385
158 1182
158 285
158 110
158 1131
158 270
158 407
158 123
158 208
158 249
158 708
158 1053
158 243
158 575
158 1073
158 634
158 1010
158 117
158 695
158 914
158 709
158 732
158 1192
158 398
158 480
158 625
158 481
158 1065
158 1257
158 0
158 1041
158 644
158 1384
158 265
158 909
158 577
158 1068
158 1144
158 1319
158 598
158 1180
158 174
158 1181
158 777
158 1103
158 600
158 1142
158 527
158 367
158 1084
201 923
201 1371
201 782
201 97
201 194
201 254
201 230
201 1395
201 872
201 716
201 1315
201 1250
201 729
201 1080
201 649
201 613
201 1123
201 1151
242 682
242 782
242 627
242 868
242 420
242 1004
242 991
242 331
242 461
242 1066
242 317
242 417
242 352
242 703
242 489
242 995
242 671
242 1296
242 1354
242 142
242 854
242 1241
242 89
242 1021
242 1126
242 1282
242 579
242 1250
242 520
242 506
242 1383
242 923
242 546
242 225
242 224
242 194
242 595
242 977
242 629
242 805
242 127
242 112
242 1061
242 891
242 395
242 107
242 475
242 280
242 1005
242 181
242 254
242 274
242 514
242 711
242 431
254 1087
254 1043
254 352
254 686
254 897
254 552
254 1387
254 22
254 614
254 1172
254 1341
254 118
254 1184
254 1189
254 728
254 178
254 412
254 920
254 105
254 67
254 1131
254 47
254 206
254 348
254 123
254 1381
254 1064
254 187
254 1214
254 982
254 20
254 1118
254 1057
254 398
254 1110
254 759
254 172
254 1139
254 743
254 316
254 823
254 1346
254 901
254 1197
254 425
254 328
254 486
254 1227
254 984
254 1350
254 548
254 545
254 395
254 146
254 554
254 563
254 1037
254 82
254 1005
254 994
254 209
254 362
254 624
254 373
254 152
254 427
254 325
254 1090
254 332
254 543
254 705
254 1156
254 808
254 701
254 493
254 406
254 1127
254 1117
254 487
254 520
254 270
254 1094
254 68
254 1108
254 116
254 612
254 666
254 280
254 909
254 128
254 825
254 65
254 334
254 829
254 1247
254 453
254 1250
254 643
254 1280
254 896
254 1402
254 805
254 872
254 459
254 963
254 37
254 16
254 1315
254 191
254 699
254 828
254 46
254 778
254 526
254 137
254 18
254 973
254 121
254 1183
254 327
254 422
254 1143
254 1158
254 461
254 480
254 712
254 1353
254 962
254 274
254 1345
254 719
254 815
254 926
254 914
254 1065
254 222
254 134
254 1194
254 73
254 326
254 314
254 597
254 581
254 978
254 946
254 1336
254 835
254 709
254 97
254 1001
254 1056
254 767
254 539
254 989
254 433
254 405
254 231
254 745
254 524
254 1322
254 1390
254 402
254 15
254 1013
254 101
254 147
254 492
254 693
254 462
254 1029
254 940
254 640
254 598
254 391
254 754
254 683
254 537
254 1212
254 1261
254 730
254 568
254 1215
254 604
254 654
254 300
254 275
254 507
254 301
254 4
254 1408
254 203
254 497
254 336
254 518
254 213
254 1239
254 1292
254 876
254 132
254 1297
254 193
254 333
254 133
254 1138
254 546
254 599
254 1041
254 1061
254 93
254 1205
254 913
254 331
254 1149
254 1031
254 1182
254 500
254 1027
254 1141
254 925
254 311
254 1086
254 247
254 1123
254 776
254 1307
254 261
254 577
254 237
254 1179
254 890
254 773
254 682
254 196
254 634
254 180
254 782
254 505
254 1277
254 208
254 436
254 389
254 1256
254 489
254 171
254 1103
254 670
254 1367
254 831
254 454
254 62
254 586
254 529
254 602
254 787
254 668
254 452
254 1384
254 1058
254 1339
254 1357
254 621
254 821
254 632
254 1154
254 1208
254 858
254 812
254 698
254 441
254 966
254 410
254 345
254 912
254 225
254 804
254 898
254 291
254 968
254 279
254 758
254 397
254 360
254 415
254 367
254 424
254 562
254 523
254 1240
254 1359
254 746
254 1076
254 338
254 793
254 1124
254 1099
254 824
254 1007
254 755
254 1036
254 907
254 853
254 1003
254 1342
254 1169
254 790
254 818
254 519
254 63
254 536
292 1047
292 563
292 887
292 35
292 1019
292 1305
292 757
292 920
292 1298
292 1245
292 153
292 328
292 424
292 494
292 235
292 1105
292 47
292 1007
292 1059
292 340
292 1208
292 855
292 1260
292 1164
292 210
292 125
292 1380
292 110
292 366
292 1385
292 506
292 234
292 613
292 279
292 1253
292 586
292 946
292 686
292 259
292 1177
292 768
292 660
292 243
292 121
292 1062
292 640
292 180
292 1394
292 1284
292 334
292 431
292 862
292 1014
292 1117
292 1248
292 427
292 1125
292 1308
292 367
292 619
292 1205
292 412
292 894
292 23
292 797
292 489
292 786
292 1016
292 261
292 386
292 416
292 1371
292 301
292 143
292 1178
292 1374
292 884
292 577
292 538
292 27
292 720
292 1222
292 508
292 554
292 1216
292 562
292 1104
292 901
292 742
292 1351
292 571
292 820
292 1010
292 458
292 116
292 1003
292 311
292 555
292 698
292 1148
292 79
292 834
292 654
292 1139
292 89
292 743
292 548
292 877
292 1387
292 1179
292 357
292 1008
292 95
292 909
292 1030
292 1070
292 947
292 918
292 712
292 676
292 1359
292 888
292 924
292 1347
292 897
292 197
292 570
292 525
292 1364
292 189
292 527
292 846
292 595
292 933
292 875
292 844
292 780
292 478
292 1345
292 957
292 739
292 589
292 452
292 871
292 1186
292 790
292 1287
292 423
292 242
292 224
292 518
292 105
292 1379
292 72
292 402
292 1011
292 1094
292 651
292 702
292 389
292 1301
292 264
292 440
292 717
292 354
292 1085
292 1403
292 284
292 941
292 1077
292 1090
292 781
292 225
292 1201
292 615
292 575
292 75
292 52
292 1336
292 1106
292 774
292 928
292 24
292 695
292 350
292 520
292 44
292 693
292 528
292 1366
292 291
292 176
292 1398
292 1057
292 1370
292 133
292 914
292 263
292 61
292 178
292 408
292 565
292 1219
292 296
292 614
292 1137
292 1078
292 30
292 67
292 556
292 668
292 694
292 1175
292 460
292 771
292 1229
292 1254
292 1404
292 580
292 1304
292 1357
292 265
292 665
292 835
292 175
292 998
292 1348
292 1134
292 1027
292 728
292 1050
292 262
292 773
292 569
292 123
292 1169
292 939
292 54
292 762
292 118
292 414
292 270
292 902
292 550
292 1373
292 689
292 622
292 539
292 1251
292 1231
292 433
292 543
292 815
292 312
292 413
292 135
292 706
292 853
292 477
292 566
292 1087
292 97
292 560
292 1234
292 90
292 122
292 960
292 1154
292 1274
292 987
292 1378
292 1346
292 772
292 221
292 584
292 1319
292 620
292 1174
292 1352
292 1071
292 137
292 198
292 21
292 573
292 677
292 20
292 860
292 630
292 415
292 1266
292 161
292 552
292 9
292 703
292 1317
292 1235
292 1065
292 442
292 1173
292 377
292 628
292 483
292 170
292 384
292 616
292 3
292 1188
292 278
292 192
292 439
292 365
292 691
292 840
292 795
292 604
292 1355
292 890
292 465
292 805
292 885
292 644
292 12
292 218
292 409
292 425
292 333
292 132
292 60
292 65
292 467
292 1228
292 1257
292 36
292 709
292 507
292 318
292 1294
292 1061
292 396
292 745
292 1409
292 1056
292 1031
292 905
292 275
292 360
292 1285
292 1270
292 1369
292 1185
292 211
292 107
292 1123
292 667
292 602
292 485
292 831
292 558
292 551
292 777
292 80
292 523
292 266
292 46
292 1144
292 1349
292 1223
292 1268
292 926
292 696
292 631
292 1290
292 1076
292 391
292 1389
292 511
292 267
292 393
292 975
292 1166
292 749
292 481
292 1211
292 1119
292 1115
292 1141
292 648
292 87
292 1321
292 1127
292 1390
292 659
292 1006
292 1053
339 1362
339 194
339 120
339 178
339 761
339 962
339 476
339 1125
339 1171
339 528
339 379
339 1059
339 199
339 171
339 305
339 1149
339 327
339 1137
339 1189
339 767
339 1007
339 76
339 1106
339 364
339 65
339 61
339 1366
339 749
339 348
339 491
339 1227
339 1309
339 589
339 46
346 1129
346 1247
346 643
346 1002
346 686
346 543
346 65
346 1339
346 924
346 1374
346 729
346 370
346 550
346 821
346 1342
346 875
346 750
346 18
444 762
525 391
525 1285
525 698
525 1173
525 1364
525 199
525 1197
525 209
525 570
525 228
525 90
525 543
525 764
525 354
525 1007
525 1376
525 122
525 1086
525 1266
525 1049
525 336
525 105
591 566
591 909
591 994
591 360
591 985
591 357
591 634
591 303
591 1063
591 1129
591 463
591 659
591 560
591 1114
591 549
591 511
591 131
591 890
591 842
591 739
591 1163
591 93
591 536
591 1231
591 63
591 241
591 811
591 476
591 684
591 233
591 654
591 987
591 1171
591 619
591 325
591 525
591 4
591 586
591 354
591 21
591 212
591 495
591 532
591 116
591 1149
591 330
591 144
591 708
591 1371
591 441
591 1064
591 267
591 1172
591 799
591 183
591 962
591 230
591 851
591 489
591 77
591 118
591 1142
591 520
591 297
591 1080
591 956
591 1379
591 872
591 1280
591 754
591 328
591 649
591 1192
591 404
591 1121
591 1325
591 643
591 821
591 215
591 137
591 554
591 596
591 289
591 12
591 484
591 556
591 567
591 348
591 897
591 1339
591 166
591 903
591 425
591 530
591 797
591 734
591 944
591 422
591 733
591 1048
591 129
591 1123
591 896
591 830
591 1034
591 1182
591 703
591 121
591 395
591 653
591 110
591 149
591 427
591 860
591 196
591 76
591 809
591 493
591 239
591 942
591 1066
591 112
591 1256
591 1223
591 1293
591 936
591 981
591 1243
591 701
591 504
591 1321
591 795
591 1072
591 1266
591 1057
591 367
591 1372
591 868
591 1409
591 615
591 1264
591 788
591 835
591 1217
591 1348
591 225
591 692
591 178
591 1286
591 45
591 991
591 1105
591 68
591 747
591 306
591 613
591 1
591 1008
591 869
591 977
591 792
591 485
591 320
591 610
591 17
591 565
591 46
591 23
591 497
591 332
591 1126
591 329
591 937
591 16
591 185
591 292
591 38
591 1270
591 597
591 97
591 229
591 1237
591 1094
591 1125
591 810
591 1151
591 762
591 5
591 960
591 287
591 30
591 180
591 1383
591 756
591 963
591 720
591 171
591 923
591 421
591 945
591 363
591 1024
591 687
591 218
591 1308
591 598
591 88
591 690
591 1011
591 336
591 620
591 914
591 800
591 1025
591 526
591 1404
591 391
591 430
591 725
591 950
591 894
591 943
591 727
591 631
591 3
591 452
591 1249
591 946
591 454
591 588
591 339
591 628
591 65
591 932
591 815
591 389
591 672
591 235
591 622
591 1117
591 139
591 1310
591 1205
591 529
591 256
591 884
591 1107
591 995
591 403
591 245
591 787
591 1278
591 424
591 728
591 407
591 638
591 95
591 571
591 343
591 1143
591 601
591 958
591 805
591 1049
591 1076
591 128
591 270
591 716
591 812
591 778
600 163
600 15
600 201
600 629
600 317
600 1061
600 225
601 1099
601 1334
601 1292
601 548
601 268
601 868
601 133
601 640
601 830
601 993
601 123
601 1056
601 638
601 889
601 17
601 1105
601 554
601 1191
601 1000
601 989
601 178
601 210
601 720
601 577
601 1346
601 690
601 1151
601 566
601 172
601 861
601 63
601 939
601 56
601 997
601 185
601 836
601 923
601 1024
601 520
601 942
601 256
601 891
601 954
601 526
601 754
601 1184
601 313
601 1217
601 994
601 661
601 1398
601 477
601 970
601 1321
601 963
601 1053
601 271
601 432
601 1287
601 140
601 483
601 230
601 853
601 454
601 83
601 1222
601 417
601 1183
601 181
601 1160
601 951
601 1326
601 204
601 391
601 112
601 176
601 831
601 146
601 1266
601 388
601 1074
601 790
643 1079
643 1013
643 165
643 973
643 235
643 598
643 1156
643 812
643 560
643 520
643 1222
643 827
643 736
643 228
643 254
643 616
643 130
643 761
643 691
643 1189
643 1129
643 398
643 1061
643 229
643 209
643 573
643 766
643 1213
643 131
643 898
643 706
643 373
643 651
643 856
643 638
643 1136
643 1173
643 291
643 984
643 1326
643 1295
643 825
643 1003
643 645
643 1193
643 947
643 1192
643 1106
643 702
643 212
643 1253
643 872
643 429
643 1398
643 1357
643 1396
643 1212
643 811
643 1209
643 23
643 392
643 1025
643 483
643 234
643 836
643 1234
643 624
643 987
643 592
643 1370
643 147
643 1268
643 518
643 970
643 1269
643 599
643 594
643 529
643 1184
643 660
643 1308
643 328
643 832
643 1090
643 939
643 596
643 116
643 1048
643 696
643 284
643 64
643 632
643 1330
643 769
643 151
643 246
643 754
643 793
643 1105
643 649
643 1142
643 964
643 1339
643 694
643 861
643 1050
643 876
643 557
643 1064
643 369
643 95
643 60
643 831
643 853
643 884
643 247
643 566
643 673
643 877
643 1359
643 1342
643 504
643 1263
643 799
643 994
643 1071
643 933
643 778
643 689
643 757
643 80
643 264
643 1036
643 1086
643 421
643 1278
643 1371
643 1033
643 384
643 268
643 1336
643 303
643 768
643 808
643 874
643 176
643 8
643 173
643 826
643 97
643 729
643 1351
643 127
643 1346
643 945
643 1369
643 1409
643 585
643 661
643 962
643 851
643 1149
643 552
643 1123
643 627
643 498
643 88
643 128
643 1377
643 111
643 317
643 1400
643 314
643 807
643 926
643 795
643 297
643 1367
643 554
643 330
643 1082
643 1208
643 223
643 349
643 864
643 478
643 1270
643 530
643 524
643 1362
643 40
643 110
643 887
643 909
643 523
643 1057
643 1144
643 1317
643 143
643 37
643 92
643 738
643 1072
643 1205
643 924
643 1257
643 889
643 833
643 425
643 760
643 422
643 1073
643 991
643 119
643 12
643 572
643 797
643 948
643 1179
643 785
643 1056
643 186
643 1131
643 471
643 1000
643 364
643 436
643 475
643 669
643 720
643 608
643 1355
643 416
643 487
643 442
643 1110
643 348
643 1289
643 1297
643 666
643 245
643 719
643 707
643 817
643 1109
643 1195
643 699
643 897
643 365
643 746
643 1343
643 1167
643 1005
643 943
643 1248
643 0
643 652
643 762
643 1356
643 341
643 89
643 1301
643 820
643 36
643 427
643 932
643 339
643 1345
643 123
643 35
643 272
643 500
643 854
643 989
643 495
643 684
643 923
643 936
643 289
643 1280
643 1030
643 210
643 222
643 18
643 634
643 712
643 325
643 929
643 83
643 610
643 479
643 711
643 805
643 1249
643 971
643 969
643 455
643 674
643 960
643 1029
643 485
643 61
643 489
643 1139
643 1250
643 613
643 869
643 290
643 740
643 800
643 417
643 63
643 378
643 749
643 230
643 1077
643 1070
643 790
643 1134
643 631
643 1241
643 1100
643 556
643 160
643 1337
706 437
706 204
717 634
717 444
717 283
717 556
717 438
717 885
717 524
717 1215
717 831
717 10
717 824
717 64
717 1280
717 33
717 1224
717 504
717 34
717 1350
717 579
717 122
717 114
717 895
717 38
717 1367
717 523
717 1345
717 323
717 869
717 489
717 762
717 1403
717 401
717 1102
717 637
717 998
717 1352
717 211
717 12
717 782
717 940
717 894
717 1289
717 290
717 216
717 1138
717 650
717 57
717 667
717 0
717 1374
717 267
717 1139
717 1007
717 759
717 319
717 942
717 707
717 1094
717 178
717 171
717 1336
717 3
717 325
717 1261
717 625
717 56
717 1137
717 969
717 688
717 80
717 1178
717 1046
717 874
717 1103
717 222
717 937
717 73
717 95
717 1239
717 385
717 1268
717 1043
717 264
717 875
717 105
717 1192
717 364
717 1057
717 1351
717 1372
717 134
717 1067
717 1059
717 887
717 1048
717 24
717 936
717 901
717 201
717 1228
717 334
717 4
717 1390
717 793
717 329
717 1186
717 327
717 266
717 1304
717 253
717 595
717 528
717 689
717 128
717 578
717 844
717 498
717 563
717 285
717 858
717 1274
717 580
717 1041
717 822
717 39
717 1379
717 644
717 638
717 525
717 68
717 511
717 1036
717 989
717 1393
717 43
717 520
717 1324
717 1218
717 514
717 1189
717 771
717 571
717 567
717 261
717 1332
717 1383
717 1143
717 708
717 572
717 413
717 979
717 40
717 828
717 725
717 805
717 1201
717 411
717 1169
717 702
717 1370
717 862
717 440
717 345
717 312
717 412
717 473
717 529
717 1256
717 176
717 198
717 519
717 37
717 284
717 1028
717 410
717 694
717 1330
717 245
717 215
717 30
717 1392
717 1319
717 549
717 1123
717 1008
717 686
717 89
717 62
717 148
717 430
717 781
717 119
717 976
717 662
717 318
717 1019
717 1301
717 1073
717 192
717 860
717 404
717 233
717 360
717 678
717 853
717 232
717 393
717 774
717 344
717 197
717 1394
717 807
717 539
717 1283
717 379
717 526
717 696
717 564
717 1313
717 655
717 1047
717 347
717 457
717 181
717 465
717 21
717 1298
717 792
717 292
717 20
717 630
717 447
717 183
717 407
717 606
717 1247
717 1190
717 1063
717 743
717 204
717 1124
717 799
717 640
717 710
717 829
717 669
717 642
717 107
717 423
717 849
717 918
717 350
717 780
717 460
717 208
717 403
717 1053
717 77
717 495
717 145
727 844
727 721
727 257
727 1408
727 24
727 452
727 853
727 554
727 1346
727 93
822 267
822 1385
822 620
822 739
822 79
822 1253
822 939
822 193
822 849
822 335
822 1047
822 638
822 860
822 1373
822 1148
822 1185
822 151
822 1266
822 1163
822 1256
822 812
822 764
822 312
822 640
822 203
822 693
822 164
822 564
822 269
822 35
822 1049
822 391
822 570
822 880
822 1154
822 845
822 1196
822 495
822 1229
822 292
822 1065
890 598
890 854
890 829
890 1124
890 964
890 762
890 613
890 1087
890 297
890 1393
890 161
890 158
890 273
890 105
890 1206
890 875
890 230
890 122
890 624
890 11
890 1057
890 733
890 1345
890 112
890 42
890 1383
890 1229
890 458
890 1272
890 1325
890 857
890 22
890 40
890 471
890 699
890 415
890 755
890 1294
890 1408
890 523
890 342
890 1099
890 747
890 222
890 403
890 993
890 66
890 790
890 234
890 1101
890 1269
890 146
890 568
890 652
890 93
890 703
890 269
890 860
890 1322
890 711
890 682
890 877
890 480
890 880
890 1139
890 235
890 340
890 1121
890 1301
890 413
890 364
955 921
955 737
955 1057
955 141
955 1223
955 234
955 1376
955 853
955 297
955 1237
955 1044
955 12
955 1298
955 492
955 187
955 669
955 40
955 594
955 1072
955 192
955 325
955 851
955 1310
955 347
955 180
955 1269
955 929
955 554
955 452
955 634
955 1350
955 598
955 1206
955 1071
955 483
955 1294
955 338
955 485
955 93
955 317
955 1345
955 1229
955 1149
955 1091
955 854
955 1408
955 1270
955 19
955 1250
955 823
955 326
955 403
955 1393
955 552
955 815
955 654
955 528
955 272
955 790
955 63
955 774
955 890
955 1124
955 1122
955 1301
955 514
955 1322
955 122
955 1053
955 23
973 54
973 429
973 529
973 301
973 195
973 556
973 604
973 1143
973 1253
973 404
973 462
973 143
973 1215
973 357
973 209
973 772
973 1212
973 743
973 1142
973 63
973 519
973 1293
973 1056
973 1339
973 1229
973 1085
973 202
973 1359
973 876
973 93
973 1070
973 905
973 146
973 923
973 709
973 531
973 1265
973 854
973 889
973 1129
973 147
973 1160
973 1101
973 656
973 738
973 1141
973 278
973 649
973 544
973 1285
973 1076
973 314
973 749
973 471
973 1044
973 285
973 192
973 211
973 1018
973 660
973 1182
973 768
973 884
973 524
973 595
973 378
973 818
973 1286
973 1373
973 875
973 1084
973 610
973 760
973 1211
973 821
973 691
973 80
973 951
973 1148
973 345
973 956
973 264
973 88
973 417
973 469
973 766
973 948
973 340
973 440
973 989
973 112
973 849
973 320
973 497
973 624
973 377
973 874
973 344
973 348
973 793
973 493
973 1157
973 692
973 860
973 767
973 539
973 805
973 90
973 1192
973 998
973 520
973 977
973 1059
973 1400
973 204
973 381
973 815
973 180
973 831
973 1364
973 468
973 86
973 1087
973 673
973 580
973 598
973 436
973 270
973 1097
973 441
973 1371
973 1397
973 1036
973 1402
973 572
973 489
973 46
973 1370
973 60
973 1134
973 790
973 338
973 1067
973 652
973 1043
973 413
973 23
973 83
973 141
973 764
973 37
973 921
973 1298
973 243
973 1274
973 1250
973 22
973 11
973 720
973 165
973 288
973 1301
973 880
973 1031
973 181
973 235
973 105
973 265
973 1280
973 774
973 1209
973 427
973 435
973 530
973 812
973 132
973 1006
973 909
973 940
973 942
973 73
973 693
973 1353
973 781
973 1396
973 257
973 227
973 681
973 507
973 1122
973 155
973 425
973 369
973 199
973 1208
973 234
973 450
973 733
973 500
973 97
973 987
973 946
973 154
973 1003
973 993
973 210
973 912
973 523
973 152
973 453
973 886
973 326
973 778
973 38
973 508
973 751
973 1331
973 967
973 833
973 350
973 1394
973 183
973 1165
973 929
973 1
973 1077
973 1235
973 292
973 79
973 123
973 835
973 1294
973 384
973 548
973 864
973 476
973 820
973 1124
973 527
973 373
973 1121
973 705
973 496
973 1272
973 937
973 552
973 1350
973 758
973 358
973 716
973 1180
973 343
973 385
973 991
973 424
973 1173
973 576
973 27
973 1004
973 24
973 1351
973 1278
973 995
973 1310
973 814
973 549
973 1384
973 1081
973 969
973 708
973 696
973 1383
973 783
973 824
973 206
973 834
973 823
973 939
973 272
973 454
973 1406
973 452
973 2
973 761
973 570
973 634
973 699
973 734
973 887
973 698
973 550
973 631
973 151
973 562
973 1308
973 1348
973 186
973 1149
973 947
973 750
973 327
973 319
973 654
973 697
973 69
973 1008
973 70
973 397
973 3
973 950
973 1408
973 1357
973 1086
973 396
973 963
973 1237
973 230
973 187
973 785
973 651
973 826
973 851
989 1180
989 16
989 254
989 82
989 552
989 1400
989 280
989 1383
989 23
989 918
989 1122
989 199
989 1123
989 562
989 835
989 776
989 705
989 1398
989 554
989 431
989 764
989 1230
989 695
989 745
989 1367
989 360
989 638
989 357
989 902
989 698
989 1198
989 378
989 1307
989 1117
989 1165
989 122
989 61
989 1197
989 479
989 545
989 114
989 178
989 123
989 1357
989 310
989 304
989 1074
989 772
989 119
989 221
989 1085
989 1317
989 218
989 884
989 584
989 831
989 957
989 370
989 413
989 1404
989 1326
989 845
989 925
989 223
989 1268
989 1119
989 302
989 929
989 1164
989 1265
989 491
989 1380
989 93
989 222
989 110
989 550
989 39
989 962
989 477
989 391
989 1342
989 620
989 121
989 73
989 1385
989 364
989 1409
989 75
989 134
989 1309
989 1147
989 1003
989 1030
989 187
989 869
989 256
989 920
989 176
989 1105
989 598
989 813
989 289
989 1352
989 1116
989 328
989 435
989 397
989 76
989 1251
989 1313
989 1346
989 773
989 608
989 578
989 442
989 693
989 1225
989 1008
989 1065
989 1039
989 1304
989 777
989 1092
989 231
989 1036
989 1037
989 684
989 780
989 194
989 272
989 430
989 947
989 300
989 689
989 30
989 662
989 333
989 909
989 761
989 889
989 653
989 80
989 1330
989 840
989 1229
989 1110
989 380
989 762
989 350
989 348
989 607
989 1202
989 1083
989 827
989 783
989 171
989 811
989 1282
989 128
989 1245
989 1257
989 1362
989 926
989 322
989 905
989 1227
989 1211
989 234
989 1280
989 1027
989 265
989 344
989 1389
989 1047
989 1310
989 805
989 651
989 1057
989 458
989 1028
989 826
989 1107
989 330
989 548
989 880
989 986
989 51
989 551
989 309
989 1215
989 152
989 422
989 797
989 1261
989 539
989 379
989 591
989 279
989 1137
989 685
989 164
989 820
989 452
989 1
989 1136
989 737
989 196
989 192
989 1256
989 40
989 35
989 1274
989 116
989 278
989 1094
989 224
989 57
989 63
989 1004
989 750
989 496
989 172
989 1348
989 649
989 530
989 389
989 440
989 1293
989 70
989 1388
989 743
989 1142
989 1097
989 95
989 939
989 1339
989 652
989 338
989 19
989 291
989 255
989 412
989 1070
989 1205
989 933
989 1331
996 1388
996 1105
996 234
996 9
996 987
996 391
996 877
996 412
996 141
996 756
996 872
996 495
996 496
996 819
996 1187
996 1248
996 127
996 666
996 1086
996 1364
996 569
996 527
996 1047
996 565
996 702
996 1087
996 1307
996 198
996 411
996 895
996 577
996 1067
996 763
996 398
996 206
996 364
996 1098
996 254
996 586
996 1313
996 816
996 478
996 701
996 493
996 570
996 1018
996 261
996 720
996 25
996 46
996 543
996 37
996 460
996 429
996 1122
996 180
996 392
996 546
996 1294
996 1081
996 435
996 1340
996 452
996 197
996 982
996 929
996 10
996 853
996 297
996 1367
996 111
996 695
996 914
996 562
996 670
1028 738
1028 373
1028 939
1028 689
1028 580
1028 1104
1028 1359
1028 1124
1028 1072
1028 1149
1028 708
1028 381
1028 405
1028 996
1028 853
1028 1320
1028 921
1028 297
1028 495
1028 70
1028 1064
1028 1326
1028 558
1028 778
1028 1019
1028 1230
1028 1011
1028 57
1028 960
1028 191
1028 608
1028 467
1028 187
1028 47
1028 1235
1028 651
1028 964
1028 736
1028 1180
1028 804
1028 223
1028 234
1028 594
1028 774
1028 1033
1028 968
1028 706
1028 42
1028 633
1028 909
1028 739
1028 93
1028 67
1028 413
1028 987
1028 325
1028 828
1028 813
1028 149
1028 1250
1028 1289
1028 1257
1028 678
1028 249
1028 621
1028 830
1028 1079
1028 1254
1028 195
1028 1395
1028 849
1028 116
1028 374
1028 1188
1028 369
1028 1086
1028 862
1028 38
1028 586
1028 1050
1028 797
1028 926
1028 1171
1028 845
1028 889
1028 278
1028 36
1028 1049
1028 820
1028 8
1028 971
1028 573
1028 525
1028 793
1028 111
1028 619
1028 819
1028 410
1028 1274
1028 851
1028 962
1028 947
1028 1268
1028 1296
1028 267
1028 1195
1028 1368
1028 60
1028 956
1028 725
1028 1270
1028 1119
1028 959
1028 763
1028 703
1028 1280
1028 902
1028 1380
1028 1351
1028 686
1028 1370
1028 761
1028 538
1028 815
1028 415
1028 1127
1028 874
1028 493
1028 88
1028 1003
1028 1345
1028 788
1028 1377
1028 691
1028 1269
1028 790
1028 109
1028 950
1028 787
1028 31
1028 989
1028 97
1028 22
1028 1215
1028 684
1028 818
1028 87
1028 1002
1028 613
1028 271
1028 290
1028 548
1028 1208
1028 634
1028 230
1028 429
1028 860
1028 287
1028 117
1028 585
1028 578
1028 417
1028 1239
1028 1336
1028 370
1028 274
1028 857
1028 152
1028 455
1028 826
1028 1301
1028 1013
1028 751
1028 1330
1028 733
1028 1366
1028 144
1028 270
1028 546
1028 1322
1028 1315
1028 424
1028 1039
1028 523
1028 1342
1028 83
1028 221
1028 1376
1028 357
1028 192
1028 1206
1028 1087
1028 343
1028 875
1028 1068
1028 209
1028 762
1028 1285
1028 1310
1028 1229
1028 1121
1028 530
1028 1136
1028 108
1028 465
1028 1252
1028 411
1028 1294
1028 949
1028 480
1028 62
1028 611
1028 463
1028 1251
1028 350
1028 489
1028 1082
1028 334
1028 743
1028 563
1028 1237
1028 1298
1028 1400
1028 1066
1028 471
1028 887
1028 674
1028 1192
1028 154
1028 1129
1028 1292
1028 218
1028 648
1028 800
1028 536
1028 1151
1028 639
1028 1393
1102 265
1102 1274
1102 571
1102 1140
1102 1121
1102 793
1102 1325
1102 1301
1102 393
1102 230
1102 1270
1102 730
1102 417
1102 1206
1102 616
1102 273
1102 554
1102 890
1102 643
1102 598
1102 733
1102 1124
1102 1266
1102 488
1102 698
1102 1211
1102 1320
1273 397
1273 729
1273 121
1273 18
1329 697
1329 1021
1329 1123
1329 672
1329 1083
1329 643
1329 843
1329 867
1329 498
1329 591
1329 1061
1329 636
1329 517
1329 299
1329 1025
1329 944
1329 385
1329 388
1329 639
1329 851
1329 714
1329 156
1329 1048
1329 673
1329 958
1329 1292
1329 629
1329 864
1329 598
1329 791
1329 262
1329 965
1329 281
1329 930
1329 142
1329 1282
1329 1121
1329 617
1329 197
1329 1291
1329 546
1329 682
1329 337
1329 394
1329 1224
1329 670
1329 346
1329 120
1329 841
1329 762
1329 277
1329 1319
1329 977
1329 11
1329 1180
1329 245
1329 205
1329 1358
1329 1005
1329 248
1329 1273
1329 756
1329 140
1329 1168
1329 984
1329 92
1329 1244
1329 33
1329 331
1329 83
1329 421
1329 133
1329 1027
1329 1392
1329 935
1329 1183
1329 200
1329 380
1329 241
1329 85
1329 403
1329 768
1329 787
1329 1078
1329 268
1329 439
1329 1204
1329 718
1329 1296
1329 1014
1329 1261
1329 336
1329 646
1344 234
1344 1250
1344 1266
1344 986
1344 629
1344 585
1344 853
1344 67
1344 403
1344 747
1344 131
1344 520
1344 897
1344 265
1344 1298
1344 1395
1344 1241
1344 716
1344 966
1344 352
1344 405
1344 551
1344 1339
1344 613
1344 254
1344 574
1344 858
1344 1218
1344 923
1344 373
1344 107
1344 1370
1344 338
1344 598
1344 290
1344 123
1344 489
1344 719
1344 420
1344 1123
1344 40
1344 230
1364 782
1364 438
1364 1217
1364 924
1364 112
1364 728
1364 1371
1364 1229
1364 980
1364 594
1364 90
1371 968
1371 688
1371 319
1371 742
1371 330
1371 211
1371 1208
1371 405
1371 685
1371 1387
1371 1327
1371 606
1371 875
1371 355
1371 393
1371 1223
1371 640
1371 599
1371 72
1371 869
1371 191
1371 425
1371 733
1371 218
1371 649
1371 652
1371 1129
1371 812
1371 818
1371 1142
1371 316
1371 602
1371 563
1371 328
1371 203
1371 530
1371 975
1371 264
1371 778
1371 497
1371 1230
1371 1264
1371 1260
1371 811
1371 833
1371 40
1371 1122
1371 373
1371 334
1371 1297
1371 793
1371 278
1371 556
1371 403
1371 701
1371 77
1371 1240
1371 301
1371 161
1371 39
1371 1266
1371 766
1371 613
1371 216
1371 440
1371 491
1371 10
1371 1322
1371 463
1371 1256
1371 1406
1371 115
1371 1139
1371 179
1371 820
1371 1091
1371 1066
1371 1159
1371 896
1371 475
1371 586
1371 291
1371 471
1371 564
1371 864
1371 568
1371 192
1371 584
1371 1086
1371 1355
1371 526
1371 180
1371 133
1371 876
1371 956
1371 1197
1371 960
1371 813
1371 1029
1371 1229
1371 779
1371 885
1371 1335
1371 310
1371 197
1371 82
1371 360
1371 1212
1371 691
1371 435
1371 237
1371 1337
1371 1261
1371 31
1371 893
1371 1080
1371 482
1371 412
1371 555
1371 1330
1371 300
1371 1403
1371 794
1371 872
1371 595
1371 386
1371 397
1371 462
1371 348
1371 146
1371 548
1371 1082
1371 680
1371 1047
1371 719
1371 849
1371 644
1371 525
1371 84
1371 667
1371 1188
1371 1287
1371 272
1371 1121
1371 660
1371 1366
1371 750
1371 708
1371 824
1371 607
1371 1339
1371 1127
1371 251
1371 79
1371 1236
1371 514
1371 562
1371 209
1371 1278
1371 274
1371 352
1371 572
1371 427
1371 1013
1371 1257
1371 57
1371 275
1371 886
1371 662
1371 1141
1371 1085
1371 488
1371 950
1371 285
1371 894
1371 1189
1371 257
1371 30
1371 720
1371 1131
1371 187
1371 569
1371 648
1371 536
1371 642
1371 1357
1371 317
1371 1383
1371 67
1371 1221
1371 362
1371 230
1371 367
1371 1192
1371 400
1371 116
1371 743
1371 1049
1371 1400
1371 1182
1371 970
1371 842
1371 552
1371 306
1371 924
1371 339
1371 693
1371 1326
1371 1352
1371 1283
1371 414
1371 579
1371 110
1371 350
1371 1064
1371 387
1371 388
1371 381
1371 26
1371 831
1371 760
1371 914
1371 985
1371 762
1371 755
1371 107
1371 598
1371 1350
1371 528
1371 1050
1371 234
1371 1037
1371 292
1371 1295
1371 578
1371 542
1371 946
1371 786
1371 710
1371 1379
1371 769
1371 467
1371 121
1371 977
1371 817
1371 745
1371 795
1371 1014
1371 193
1371 1394
1371 845
1371 1019
1371 862
1371 808
1371 273
1371 378
1371 1036
1371 998
1371 86
1371 1138
1371 1245
1371 752
1371 1023
1371 131
1371 1319
1371 1386
1371 638
1371 439
1371 342
1371 576
1371 1154
1371 1215
1371 771
1371 774
1371 641
1371 594
1371 1274
1371 756
1371 724
1371 589
1371 1148
1371 270
1371 1397
1371 997
1371 546
