2 619
11 377
13 437
13 241
13 517
21 378
24 611
24 311
24 111
24 167
35 221
35 319
35 195
35 220
35 222
35 576
35 275
35 488
35 205
35 41
35 153
35 261
35 164
35 443
35 587
35 31
41 565
41 99
41 309
41 489
41 455
41 403
41 237
41 421
41 532
41 220
41 471
41 566
41 614
41 240
41 52
41 256
41 251
41 167
41 254
41 508
41 611
41 229
62 195
92 567
93 261
93 161
93 277
93 604
93 611
93 321
112 217
112 241
112 551
112 523
112 80
112 187
112 30
118 563
118 261
118 166
119 26
131 377
137 167
137 566
137 489
137 256
153 576
153 221
153 275
155 118
155 261
155 570
158 421
158 443
158 508
158 271
158 220
158 565
166 261
174 337
187 261
187 38
187 217
187 305
193 567
195 72
195 164
195 153
195 576
195 446
195 220
195 35
195 508
195 62
196 98
196 271
205 195
205 291
205 625
205 425
205 169
205 263
205 606
205 152
216 611
216 489
216 111
216 467
221 587
221 35
221 576
221 153
221 16
221 509
222 31
229 111
229 271
229 164
229 508
229 550
229 266
229 243
229 196
229 565
229 251
229 443
229 158
229 489
229 464
229 403
229 309
229 26
229 71
234 31
238 92
243 41
243 254
243 471
243 71
243 464
243 421
243 240
243 455
243 229
243 111
243 614
243 98
243 309
243 266
243 220
243 566
243 559
243 508
243 52
243 164
243 611
243 479
256 52
256 237
256 402
256 550
256 309
256 72
256 443
256 220
256 566
256 254
256 243
256 491
256 266
256 403
256 565
256 164
256 611
256 191
256 421
256 167
256 26
256 559
256 99
260 93
260 288
260 46
261 166
261 570
261 554
261 118
261 35
261 469
261 31
261 93
263 425
263 593
263 342
263 291
263 38
263 530
263 539
263 514
263 624
263 144
263 186
263 177
263 606
263 152
266 402
266 489
266 403
266 508
266 111
266 471
266 479
266 254
266 256
266 167
266 229
266 251
266 468
266 191
266 309
266 421
266 240
266 71
266 559
266 164
266 565
271 446
271 237
271 158
271 508
271 443
271 565
277 377
277 93
288 260
289 567
304 31
304 193
304 319
311 24
315 31
315 321
315 277
319 31
321 469
321 229
321 529
321 235
322 527
322 112
322 30
322 143
326 517
326 437
326 241
326 76
338 31
339 570
377 500
377 141
377 261
377 277
377 486
377 262
377 189
377 224
377 499
378 351
378 21
402 229
402 72
402 251
402 220
402 84
402 403
402 71
402 164
402 532
402 566
402 167
402 237
402 99
402 565
402 309
402 611
402 464
402 52
402 508
402 471
402 111
403 164
403 614
403 111
403 41
403 455
403 559
403 489
403 421
403 256
403 611
403 443
403 464
403 229
403 52
403 566
403 565
403 204
403 266
403 84
403 237
403 99
403 243
403 508
403 240
446 606
446 271
446 421
446 443
446 35
446 237
446 508
446 195
448 378
451 551
451 180
451 80
451 527
467 602
467 579
467 575
467 216
467 86
467 489
467 292
469 165
469 339
469 439
469 321
475 587
486 377
486 499
499 486
499 377
509 35
509 440
509 587
526 529
529 251
529 240
529 567
548 144
548 263
548 94
551 112
551 187
551 180
551 80
551 12
551 322
551 183
554 261
556 576
563 118
564 570
567 442
567 238
567 193
567 92
567 289
570 539
570 447
570 177
570 339
570 155
570 409
570 260
570 364
570 439
570 530
570 342
570 564
576 221
576 556
576 35
586 437
587 362
587 35
587 475
588 315
589 377
599 271
599 237
599 446
599 351
614 164
614 403
614 421
614 508
614 471
614 191
614 455
614 256
614 565
614 266
614 72
614 491
619 315
