266 625
551 115
137 478
174 20
131 225
238 340
263 199
205 387
166 202
546 589
315 394
588 451
563 133
628 135
315 236
166 528
37 241
529 23
551 553
155 502
37 324
193 83
196 298
475 223
119 629
467 439
35 482
158 481
29 358
266 377
554 342
315 270
586 134
222 487
322 506
41 29
446 459
587 120
166 436
589 511
112 123
155 592
29 211
112 417
261 449
338 428
475 576
155 334
576 552
319 184
319 84
21 398
266 89
529 494
442 388
548 500
614 360
377 511
377 179
475 169
277 350
260 153
277 194
589 561
261 628
24 616
256 168
451 365
158 263
486 158
469 591
41 178
499 612
576 145
604 231
378 489
338 218
453 1
567 460
271 249
546 296
288 130
11 499
402 345
263 11
551 388
277 535
24 249
526 258
158 256
289 3
446 532
2 210
556 239
270 359
29 368
604 627
546 149
93 584
595 357
556 376
526 391
567 457
589 452
604 268
21 238
589 0
556 86
586 241
37 393
614 314
486 70
2 428
467 267
319 563
35 285
222 249
453 353
261 112
448 455
155 414
158 291
196 444
37 625
587 576
551 610
529 400
92 256
35 121
339 221
546 449
326 157
338 347
261 105
21 166
174 156
21 424
243 568
475 97
548 211
92 598
271 514
21 414
234 386
594 44
563 340
402 50
260 262
174 106
319 234
112 195
11 603
319 332
453 540
486 303
564 478
271 281
93 84
222 292
195 292
35 520
451 290
469 230
321 9
196 561
29 563
288 310
263 309
263 423
13 34
451 484
486 508
29 442
402 206
554 396
187 419
402 117
599 223
556 23
153 546
2 347
271 116
118 414
467 529
529 117
604 144
193 258
41 53
594 630
29 585
271 616
526 577
29 279
589 393
93 372
277 22
311 561
62 46
448 119
311 426
119 223
563 143
166 599
321 573
153 225
270 132
587 25
131 598
446 163
166 218
595 97
195 178
193 620
377 157
628 388
563 113
594 470
153 417
588 143
229 54
604 578
195 6
319 410
266 427
576 133
588 369
155 5
315 172
372 452
196 250
554 35
453 468
499 303
403 96
319 42
112 98
604 615
119 408
266 529
402 87
289 583
131 623
315 43
322 383
288 99
24 2
586 584
118 365
453 553
137 32
588 121
403 311
92 555
321 365
263 180
260 502
118 234
266 628
546 77
564 549
93 489
155 597
229 30
216 88
93 518
62 564
288 424
509 629
24 441
288 253
570 69
118 54
546 386
131 7
587 474
589 473
193 50
196 414
526 164
377 529
378 480
118 307
311 167
338 198
319 283
326 573
326 167
155 264
372 422
319 175
137 122
319 279
469 424
604 167
270 258
174 214
311 101
453 503
166 619
155 3
112 503
322 606
193 564
589 335
614 570
260 298
446 616
37 358
467 190
594 56
277 285
576 325
277 262
469 417
556 599
41 152
587 218
467 243
222 150
526 99
529 153
338 453
266 375
277 150
587 167
221 578
238 578
378 77
277 578
222 163
29 333
119 580
451 390
221 353
594 131
174 308
377 478
263 218
41 424
13 335
594 512
588 48
453 450
24 413
21 246
548 464
29 546
442 23
587 107
377 372
628 307
619 293
41 401
319 256
92 293
289 511
475 443
21 555
243 476
587 31
174 208
594 584
137 172
193 118
261 481
321 42
92 230
92 301
137 75
372 185
614 63
21 80
628 378
221 507
588 429
153 572
222 504
62 485
564 627
378 472
304 540
92 122
35 306
564 436
11 369
586 592
377 269
448 196
2 204
271 245
119 187
595 370
229 131
567 45
153 568
475 155
92 41
112 482
451 396
467 38
589 472
546 308
187 430
93 349
234 299
166 303
270 172
321 455
158 252
196 242
260 401
548 560
2 435
570 317
205 157
586 568
338 569
174 533
564 550
467 226
2 292
193 356
174 39
174 334
277 571
216 594
599 254
216 628
266 331
41 416
260 374
556 182
526 9
41 562
377 220
271 466
11 238
11 149
469 103
551 225
453 156
263 315
467 89
551 8
453 147
339 368
567 561
499 327
321 617
339 435
551 133
588 616
256 558
378 17
29 42
587 236
526 540
338 128
556 286
260 35
475 450
564 380
62 496
112 367
554 113
311 371
321 578
2 206
469 317
467 81
442 526
234 441
604 500
216 236
205 235
118 518
467 432
587 529
2 306
229 24
256 597
205 591
315 249
570 215
576 207
509 431
319 172
205 229
29 284
339 245
526 310
195 428
118 566
564 197
166 467
261 365
131 182
11 367
619 596
243 604
270 199
372 608
402 127
339 618
174 12
570 31
266 400
546 268
403 4
153 370
586 133
451 574
137 83
315 446
322 400
260 247
486 132
594 347
119 181
570 62
35 272
339 27
595 282
271 166
599 130
372 473
448 47
548 66
586 276
93 150
196 532
448 539
451 232
338 117
35 450
24 443
277 573
41 315
556 374
13 423
24 290
289 456
548 268
499 251
112 613
619 289
131 295
260 553
556 461
221 571
321 64
467 116
326 100
271 368
216 441
35 489
589 284
446 597
322 386
131 257
467 307
271 232
451 101
93 265
24 14
576 514
187 278
256 253
229 281
469 596
446 42
62 335
35 628
588 81
509 195
13 331
469 353
119 139
263 437
174 126
155 367
222 176
614 414
467 577
234 474
256 371
339 559
594 283
289 481
509 94
37 21
216 184
158 143
563 74
260 142
403 404
548 493
529 99
271 52
322 257
453 374
576 169
576 56
467 329
118 371
41 577
35 528
263 543
599 478
372 123
589 128
222 260
24 59
475 167
595 476
153 448
509 138
196 46
563 529
24 358
13 291
238 157
586 186
21 0
221 502
158 615
205 69
271 21
195 17
41 329
475 311
556 25
270 446
174 256
451 27
563 605
266 430
594 136
563 214
195 266
263 131
588 78
304 551
378 134
158 386
24 221
174 100
155 90
137 364
2 327
260 21
509 351
118 16
155 554
166 33
93 328
21 6
556 213
586 553
270 175
41 437
529 527
402 362
92 553
131 539
339 33
174 68
222 615
604 211
372 211
119 37
319 600
486 512
326 298
118 408
372 25
403 384
589 124
234 15
238 561
289 131
529 356
551 224
372 305
604 204
570 1
451 355
92 559
277 418
551 611
339 211
153 12
446 327
526 137
604 27
263 19
195 333
137 276
288 550
551 194
589 137
187 309
442 156
205 222
13 526
576 220
216 210
137 627
304 361
62 20
451 266
338 205
35 601
277 216
453 600
564 14
509 528
338 282
475 306
311 233
529 286
261 379
628 62
403 535
277 310
589 560
166 228
205 513
403 484
546 123
338 217
486 167
229 620
11 112
446 41
315 363
62 376
453 176
13 52
155 381
11 619
118 80
509 492
243 156
448 176
563 249
270 134
588 199
62 279
256 261
599 160
13 4
604 45
277 119
158 198
486 166
256 307
509 432
193 121
311 275
453 476
475 79
271 134
195 485
599 605
546 536
260 498
570 207
155 235
304 290
377 99
260 84
599 273
11 118
599 378
260 513
93 550
339 353
119 254
35 270
619 401
338 242
193 286
315 459
556 27
453 616
448 255
277 294
546 33
403 477
548 1
576 494
619 28
205 604
11 165
153 115
548 404
2 302
311 368
229 157
196 625
11 497
311 319
131 564
21 573
594 559
372 361
205 42
311 595
41 128
260 630
187 500
205 422
131 525
546 63
266 387
11 126
196 423
234 366
315 33
41 144
13 188
563 235
448 560
93 139
277 4
2 183
266 356
304 320
92 619
321 143
338 19
576 247
576 80
339 349
260 359
403 263
619 96
319 594
551 276
402 61
403 331
451 359
587 325
589 602
112 415
594 231
322 216
62 262
37 311
378 10
256 502
551 157
567 246
35 228
37 26
403 294
261 341
442 257
475 203
509 241
260 51
576 216
238 192
451 534
377 284
588 29
453 359
11 424
402 593
131 233
62 121
256 12
499 289
442 546
137 94
594 199
448 503
243 161
289 178
372 335
195 417
155 417
595 7
288 626
256 285
2 135
442 148
442 492
315 167
131 93
243 64
448 410
321 403
29 184
453 445
187 181
567 348
229 461
594 71
628 416
41 622
469 613
304 121
509 551
62 608
187 519
529 554
588 630
378 225
499 14
587 226
567 353
576 359
2 553
499 560
526 326
628 338
271 403
270 375
587 307
256 287
599 532
311 322
221 602
174 228
529 419
576 59
556 154
467 138
338 168
614 185
475 93
446 5
322 119
587 559
546 24
556 164
563 47
153 619
402 410
21 406
256 323
35 338
586 380
551 142
339 45
554 589
234 535
2 144
13 92
529 127
158 28
442 194
243 192
205 119
403 625
270 25
112 386
551 538
321 188
377 215
13 435
153 130
526 424
35 162
92 349
589 40
35 30
261 476
196 84
261 119
221 165
628 443
587 569
118 455
467 385
260 441
563 412
509 152
338 561
21 395
442 552
499 95
158 544
551 191
153 113
174 515
229 49
403 29
62 515
92 338
62 324
448 107
271 119
62 453
166 100
256 305
229 33
378 536
588 1
475 181
509 615
288 312
564 290
475 173
13 181
256 142
13 243
166 263
193 525
321 8
260 453
21 208
594 274
499 325
29 239
2 197
563 435
546 70
563 285
37 250
595 46
196 381
467 494
11 404
548 443
326 427
137 305
229 35
322 614
526 150
41 374
216 574
599 394
589 68
193 131
587 457
604 154
24 224
475 359
469 360
619 312
21 425
118 536
469 1
614 334
451 144
137 538
499 8
37 253
11 67
339 192
339 614
321 328
21 28
205 440
221 141
595 77
338 86
499 63
205 543
453 56
29 92
554 511
166 216
563 624
21 62
486 197
234 231
326 196
446 94
2 18
576 136
311 281
586 516
234 551
467 338
588 212
166 317
216 346
372 71
266 134
321 586
35 276
234 47
24 205
548 78
270 377
372 401
29 136
21 85
448 622
304 599
304 435
475 451
118 243
403 249
234 556
304 398
448 112
377 409
196 34
499 213
229 204
195 375
11 571
256 286
526 232
92 91
243 495
304 534
338 323
576 292
187 264
588 2
11 492
402 223
271 15
548 539
166 5
41 86
277 244
319 617
614 537
238 298
205 465
321 534
229 78
187 148
256 70
289 64
238 166
564 498
594 408
277 617
567 423
589 234
29 438
529 71
153 36
153 157
442 280
174 235
260 273
403 59
570 187
451 286
93 338
321 133
260 610
554 431
243 418
158 289
35 511
112 304
403 366
604 589
588 75
319 490
338 90
378 621
35 516
11 55
221 348
37 228
271 243
403 540
222 456
529 344
378 318
243 342
453 375
131 583
263 496
595 99
35 389
205 496
563 513
372 618
155 263
467 360
378 155
588 624
567 360
570 194
548 566
216 454
166 602
288 20
475 197
509 308
570 143
263 412
29 441
11 408
556 253
339 501
196 127
41 140
266 470
599 490
378 198
338 272
41 81
238 18
469 511
11 547
222 461
377 334
499 205
193 355
486 133
118 600
338 183
529 630
589 378
21 136
118 474
137 260
595 511
586 540
378 259
119 339
166 483
628 6
41 626
153 95
205 92
187 196
372 281
563 582
62 460
243 3
62 64
446 388
166 141
339 101
24 378
261 230
586 483
614 51
166 122
614 482
372 387
594 624
548 502
166 498
174 403
221 604
29 457
402 624
586 600
92 469
556 137
222 451
24 587
586 412
195 137
158 573
403 13
270 436
448 45
475 392
243 199
322 79
554 177
551 145
446 135
326 522
193 195
62 1
509 192
619 335
338 114
614 69
131 163
619 283
599 476
595 285
469 626
451 285
628 476
321 447
29 564
372 282
243 38
118 494
2 396
243 241
546 496
576 114
499 581
448 190
256 187
619 552
288 271
451 347
263 313
614 83
499 190
271 388
451 382
551 502
446 386
131 42
311 54
221 328
469 15
403 362
551 14
29 30
112 303
11 290
321 182
266 602
155 120
119 137
529 97
619 99
2 408
604 43
442 347
13 40
509 579
153 216
446 595
551 241
377 587
35 333
403 238
442 380
153 526
193 135
526 392
619 553
563 102
628 103
486 611
586 384
546 103
554 547
448 57
570 28
378 269
222 323
13 189
467 52
326 203
260 207
556 404
546 480
499 592
35 400
403 291
321 77
196 148
315 403
289 107
21 275
21 173
311 520
37 317
221 481
166 272
21 194
442 66
205 484
234 72
604 391
319 421
446 176
2 599
526 78
453 587
442 483
196 207
446 458
556 453
567 154
589 172
234 493
529 557
442 157
551 195
548 84
556 469
599 537
196 604
222 449
196 109
277 185
315 316
277 64
526 222
216 390
567 162
451 244
378 460
221 495
614 182
619 115
243 316
62 96
222 343
377 208
288 75
551 350
29 444
469 49
271 2
256 68
21 572
451 178
453 189
378 339
576 47
187 416
319 285
260 382
509 180
196 452
546 223
238 91
319 115
155 36
529 144
446 493
594 535
29 111
599 585
119 385
37 172
216 497
62 112
509 527
216 363
222 446
402 218
195 586
271 547
604 35
499 264
37 454
551 360
564 457
11 282
266 401
62 617
339 59
326 20
11 260
266 277
372 220
614 89
238 141
586 280
339 153
193 551
564 306
166 420
271 63
469 356
403 442
595 405
266 24
205 137
321 311
526 358
586 519
166 201
216 555
243 616
446 126
589 502
277 410
119 248
222 372
403 561
260 145
174 516
205 529
546 28
469 16
62 395
174 262
529 488
551 574
628 455
594 566
315 336
263 468
402 96
289 250
119 351
158 502
576 294
62 122
158 349
196 183
137 251
453 371
288 309
467 109
35 456
222 115
604 47
277 96
195 330
556 478
261 215
263 70
586 314
37 299
339 42
131 588
589 155
92 630
586 207
589 57
448 603
556 392
92 321
567 503
315 227
166 446
378 504
261 545
453 270
628 201
567 64
137 517
338 343
451 226
628 542
112 88
153 489
24 533
137 18
339 266
453 214
567 576
270 479
556 360
288 120
509 471
586 143
260 269
619 476
112 559
446 370
289 315
229 122
372 101
322 523
119 172
628 502
238 396
453 470
619 471
243 426
29 467
469 90
260 63
595 219
614 446
238 26
221 114
270 357
263 413
2 152
448 362
589 176
93 447
567 378
563 71
35 126
256 409
567 485
311 147
266 241
311 359
576 437
266 348
326 193
442 24
238 406
92 96
529 464
238 193
256 23
563 206
526 87
62 131
372 469
619 444
195 387
222 72
2 153
311 158
499 179
153 583
261 626
221 159
548 70
155 447
153 258
469 257
256 592
92 31
372 30
614 119
604 180
13 106
442 438
546 115
563 502
448 1
451 61
322 273
619 182
261 53
41 217
599 600
92 441
588 484
467 465
311 598
266 183
289 336
260 429
196 392
37 267
509 483
263 98
556 43
576 381
377 148
321 546
338 106
277 9
338 69
403 40
377 535
554 104
604 337
469 491
321 373
548 287
402 368
229 490
451 616
453 45
193 146
403 259
260 8
628 298
137 365
263 60
570 419
599 276
29 227
271 465
594 607
261 308
499 197
261 386
586 244
153 319
319 310
24 171
339 566
137 361
548 476
155 87
451 501
446 316
205 104
467 417
576 479
263 445
158 583
588 539
556 372
326 21
289 338
556 572
277 191
35 238
548 483
270 45
21 316
158 86
338 318
529 206
442 260
195 420
338 543
321 342
29 523
563 428
229 220
35 467
311 204
570 330
263 551
11 443
628 153
315 589
137 158
548 95
326 408
321 412
195 545
372 210
187 431
587 290
529 350
546 561
469 241
588 562
174 282
551 559
338 311
229 347
446 40
546 61
260 627
469 276
261 384
92 307
319 481
119 533
195 389
155 186
92 394
319 146
322 86
234 190
271 295
586 81
486 15
277 629
263 43
166 513
166 605
595 166
529 11
187 290
448 625
243 155
195 115
119 219
155 106
271 179
261 77
442 389
229 306
321 509
546 90
119 443
35 226
567 99
339 283
256 469
587 334
41 45
92 501
564 50
195 1
158 317
270 213
256 396
469 38
322 292
322 618
587 546
271 91
93 335
21 576
270 547
11 368
594 285
118 410
288 438
451 593
322 410
238 2
588 487
118 389
234 76
509 7
604 149
499 563
599 79
261 73
499 572
586 116
556 592
509 42
229 396
93 55
451 323
221 219
315 582
326 423
446 417
137 102
469 275
137 271
24 600
216 507
266 197
289 258
586 512
137 170
112 132
551 33
11 466
529 563
338 594
271 220
576 495
93 17
499 407
2 461
216 444
451 367
469 204
402 621
586 253
289 402
486 573
619 53
256 317
453 254
92 299
187 580
270 113
529 564
260 283
486 241
594 498
304 425
187 429
338 284
556 235
11 399
453 609
548 307
402 303
576 362
277 366
41 10
93 319
288 378
158 491
594 112
595 470
595 366
21 426
311 36
13 621
277 511
221 384
93 230
486 435
588 488
448 95
260 296
155 119
604 553
288 301
62 43
548 327
619 38
193 591
243 204
174 78
614 125
92 111
546 613
372 558
11 177
166 532
453 4
24 261
378 81
260 347
563 490
13 7
546 3
599 447
62 78
322 367
158 372
118 578
222 244
166 83
628 517
289 300
529 422
196 66
604 208
564 15
216 384
604 5
174 295
2 142
475 213
155 467
402 352
442 268
92 450
467 256
24 397
93 568
260 166
448 39
570 265
563 292
29 599
29 71
551 507
403 85
13 82
256 46
619 87
238 575
29 53
205 588
467 397
289 265
326 47
174 75
260 125
526 1
551 38
378 62
277 57
174 411
270 489
37 263
243 382
193 375
599 562
448 624
196 358
588 22
315 68
599 361
2 414
548 13
62 265
266 86
216 548
11 378
467 284
166 579
604 373
322 266
137 374
229 548
467 115
322 122
118 101
564 403
446 131
158 458
271 415
119 14
266 63
261 457
137 250
11 551
599 270
546 573
453 579
548 398
166 310
321 454
567 416
271 209
469 442
62 206
448 422
2 379
586 7
263 30
589 476
93 429
339 69
24 320
238 182
567 249
92 38
451 272
21 343
576 360
221 235
469 142
372 179
261 101
270 16
529 195
137 93
563 575
576 426
29 186
41 30
588 118
556 394
234 271
446 621
62 199
546 592
11 127
315 409
526 429
402 354
587 518
326 172
529 77
526 558
118 27
216 328
403 414
62 378
2 181
29 402
499 224
442 470
137 120
277 615
377 407
564 447
277 532
339 420
277 156
453 228
326 56
475 123
243 561
11 523
195 141
595 192
451 2
595 165
315 555
288 273
234 490
563 175
402 447
11 142
166 538
594 391
321 593
37 612
321 348
92 334
187 257
446 113
260 487
321 153
446 582
260 427
403 375
614 177
467 580
570 353
546 18
589 283
21 407
604 501
221 538
153 90
546 392
277 21
402 83
554 215
570 581
288 469
187 507
628 333
604 535
29 561
587 469
548 293
326 337
448 25
403 387
216 300
205 210
614 201
62 466
322 206
229 28
288 291
604 447
153 608
467 297
587 168
196 284
326 89
118 82
289 240
243 569
137 481
548 516
266 179
131 227
594 143
486 179
595 8
448 407
570 181
339 468
546 523
304 140
112 8
263 299
35 116
567 252
338 130
338 192
564 435
589 565
604 465
604 296
221 380
551 37
271 287
35 471
556 79
339 593
260 568
338 42
288 72
256 594
92 344
567 229
546 241
587 75
587 38
243 560
628 438
222 356
554 173
131 429
166 52
112 625
13 153
260 82
131 568
196 222
587 194
594 400
174 18
378 308
229 613
548 482
11 218
222 14
576 95
315 2
526 192
21 35
21 415
576 421
453 403
270 551
599 314
131 60
41 586
174 79
155 273
271 79
546 323
205 426
193 554
266 3
587 119
372 153
205 398
260 525
166 64
546 309
93 594
243 325
35 315
187 149
196 213
469 322
35 612
321 458
92 379
153 239
551 513
338 26
372 586
548 163
2 475
205 246
563 278
589 110
548 247
260 339
628 168
321 523
604 593
589 154
196 623
546 138
288 3
451 29
467 377
174 312
567 379
448 124
576 476
311 384
155 260
112 95
311 297
263 489
469 330
338 52
37 440
564 281
377 624
270 226
205 450
604 78
311 415
271 546
486 621
137 446
587 393
256 612
570 486
137 471
166 447
112 421
234 153
339 508
195 100
216 103
446 377
263 446
153 13
222 586
11 602
304 279
529 41
599 302
587 96
628 383
112 349
266 418
372 108
311 579
158 34
586 330
2 500
595 439
37 482
21 568
604 562
158 130
338 229
205 76
137 366
263 369
119 170
486 428
311 438
599 364
243 78
304 282
586 383
604 464
311 48
319 430
599 343
469 618
322 343
564 416
554 584
193 269
546 155
529 423
486 460
131 612
339 39
453 68
288 90
604 476
266 19
174 586
446 204
372 240
174 48
11 589
261 383
187 349
260 557
322 134
595 538
158 292
587 323
475 547
166 191
486 175
529 267
13 525
453 88
266 7
229 63
619 464
567 58
570 490
595 362
315 600
339 481
554 82
467 120
326 357
372 231
499 521
311 570
442 428
118 113
270 38
205 559
277 43
467 403
576 484
442 625
551 49
137 184
315 318
595 392
628 61
256 40
62 572
289 314
222 211
619 257
187 433
263 3
548 435
11 480
595 551
599 508
62 481
166 440
548 488
321 289
378 437
509 448
222 489
594 354
221 202
35 524
195 13
614 263
448 99
260 343
315 474
187 417
529 1
205 173
263 498
166 450
266 571
153 499
238 256
11 454
131 402
260 371
260 138
205 264
372 304
587 349
453 394
155 606
11 292
174 47
499 137
339 78
339 442
37 552
229 186
153 203
153 356
229 161
321 532
270 216
448 392
196 354
315 291
372 287
24 154
234 331
92 355
567 94
41 573
567 68
554 388
619 613
238 543
315 67
29 445
451 196
196 160
222 407
21 74
119 258
475 537
266 49
576 212
563 158
319 592
322 619
37 100
564 30
548 335
567 181
41 472
119 420
589 412
576 296
446 469
448 167
166 199
588 396
587 70
372 541
614 275
599 466
554 476
118 601
270 262
499 241
595 223
238 505
196 173
137 78
256 64
453 488
153 511
261 209
92 626
260 285
187 33
205 25
372 216
137 609
548 515
131 381
62 245
378 203
499 324
589 522
277 303
174 52
339 282
453 575
604 261
195 374
576 70
153 373
529 226
137 105
475 270
529 234
131 360
475 410
