0 674
0 760
0 198
13 298
13 369
13 842
13 641
13 214
13 196
13 768
13 671
13 453
24 618
24 717
24 857
25 584
25 140
25 257
25 460
25 154
25 220
25 574
29 170
29 342
30 254
30 298
30 577
30 824
30 811
30 848
30 803
30 715
30 677
30 248
30 207
30 198
30 355
30 671
30 53
30 725
30 233
30 658
30 759
30 787
30 856
30 853
31 198
31 268
31 187
31 562
31 805
31 341
31 645
31 857
31 149
31 796
31 717
31 755
31 492
32 847
34 792
35 384
35 586
35 607
35 708
35 273
35 753
35 889
35 660
35 364
35 613
35 553
35 248
35 682
35 606
35 645
35 65
35 871
35 751
35 901
35 275
35 674
35 518
40 75
40 223
40 780
40 145
40 30
40 254
45 152
45 427
45 571
45 278
45 283
45 295
46 848
46 909
50 498
50 275
50 10
50 472
52 322
52 336
52 624
52 239
52 642
52 201
52 311
52 844
52 809
52 351
52 152
52 252
52 204
52 898
52 199
52 838
54 248
54 753
54 553
54 351
54 623
54 613
54 889
54 682
54 546
54 606
54 35
54 645
54 498
54 695
54 571
54 198
54 492
54 273
54 87
55 906
62 427
62 667
62 169
62 241
63 780
63 468
63 211
74 239
74 578
74 809
74 282
74 204
74 427
74 752
74 201
74 459
74 152
74 155
75 368
75 638
75 259
80 642
80 885
80 30
80 629
80 650
80 34
81 815
82 303
82 281
82 714
82 355
82 294
82 855
82 453
82 268
82 397
82 43
83 468
85 558
89 0
93 281
98 898
103 578
103 282
103 838
103 74
103 541
103 116
103 742
103 752
103 621
105 761
116 201
116 29
116 752
116 190
116 578
116 302
116 170
116 74
116 342
119 885
119 693
119 787
120 869
124 468
124 800
124 298
124 909
124 595
124 200
126 25
128 885
128 24
128 163
128 857
133 262
133 278
139 885
140 464
140 25
140 762
140 198
140 595
140 701
140 163
145 737
146 650
151 242
151 417
152 360
152 169
152 468
152 570
152 531
152 239
152 459
152 201
152 667
152 282
152 886
152 195
152 162
152 624
152 568
152 709
152 540
152 342
152 421
152 729
152 450
152 787
152 809
152 307
152 752
152 642
152 496
152 572
152 283
152 411
152 906
152 62
152 571
152 892
152 605
152 311
152 646
152 650
152 219
158 722
158 109
158 564
158 428
158 120
158 280
158 129
162 372
162 383
162 295
162 667
162 670
162 252
162 239
163 704
163 659
163 792
163 584
163 732
163 892
163 891
164 198
164 360
164 351
164 244
164 674
164 535
165 488
169 62
169 667
169 459
169 239
170 29
170 342
170 891
170 116
173 892
175 355
175 259
178 622
179 252
179 439
181 205
187 622
187 732
187 885
187 460
187 805
187 31
187 654
187 854
190 499
190 16
190 644
190 885
190 870
190 708
190 557
190 116
190 475
191 885
195 152
195 544
195 239
195 750
195 55
195 211
195 162
195 336
195 531
198 755
198 461
198 650
198 885
198 270
198 453
198 54
198 550
198 457
198 465
198 10
198 140
198 792
198 355
198 65
198 853
198 772
198 328
198 0
198 803
198 595
198 343
198 613
198 164
199 620
199 512
199 677
199 464
199 360
199 355
199 361
199 508
199 485
199 259
199 751
200 800
200 595
200 203
200 681
201 646
201 809
201 282
201 642
201 521
201 311
201 252
201 752
201 103
201 838
201 578
201 307
201 52
201 898
201 204
201 302
201 74
201 789
201 650
201 479
201 361
203 800
204 201
204 742
204 752
204 302
204 282
204 578
204 252
204 116
204 74
204 786
204 103
205 909
205 207
205 355
205 574
205 866
205 850
205 671
205 461
205 808
205 181
205 571
205 637
205 16
205 815
205 521
205 402
206 317
207 885
207 303
207 824
207 30
208 74
211 572
211 892
211 787
211 677
211 605
211 152
211 411
211 286
211 780
211 667
211 468
211 471
212 689
212 199
212 273
212 762
212 546
212 492
212 491
212 571
216 577
216 262
219 667
219 241
219 239
219 459
223 340
223 803
223 40
229 622
229 820
229 729
233 30
233 759
233 223
233 860
233 298
233 699
233 595
238 461
239 169
239 360
239 372
239 427
239 336
239 906
239 45
239 74
239 624
239 709
239 605
239 321
239 568
239 468
239 571
239 211
239 803
239 886
239 809
239 342
239 152
239 667
239 898
239 307
239 838
239 351
239 252
239 642
239 52
239 729
239 270
239 892
239 286
239 687
239 219
239 787
239 677
239 540
239 736
242 151
242 858
242 909
242 535
242 539
242 298
242 164
243 383
244 858
244 584
244 853
244 351
244 158
244 279
244 109
244 424
244 462
244 164
248 591
248 262
248 772
248 54
248 398
248 787
248 521
248 885
248 803
248 660
248 30
248 472
248 848
248 637
248 870
250 75
250 670
250 632
250 335
252 322
252 521
252 239
252 321
252 52
252 204
252 302
252 646
252 282
252 201
252 898
252 286
252 838
252 667
252 311
252 307
252 624
252 844
254 30
254 335
254 355
259 355
259 815
259 512
259 872
259 759
259 75
259 509
259 457
259 198
259 725
259 199
259 464
259 831
259 175
261 885
262 216
262 396
262 536
262 885
264 74
268 272
268 182
268 603
268 671
268 824
268 506
268 493
268 82
268 880
268 755
268 170
268 88
270 198
270 570
270 667
270 427
270 750
270 906
270 206
270 152
270 336
270 239
270 853
278 637
278 45
278 849
278 457
278 787
278 521
278 885
278 571
278 574
278 883
281 673
281 853
281 288
281 885
282 80
282 885
282 838
282 311
282 351
282 252
282 650
282 898
282 541
282 74
282 336
282 116
282 809
282 383
282 752
282 423
282 642
282 239
282 321
282 667
282 646
286 342
286 351
286 468
286 200
286 80
286 335
286 411
286 646
286 540
286 886
286 750
286 736
286 650
286 311
286 421
286 898
286 427
286 372
286 605
286 450
286 531
286 729
286 459
286 838
286 239
286 270
286 709
286 572
286 752
286 211
286 642
286 282
286 677
286 201
288 845
288 885
288 842
288 909
290 319
290 217
290 725
295 336
295 450
295 102
295 286
295 372
295 483
295 122
295 568
295 152
295 846
295 283
295 667
295 691
295 239
298 390
298 13
298 699
298 787
298 747
298 223
298 549
298 242
298 335
298 30
298 356
298 658
298 641
302 361
302 201
302 351
302 750
302 624
302 336
302 252
302 286
302 307
302 52
302 752
302 578
302 204
302 321
302 795
302 650
302 642
304 340
304 595
304 658
304 335
307 351
307 52
307 311
307 201
307 809
307 642
307 439
307 646
307 624
307 750
307 286
307 650
307 302
307 282
307 239
311 286
311 282
311 322
311 787
311 336
311 642
311 351
311 752
311 650
311 52
311 321
311 898
311 646
311 383
311 750
311 152
318 421
319 356
319 760
319 595
319 907
319 734
319 290
321 650
321 201
321 311
321 750
321 624
321 282
321 103
321 307
321 838
321 752
321 336
321 809
321 667
321 642
321 52
327 615
328 492
328 571
328 889
328 772
328 198
328 273
328 465
328 670
328 485
335 538
335 856
335 725
335 667
335 298
335 793
335 637
335 761
335 853
335 671
335 885
335 233
335 681
335 658
335 759
335 710
335 899
335 351
335 248
335 457
335 803
335 828
336 752
336 531
336 411
336 427
336 572
336 667
336 787
336 468
336 642
336 838
336 540
336 302
336 570
336 342
336 898
336 52
336 152
336 311
336 450
336 295
336 736
336 239
336 687
336 270
336 788
336 307
336 809
336 803
336 496
336 605
336 650
336 750
340 658
341 805
341 31
341 755
342 239
342 116
342 29
342 667
342 170
342 750
349 671
351 750
351 307
351 239
351 677
351 788
351 54
351 736
351 906
351 311
351 302
351 270
351 898
351 618
351 496
351 421
351 729
351 282
351 471
351 787
351 164
351 360
351 605
351 642
351 286
351 531
351 450
351 201
351 875
351 650
351 540
351 468
351 709
351 838
351 411
351 572
351 892
355 658
355 512
355 457
355 464
355 792
355 111
355 664
355 803
355 763
355 887
355 857
355 759
355 43
355 402
355 671
355 815
355 787
355 68
355 513
355 65
355 496
355 853
355 760
355 765
355 885
355 449
355 198
355 205
355 290
355 199
355 31
356 298
356 747
356 319
360 674
360 644
360 239
360 199
360 540
360 606
360 498
360 667
360 336
360 750
360 351
360 531
361 577
361 162
361 252
361 439
361 199
363 548
366 94
367 211
370 592
372 45
372 189
372 829
372 102
372 351
372 286
372 897
372 667
372 740
372 152
372 568
372 122
372 483
372 155
372 295
372 283
383 116
383 742
383 578
383 668
383 74
383 752
383 809
383 311
383 103
386 667
386 427
386 459
386 152
390 658
390 768
390 671
390 506
390 641
390 207
391 80
396 262
396 663
396 562
397 664
398 497
398 496
402 199
402 808
402 850
402 464
402 496
402 512
402 550
404 790
411 787
411 671
411 750
411 211
411 677
411 667
411 152
411 701
411 808
411 550
411 471
411 577
411 351
411 335
411 265
411 892
411 605
411 286
417 53
417 715
419 755
419 562
419 764
419 268
419 832
419 603
419 880
419 88
424 428
424 244
424 279
427 219
427 750
427 351
427 897
427 386
427 241
427 74
427 667
427 459
427 568
427 270
427 239
427 846
427 450
427 447
427 372
427 78
428 907
428 424
428 460
429 658
434 903
435 512
435 585
439 252
439 179
439 479
450 870
450 750
450 295
450 360
450 152
450 195
450 667
450 283
450 45
450 239
450 421
453 43
453 715
453 198
453 537
453 42
453 188
453 681
453 714
453 853
453 637
453 355
453 182
453 457
453 778
453 440
453 792
453 53
457 198
457 760
457 15
457 803
457 671
457 885
457 303
457 220
457 259
457 335
457 355
457 632
457 824
458 428
458 244
458 460
459 239
459 667
459 270
459 372
459 219
459 152
459 241
459 74
459 286
460 885
460 805
460 130
460 309
460 25
460 386
460 187
461 848
461 787
461 638
461 708
461 885
461 127
461 15
461 465
461 46
461 671
461 198
461 16
461 693
461 849
461 772
461 571
462 129
462 377
462 244
462 158
464 259
464 140
464 199
464 850
464 355
464 205
464 496
464 512
465 571
465 645
465 461
465 65
465 205
465 198
465 328
467 742
468 496
468 572
468 687
468 124
468 351
468 239
468 211
468 750
468 63
471 677
471 211
471 496
471 605
471 750
471 152
471 239
472 50
472 889
472 606
472 787
472 275
472 498
472 518
472 248
472 35
472 562
472 591
472 492
481 615
482 591
483 78
483 155
483 846
483 372
483 122
483 751
483 568
485 328
485 885
485 322
485 199
485 668
485 844
485 212
488 701
489 521
489 793
489 571
491 54
491 328
491 212
491 588
491 10
491 546
491 827
491 623
491 553
491 607
491 606
491 273
491 345
491 695
491 762
491 518
496 471
496 605
496 787
496 6
496 336
496 402
496 205
496 239
496 468
496 259
496 478
496 571
496 152
496 750
496 892
496 355
496 286
496 677
497 496
497 668
497 680
497 897
497 677
497 199
498 660
498 305
498 562
498 674
498 421
498 682
498 607
498 889
498 655
498 613
498 708
498 2
498 645
498 491
498 472
498 384
498 553
498 546
498 492
499 644
499 571
499 521
508 850
508 550
508 512
508 199
508 496
508 808
508 891
508 217
508 205
508 265
512 199
512 435
512 355
512 831
512 759
512 175
512 508
512 850
520 623
521 489
521 499
521 248
521 793
521 646
521 869
521 252
521 201
521 575
522 129
529 416
531 336
531 239
531 195
531 540
531 351
531 750
531 286
535 164
536 262
537 440
537 182
538 30
540 750
540 336
540 351
540 667
540 360
540 906
540 286
541 571
541 103
541 650
541 204
541 578
541 116
549 298
550 755
550 461
550 588
550 198
550 808
550 265
556 481
556 828
556 595
557 545
557 857
557 204
557 421
557 650
557 392
557 190
559 885
564 244
564 129
564 288
564 281
564 280
564 885
564 279
564 462
568 427
568 189
568 667
568 691
568 829
568 483
568 740
568 295
568 152
568 122
570 667
570 270
570 906
570 241
570 427
570 351
570 286
570 459
571 54
571 574
571 667
571 278
571 496
571 889
571 465
571 556
571 15
571 461
571 848
571 489
571 205
571 572
571 674
571 645
571 521
571 605
571 212
571 637
571 133
571 623
571 687
571 336
571 591
571 457
571 741
571 152
571 772
571 328
571 750
571 351
571 892
572 286
572 242
572 571
572 539
572 336
572 471
572 151
572 152
572 211
572 787
572 677
572 605
572 351
572 411
574 205
574 278
574 909
574 15
574 885
574 760
575 571
575 768
577 307
577 803
577 335
577 411
577 761
577 30
578 282
578 541
578 809
578 204
578 74
578 742
578 642
578 103
582 831
584 178
584 792
584 762
584 244
584 25
584 351
584 824
584 885
584 219
584 170
585 113
585 792
585 530
585 112
587 408
591 571
591 793
591 164
591 248
591 482
591 885
591 485
591 848
591 668
595 699
595 828
595 464
595 124
595 163
595 288
595 853
595 198
595 556
595 327
606 607
606 753
606 889
606 645
606 275
606 498
606 562
606 360
606 901
606 682
606 518
606 54
606 695
606 87
606 546
606 553
606 708
606 613
606 35
606 492
606 491
607 305
607 273
607 623
607 10
607 421
607 682
607 384
607 606
607 660
607 491
607 586
607 498
607 889
607 492
607 562
607 655
607 753
607 87
608 311
609 839
615 327
615 853
615 481
616 275
616 885
618 24
618 88
618 272
618 832
618 268
618 717
618 39
618 351
618 857
618 193
618 506
621 809
621 103
621 742
622 178
622 458
622 811
622 558
622 229
622 187
622 440
622 853
622 885
622 681
622 836
622 57
622 198
622 188
622 266
622 527
622 457
622 460
622 382
622 792
624 252
624 642
624 650
624 311
624 302
624 239
624 898
624 750
624 752
624 282
624 307
624 838
628 475
628 785
628 853
629 80
632 250
632 803
632 658
637 787
637 335
637 870
637 571
637 43
637 760
637 15
637 574
637 453
637 355
637 303
637 853
637 248
638 75
639 839
641 214
641 534
641 768
641 390
641 316
641 658
642 809
642 307
642 336
642 621
642 239
642 286
642 201
642 898
642 282
642 321
642 311
642 252
642 351
642 302
642 383
642 103
644 557
644 499
644 708
644 16
644 885
644 613
644 161
644 870
644 845
644 475
646 750
646 282
646 252
646 521
646 321
646 650
646 311
646 667
646 809
646 838
646 336
646 152
646 642
650 885
650 646
650 239
650 624
650 752
650 898
650 52
650 541
650 321
650 201
650 282
650 252
650 286
650 80
650 302
650 311
654 377
654 805
654 280
654 129
654 244
654 421
654 158
658 333
658 429
658 304
658 344
658 356
658 335
658 348
658 236
658 294
658 43
658 1
658 30
658 534
658 214
658 768
658 40
658 641
658 671
658 298
658 196
658 478
658 842
658 355
658 220
659 163
660 273
660 492
660 889
660 546
660 10
660 248
660 606
660 491
660 161
660 553
660 708
660 695
660 305
660 2
660 498
660 384
660 472
660 562
660 421
664 670
664 128
664 397
667 45
667 283
667 677
667 195
667 372
667 624
667 286
667 809
667 570
667 252
667 169
667 906
667 162
667 74
667 788
667 450
667 642
667 568
667 239
667 605
667 886
667 787
667 736
667 219
667 892
667 307
667 650
667 646
667 201
667 459
667 336
667 709
667 571
667 321
667 750
667 52
667 241
667 427
667 471
668 311
668 591
668 485
668 787
668 15
668 383
670 250
670 664
670 485
671 714
671 572
671 853
671 870
671 828
671 465
671 13
671 575
671 355
671 885
671 205
671 82
671 521
671 571
671 755
671 411
671 577
671 207
671 587
671 390
671 30
671 43
673 644
673 839
673 190
673 708
673 885
673 787
674 35
674 571
674 360
674 161
674 384
674 164
674 660
674 607
674 54
677 572
677 398
677 30
677 496
677 655
677 892
677 389
677 471
677 605
677 787
677 687
677 909
677 336
677 667
677 751
677 620
677 571
677 763
680 497
687 750
687 468
687 152
687 605
687 667
687 892
687 63
687 351
687 571
687 677
691 846
691 372
691 751
691 494
691 20
691 740
691 568
691 490
691 122
691 447
699 233
699 124
703 298
703 760
704 892
704 732
708 475
708 613
708 54
708 10
708 690
708 161
708 431
708 673
708 885
708 901
708 606
708 190
708 461
708 421
708 562
708 275
708 273
708 498
708 492
708 660
708 785
708 623
709 351
709 667
709 239
709 286
710 335
710 803
714 82
714 220
714 42
715 303
715 824
715 453
715 417
715 288
715 803
715 43
715 205
715 207
715 792
717 618
717 857
717 380
722 158
722 848
725 824
725 335
725 30
725 803
725 105
725 355
732 757
732 128
732 151
732 539
732 572
732 701
734 319
736 450
736 351
736 885
736 286
736 750
737 885
739 885
742 621
742 204
742 282
742 809
742 578
742 103
747 233
747 356
748 839
750 709
750 351
750 201
750 736
750 211
750 571
750 311
750 252
750 52
750 892
750 152
750 886
750 302
750 239
750 650
750 421
750 427
750 605
750 286
750 360
750 646
750 803
750 624
750 321
750 335
750 471
750 677
750 752
750 642
750 496
750 336
752 844
752 642
752 116
752 74
752 282
752 351
752 667
752 204
752 838
752 252
752 98
752 750
752 201
752 578
752 336
752 541
752 52
752 742
752 521
752 898
752 286
757 474
757 572
759 259
759 233
759 681
759 298
759 512
760 703
760 787
760 637
760 126
760 244
760 424
760 279
760 15
760 319
760 885
760 571
761 105
761 803
761 671
761 577
763 199
763 497
763 620
763 751
764 419
764 506
764 39
764 792
764 493
764 268
764 562
764 832
765 885
765 119
765 644
765 732
765 848
765 248
765 853
765 792
765 857
765 613
765 787
765 793
765 497
765 278
768 214
768 316
768 298
768 575
768 268
768 671
768 641
772 265
772 787
772 198
772 461
772 571
772 638
772 238
772 328
777 404
780 40
780 367
780 63
787 15
787 411
787 605
787 461
787 546
787 211
787 750
787 687
787 278
787 572
787 496
787 351
787 889
787 273
787 677
787 591
787 198
787 655
787 892
787 792
787 10
787 667
787 298
787 248
787 793
787 765
787 571
787 760
788 459
788 286
788 239
788 336
788 886
788 270
788 152
788 570
789 201
790 404
792 853
792 701
792 456
792 389
792 585
792 140
792 34
792 846
792 644
792 765
792 198
792 856
792 453
792 584
792 117
792 764
793 591
793 765
793 248
793 472
793 848
793 571
793 761
795 302
800 124
800 554
803 351
803 725
803 671
803 248
803 856
803 457
803 250
803 298
803 710
803 577
803 336
803 715
803 658
803 30
803 233
803 270
803 119
803 885
803 335
803 828
803 198
803 853
803 632
803 824
803 594
804 885
805 755
805 309
805 341
805 654
808 885
808 508
808 772
808 319
808 550
808 198
808 755
808 869
808 265
809 642
809 282
809 204
809 667
809 103
809 838
809 307
809 311
809 624
809 521
809 898
809 650
809 321
809 286
809 252
809 578
809 239
809 351
809 201
815 464
815 205
815 259
815 81
819 184
824 457
824 715
824 268
824 584
824 303
824 30
824 207
824 853
828 658
828 335
828 671
828 803
829 102
829 483
829 897
829 740
829 751
829 568
829 78
829 189
831 259
831 355
832 268
832 506
832 39
832 755
832 272
832 419
832 880
832 562
838 307
838 650
838 898
838 286
838 351
838 321
838 311
838 646
838 667
838 302
838 809
838 52
838 750
838 252
838 201
839 422
839 514
839 583
839 841
839 849
839 674
839 639
839 609
839 656
842 562
842 725
842 288
846 447
846 837
846 427
846 372
846 483
846 829
848 722
848 278
848 461
848 46
848 885
848 637
848 571
848 763
848 765
848 677
849 278
849 839
849 46
849 848
850 198
850 508
850 355
850 755
850 451
850 402
850 205
853 803
853 368
853 792
853 30
853 595
853 244
853 765
853 440
853 355
853 198
853 424
853 545
853 82
853 577
853 681
853 303
853 281
853 460
853 458
853 335
853 722
853 715
853 824
854 187
856 163
856 803
856 792
857 557
857 885
857 618
857 355
857 193
857 519
857 853
857 31
858 198
858 242
858 591
858 535
858 674
858 360
858 351
860 233
867 129
869 278
869 808
869 521
869 571
869 765
869 290
870 508
870 671
870 708
870 637
870 392
870 217
870 190
870 16
870 248
871 35
872 259
872 435
875 351
880 603
880 764
880 493
880 268
880 39
880 562
880 832
882 29
883 571
885 335
885 288
885 584
885 15
885 140
885 0
885 133
885 161
885 736
885 465
885 834
885 360
885 623
885 460
885 182
885 269
885 839
885 613
885 853
885 175
885 355
885 737
885 440
885 191
885 805
885 461
885 645
885 559
885 207
885 568
885 431
885 616
885 453
885 681
885 261
885 574
885 187
885 591
885 811
885 536
885 858
885 787
885 722
885 457
885 571
885 80
885 562
885 282
885 25
885 10
885 119
885 244
885 552
885 128
885 785
885 198
885 792
885 857
885 564
885 673
886 270
886 788
886 239
886 570
886 336
886 667
886 152
891 508
891 81
892 496
892 572
892 571
892 605
892 173
892 704
892 667
892 211
892 787
892 687
892 152
898 667
898 311
898 750
898 646
898 286
898 838
898 307
898 146
898 302
898 282
898 52
898 239
898 742
898 809
898 201
899 335
901 562
901 384
901 275
901 305
901 623
901 2
901 273
901 708
901 588
901 546
901 606
901 35
901 87
903 628
906 540
906 195
906 55
906 667
906 270
906 152
906 336
906 570
909 164
909 858
909 249
909 242
909 622
909 496
909 595
909 884
909 677
909 46
909 200
909 205
