46 422
58 380
66 420
76 78
76 398
76 207
76 222
76 468
76 541
76 233
76 44
76 320
85 50
85 367
85 559
85 399
85 422
85 293
85 118
85 180
85 82
85 248
85 146
85 510
85 439
111 459
118 422
118 530
118 542
118 401
118 376
118 468
118 551
118 283
118 396
118 47
118 107
118 525
118 135
135 293
145 116
145 68
145 190
145 506
145 422
155 419
155 276
155 409
155 271
155 30
155 44
155 20
155 551
155 160
155 106
155 411
155 123
155 60
155 312
155 358
155 184
155 307
155 343
155 223
155 169
155 451
155 126
180 550
192 379
213 554
213 131
213 506
213 60
213 190
213 257
216 68
216 145
216 506
216 116
216 257
216 131
233 550
237 406
251 112
252 42
252 392
252 445
252 531
252 361
252 180
277 335
283 46
284 233
302 53
302 221
302 357
302 445
302 361
302 56
302 42
302 426
320 468
320 451
320 411
320 29
320 103
320 554
320 131
320 183
320 0
320 452
320 406
320 30
320 284
320 223
320 39
320 41
320 378
320 522
320 233
320 63
320 531
320 369
320 379
324 118
324 334
324 536
324 123
324 227
335 284
392 302
416 58
416 0
416 466
416 39
416 442
416 550
416 368
422 66
426 320
426 69
442 416
459 111
459 550
530 481
530 326
530 233
530 379
530 137
530 367
550 237
550 531
550 277
550 459
