550 161
85 257
192 478
251 558
459 6
66 513
252 255
320 118
145 202
277 43
422 461
252 228
145 66
277 187
283 201
550 265
135 99
541 428
416 262
180 401
442 88
422 379
324 124
320 230
145 62
252 190
530 343
66 505
283 259
145 404
416 36
66 366
76 317
426 349
223 22
192 477
324 439
320 126
335 185
223 470
335 550
213 256
324 316
283 502
442 395
442 470
277 474
284 46
416 530
530 26
320 469
283 249
145 318
284 461
283 546
283 203
66 424
223 258
76 14
66 79
442 349
237 238
422 6
46 43
237 464
145 369
135 471
422 188
223 539
422 293
283 556
277 134
252 374
111 150
111 404
85 22
145 457
216 142
335 537
335 237
277 1
85 495
426 248
58 153
335 436
283 183
46 303
216 143
58 133
422 27
320 74
530 261
111 168
216 198
135 57
237 494
76 155
550 54
213 59
302 374
392 52
155 57
58 104
459 501
284 318
530 190
192 245
416 74
284 346
283 40
550 252
459 178
284 430
550 194
180 164
111 266
118 142
118 350
58 499
252 481
277 300
530 153
192 106
111 536
283 233
251 216
111 152
76 201
550 467
335 551
335 460
320 537
135 26
46 147
85 217
58 62
283 12
284 547
58 291
442 251
277 384
58 411
85 480
46 302
135 107
252 449
251 321
233 313
237 164
283 251
155 442
155 41
145 227
459 184
76 346
118 15
223 517
213 469
76 99
320 203
233 202
416 269
46 336
302 99
283 121
335 24
85 37
335 166
135 60
180 77
416 384
284 451
76 558
392 122
237 368
237 71
135 466
216 261
192 71
442 222
192 94
302 197
541 127
180 31
426 556
192 516
85 517
76 495
277 458
541 338
233 171
118 197
180 365
459 384
66 230
58 125
223 279
85 488
459 336
335 252
180 527
85 214
233 147
422 67
283 7
283 483
422 431
422 396
530 71
66 251
213 134
459 232
277 121
233 256
550 363
192 493
135 406
459 96
237 55
118 111
284 511
324 337
550 518
277 306
180 16
550 440
320 269
155 330
46 392
550 471
426 549
118 366
459 276
85 209
118 116
284 162
237 3
422 371
223 91
58 377
530 325
422 119
426 67
180 551
66 171
335 152
76 31
66 442
76 154
324 206
442 90
213 372
416 158
251 180
459 172
541 12
223 393
192 83
324 349
252 475
58 211
85 277
277 177
46 372
66 540
422 283
66 245
46 182
426 315
192 107
416 490
302 101
324 455
192 228
324 374
237 505
324 371
118 101
192 16
213 542
76 329
426 226
237 92
252 556
416 493
111 52
252 442
145 330
46 194
135 457
213 23
118 16
442 92
118 24
58 69
251 384
223 69
459 213
216 455
46 240
233 509
426 449
416 504
216 322
422 159
145 439
66 77
422 336
392 435
58 515
283 461
76 189
180 510
541 326
426 200
284 413
392 9
283 509
284 491
192 21
284 12
252 267
118 451
550 238
283 300
252 511
416 496
251 352
155 3
118 278
58 476
302 338
251 491
76 388
216 147
251 74
335 175
302 74
135 427
251 559
392 41
320 205
76 449
145 495
237 247
155 156
192 118
335 469
213 289
324 221
251 20
66 460
442 226
223 182
66 272
416 394
66 351
284 13
213 97
155 316
426 222
251 33
180 116
145 54
324 84
422 204
58 143
111 485
392 39
541 181
459 556
237 548
223 234
180 120
416 55
76 397
302 373
223 484
145 88
426 70
145 262
85 283
324 346
541 452
459 127
233 521
192 275
118 72
392 42
155 406
283 244
320 264
252 417
58 386
324 388
213 170
145 37
320 354
46 397
76 134
118 112
252 25
237 152
422 107
426 215
46 428
76 432
541 237
223 261
66 374
459 226
302 171
145 518
237 358
324 172
277 359
216 189
442 400
223 55
324 301
46 42
155 86
58 271
155 266
335 238
284 17
223 103
302 559
223 508
335 544
58 401
302 166
335 142
118 370
58 74
135 165
284 299
46 417
442 294
442 379
58 424
66 244
284 205
233 172
392 320
251 248
284 242
223 151
155 33
213 346
283 178
530 520
324 209
192 530
85 43
233 175
302 219
442 45
233 54
145 104
459 25
213 389
426 522
302 376
442 187
459 316
237 191
66 183
392 327
283 329
135 129
442 218
442 337
155 506
46 180
459 346
335 497
155 342
392 436
85 184
237 479
145 351
85 441
76 467
233 446
302 279
541 54
213 332
422 403
392 219
76 332
180 557
216 355
58 208
237 480
213 502
530 118
426 474
145 15
111 188
118 201
58 80
284 306
135 401
180 81
416 462
216 324
335 313
66 265
216 2
58 425
76 491
422 288
426 24
416 312
422 482
284 536
320 23
213 203
459 55
426 146
85 139
277 388
251 37
111 207
459 407
223 213
252 14
66 218
283 518
416 548
426 328
550 398
223 44
422 18
111 381
233 102
320 19
180 523
192 209
335 220
426 317
223 343
416 435
320 13
459 439
335 321
320 91
252 21
216 300
252 518
180 5
111 139
135 479
459 519
284 185
58 25
320 67
442 386
223 319
422 217
459 31
422 500
180 549
416 323
237 380
46 426
213 125
442 254
422 559
66 328
216 367
324 288
223 419
459 250
66 114
180 353
541 302
118 459
277 256
422 376
46 55
422 404
213 406
550 228
58 192
118 508
237 463
324 242
324 94
213 238
66 488
76 47
283 195
237 65
302 248
252 324
335 397
426 460
422 506
283 143
530 256
284 45
252 223
237 522
85 48
530 446
118 234
135 212
155 548
422 300
213 115
237 559
550 465
442 261
233 235
192 91
46 214
426 134
277 196
442 275
284 373
442 172
155 476
118 557
216 423
416 246
145 108
530 453
459 539
180 482
85 136
302 396
416 165
422 409
58 30
283 506
192 188
422 465
213 306
416 121
320 251
459 167
251 135
85 7
426 262
530 114
213 488
76 132
324 259
251 67
284 113
416 279
426 126
302 167
277 78
422 122
180 48
252 213
145 279
422 120
46 548
283 312
530 487
416 80
145 270
284 347
324 217
530 82
251 2
320 261
392 346
233 0
58 119
180 395
392 61
145 555
324 194
66 263
530 135
442 515
145 158
216 321
180 357
302 140
392 290
550 551
223 170
118 67
284 355
252 289
223 295
237 444
66 358
213 67
118 202
155 201
111 532
392 236
180 308
46 191
85 361
223 284
277 200
192 120
252 525
180 248
66 387
426 149
216 262
541 75
135 184
416 358
180 518
320 328
252 291
283 84
213 517
46 446
426 400
118 123
392 395
135 70
145 503
324 76
180 97
392 385
284 73
216 514
216 319
223 364
416 308
550 293
541 514
530 558
237 557
335 58
76 32
284 524
251 305
442 181
550 62
283 485
58 402
541 375
237 85
416 176
192 527
416 225
58 524
213 107
392 26
46 120
192 104
85 68
442 372
145 203
145 47
530 178
335 258
192 287
85 505
180 517
550 59
223 218
541 513
216 505
145 127
283 181
233 216
284 494
422 245
283 393
550 426
58 325
442 133
213 421
277 459
324 366
422 25
237 467
118 453
277 245
155 332
320 260
58 299
426 455
426 309
85 295
145 348
302 205
233 310
85 486
216 51
111 114
223 168
416 133
66 524
111 62
135 112
233 280
277 73
192 276
237 265
66 60
192 136
180 509
251 525
252 305
135 481
283 199
442 151
111 148
216 159
223 27
76 501
135 499
459 507
283 290
192 172
426 378
252 214
85 233
58 337
252 179
422 481
416 529
459 511
76 292
335 299
216 364
335 226
459 538
118 62
118 505
283 208
442 478
135 528
46 280
324 47
541 132
58 39
283 99
320 382
422 551
320 410
283 528
416 108
541 295
46 137
320 150
459 483
192 117
392 382
320 289
459 266
233 187
58 14
135 180
58 347
530 511
145 121
320 505
237 78
550 227
216 80
459 69
66 489
550 458
111 391
283 234
192 267
111 530
335 247
155 56
422 463
66 376
213 526
251 175
58 129
213 449
111 146
145 372
85 543
459 190
392 220
426 364
180 468
118 270
416 437
302 417
180 191
237 397
85 143
530 440
277 188
277 475
392 215
442 472
335 307
277 191
283 191
58 64
66 100
284 357
58 314
550 409
46 393
251 424
251 202
237 13
145 526
392 81
76 25
459 425
233 205
251 480
541 470
277 332
237 484
237 69
111 408
392 311
85 551
