505 612
278 204
505 499
1017 755
498 597
498 677
278 82
880 698
879 94
0 428
1017 417
826 1143
880 687
469 23
1077 274
766 353
801 789
470 103
332 757
748 55
0 770
0 1191
0 992
278 636
1077 646
766 226
880 1266
165 763
505 872
1017 845
826 506
766 187
826 533
1077 1044
677 13
213 28
766 137
332 441
1017 1137
1174 178
469 1232
880 57
505 172
710 284
0 819
469 406
677 867
801 1238
165 304
850 423
801 1180
710 606
766 465
748 1262
850 943
469 161
0 983
879 76
710 858
213 159
710 1312
213 92
850 906
332 105
850 3
498 290
850 34
470 792
1017 142
879 1016
748 652
505 1143
213 1302
332 1220
801 585
1077 4
1077 819
332 1312
710 782
1017 387
213 191
880 36
1017 972
677 329
165 557
801 835
498 793
677 146
213 255
470 775
278 983
1077 1222
677 879
213 497
165 225
748 790
470 684
1017 61
469 1079
278 390
677 1200
710 369
801 1181
165 764
748 1092
469 1038
213 46
278 422
766 881
748 603
470 1148
469 441
801 960
880 196
880 1045
505 889
766 748
879 327
710 1048
165 1021
213 393
801 1066
850 919
470 528
470 1190
278 533
498 252
278 783
332 943
880 867
332 947
801 867
766 168
766 939
498 1141
332 1196
1077 1047
469 330
0 573
766 972
213 48
470 648
748 231
470 12
766 130
880 925
0 1257
677 828
826 397
278 837
677 1113
850 842
880 77
677 400
1077 778
1174 202
1017 217
505 1114
213 131
879 457
677 835
1077 949
332 361
1017 315
1174 669
766 1179
469 319
880 333
710 414
505 1201
850 1080
880 812
879 45
880 230
1017 568
880 1280
470 740
213 1033
766 134
332 478
0 502
766 505
1077 587
710 1116
278 357
469 1039
1174 305
1017 242
826 1148
498 1315
505 829
0 510
1017 1252
766 909
826 532
213 1078
505 813
766 9
498 368
801 264
165 668
505 542
826 48
748 1062
505 121
0 409
470 114
469 912
332 557
278 164
1174 236
0 401
801 873
766 552
165 108
332 456
880 974
278 1184
0 248
880 636
470 1160
710 276
469 18
677 575
498 1196
677 642
1017 79
278 45
801 632
278 486
0 813
710 934
766 338
748 256
850 1146
165 238
0 707
470 1139
748 1165
710 893
470 880
880 978
677 1141
498 286
1017 692
469 348
1174 1098
165 16
0 429
470 173
1077 965
748 1209
879 129
505 326
880 1088
850 528
1017 170
826 112
748 396
801 729
880 874
470 1201
213 535
677 297
1077 578
498 6
505 713
879 952
498 668
0 1242
801 689
1077 758
1174 1099
879 1135
505 843
748 180
677 514
748 488
332 312
469 1042
498 1292
1017 409
879 1169
498 44
469 1112
1174 298
213 408
801 901
165 1231
880 1084
1174 1030
278 666
677 877
826 32
826 261
879 1221
826 649
677 574
801 250
748 255
470 783
1077 816
879 1085
850 1270
1077 1029
826 352
0 319
165 499
710 219
498 1097
1174 1153
505 220
0 921
826 907
332 1101
766 901
801 427
0 384
826 1083
332 1154
880 279
470 1313
0 1073
748 549
505 320
505 786
1174 1061
470 1212
1077 1254
880 705
801 896
1017 1050
332 34
879 1075
880 857
1017 968
278 1265
801 836
1174 275
801 818
213 451
0 924
677 1049
801 301
469 328
1077 760
880 600
880 1159
826 1164
1077 74
826 2
278 884
766 611
748 290
766 586
469 960
498 12
470 1002
710 61
826 1308
470 1318
165 628
469 203
880 1288
498 501
165 610
498 192
469 108
505 91
826 295
879 1034
710 415
766 1071
1077 390
710 404
1017 383
826 1188
278 839
766 466
1077 1097
850 823
766 326
826 341
710 676
880 1265
0 1012
505 515
710 111
748 670
801 48
1017 1114
469 703
332 537
801 725
0 492
1017 753
826 342
826 165
278 334
879 415
801 910
0 5
879 1315
850 1104
1174 414
470 520
278 966
470 36
677 763
278 781
469 405
213 356
213 914
880 386
165 679
748 1097
213 1238
470 646
801 657
879 478
1174 283
880 845
498 595
766 171
278 1016
165 152
766 1098
213 377
880 541
498 330
278 366
748 351
498 1199
469 1126
1017 433
1174 676
1017 436
1077 55
826 476
505 204
278 812
0 166
710 1103
278 1059
278 897
1017 903
826 511
850 224
498 1077
766 601
470 170
470 891
880 504
1174 1210
879 788
469 929
213 297
213 934
880 701
1174 1202
505 414
801 686
213 1037
505 1140
748 878
766 656
826 629
850 1290
0 1102
332 1068
1174 846
710 1176
332 1028
278 975
1174 994
0 662
470 1233
213 987
677 1031
801 1086
677 630
766 292
850 559
469 860
879 1097
677 338
470 355
1017 442
165 1198
0 305
766 243
470 44
748 1210
710 143
850 837
278 653
505 1082
1017 397
505 296
470 731
0 624
1017 6
332 1178
505 1103
850 1294
710 547
278 894
213 192
850 691
213 348
165 1244
801 1273
879 1111
213 866
470 670
801 412
332 106
766 438
1077 186
748 1148
505 643
826 137
766 1146
879 216
1017 1275
1174 505
1017 565
332 1003
1174 10
498 1096
505 625
213 998
880 1080
278 570
213 472
826 641
498 1110
879 1046
505 1006
1017 418
470 1221
0 899
710 29
826 262
879 603
1017 21
0 418
470 773
1077 105
710 560
850 487
165 359
1174 406
278 1312
1017 1130
880 73
677 1277
879 1045
278 969
826 387
801 32
0 617
801 730
826 663
1174 864
850 1266
1017 445
332 538
213 784
748 326
1174 958
470 657
801 772
677 394
1174 664
332 198
1077 935
213 617
469 954
850 281
498 386
801 911
278 430
332 50
165 805
766 1211
710 583
332 920
469 52
880 14
826 252
710 845
0 691
213 40
1077 957
0 592
332 136
278 1141
505 56
710 982
801 976
826 818
748 989
880 1171
1174 67
470 190
213 188
1174 258
470 984
332 908
1174 123
213 613
498 568
826 217
498 507
826 1209
1174 573
165 954
470 1264
748 440
880 512
879 1065
213 1188
801 656
165 420
879 538
213 655
469 101
213 35
470 1241
1174 300
1077 67
826 88
677 718
213 686
710 730
213 950
850 1037
505 96
826 1024
710 358
826 377
0 870
801 1104
213 151
470 206
505 297
0 336
710 257
469 609
470 105
213 1038
850 803
801 962
470 430
710 902
0 292
470 204
505 90
470 45
677 705
470 982
850 1193
165 1277
879 807
879 983
677 96
498 740
1174 1163
1174 1047
213 9
1174 1134
880 436
165 802
826 682
677 366
748 251
0 404
850 725
710 839
213 730
748 1252
748 498
213 499
748 110
165 1147
165 1081
165 103
1174 1207
748 261
278 18
766 604
332 432
505 193
332 630
505 84
0 187
165 686
748 367
710 42
879 55
470 479
278 211
880 853
826 771
498 1057
469 332
710 1038
505 1139
748 689
748 718
1017 767
1174 188
677 36
498 443
278 1134
0 1239
766 637
165 773
1077 362
505 1016
850 585
766 1273
1174 1179
850 186
1077 214
826 586
1077 666
879 337
470 983
710 1239
748 927
0 31
1077 1056
165 704
213 91
879 110
1174 1276
850 896
748 789
880 842
1174 795
0 273
505 696
677 449
801 792
879 159
677 313
880 832
826 1150
748 21
165 313
470 221
1077 235
213 176
165 1251
826 1317
470 316
766 380
1077 79
332 941
0 1180
879 384
165 553
469 1298
710 747
1017 937
469 195
826 883
213 623
677 406
213 368
801 967
710 1068
826 1064
801 42
470 1017
766 1206
498 303
505 1123
332 280
766 672
826 627
1017 996
801 1120
213 12
1017 605
710 1102
748 669
278 488
332 927
880 873
826 1276
505 701
1017 608
880 357
213 1046
469 509
677 522
748 166
470 543
766 329
332 1124
505 525
748 618
879 948
165 891
1077 572
766 1101
1174 667
801 829
850 52
1017 1210
748 568
0 1166
1174 319
826 802
278 1295
278 920
498 146
748 724
826 1250
278 1174
879 1262
879 418
766 1204
470 410
213 1030
213 876
677 833
880 485
498 1239
332 649
469 936
332 732
880 334
879 595
470 1118
332 1086
677 166
470 254
766 1189
880 570
826 369
677 390
278 1234
879 1252
850 1281
748 432
850 1005
1174 6
801 1021
278 1094
880 317
880 972
677 493
498 552
278 991
1017 1163
470 1232
469 1238
748 509
826 761
505 1263
748 712
332 548
850 126
0 991
213 313
505 1170
677 1035
710 353
766 1249
213 939
165 845
469 502
826 547
826 1242
165 1311
850 1217
505 854
278 813
1017 645
850 793
826 987
165 832
505 412
505 725
1017 110
801 586
766 1020
498 1064
677 474
1077 603
469 1177
801 820
880 963
1077 742
826 669
748 1278
165 468
213 882
498 614
278 1187
278 1268
850 1121
826 875
748 241
801 373
278 8
470 930
1077 985
1077 929
826 1195
710 437
826 661
470 205
880 118
469 343
213 585
677 373
879 594
165 86
498 76
0 488
850 296
505 689
213 45
332 591
710 664
1077 456
470 565
710 656
469 35
332 955
748 1042
498 583
801 337
1174 906
801 616
469 51
498 40
748 721
850 890
469 261
0 965
766 559
880 1212
850 1087
1077 325
498 723
826 145
332 1198
278 701
850 1133
470 985
1174 267
850 945
677 426
213 848
332 790
165 990
1174 539
677 1027
677 488
766 1039
880 704
801 511
470 318
766 791
1174 578
826 9
505 545
826 596
879 829
766 10
332 134
469 415
0 1142
278 793
498 1127
826 690
469 1281
469 685
801 1166
826 119
677 1096
1077 933
879 447
1017 980
1077 1168
278 635
766 201
1174 368
677 839
1017 1292
850 195
165 85
0 879
1017 1282
850 821
677 1053
748 194
213 386
826 219
213 205
165 542
1174 876
850 1284
879 926
879 799
505 543
165 291
470 546
850 250
748 952
1174 910
1174 548
332 107
505 1249
213 486
1077 430
748 278
879 392
498 558
332 273
677 855
498 1276
850 552
748 474
1174 61
1077 1069
880 305
278 442
748 401
850 262
1017 351
801 1205
879 616
165 619
801 678
165 807
1174 345
469 1053
748 183
748 973
332 848
278 565
748 89
278 704
0 974
710 211
1077 667
498 1313
677 495
278 1293
826 631
498 1198
801 683
332 109
469 1056
766 883
1174 739
1077 877
332 560
710 1051
470 68
748 296
677 473
469 859
801 676
332 1276
469 100
0 1026
165 1001
469 1116
766 1033
470 1170
498 664
677 556
470 1184
505 770
880 1304
213 89
801 1075
766 83
1174 993
165 367
213 986
748 479
165 606
879 963
1017 358
332 1050
470 322
0 141
0 764
1017 739
766 649
1017 202
505 1310
879 493
469 279
0 377
880 574
213 326
1077 1288
470 38
498 86
766 576
879 63
469 1273
1077 12
879 674
213 1057
1077 1247
498 261
1174 205
278 946
1174 982
1174 1239
748 688
1077 1289
710 24
850 627
710 498
0 254
1174 436
0 950
1174 389
498 336
677 122
1017 252
677 894
710 1045
850 1194
1174 688
1077 648
469 3
498 88
766 1293
766 772
801 745
879 623
826 723
1017 927
213 737
332 600
1174 851
278 729
505 47
826 47
766 437
213 382
498 39
1174 825
278 1124
332 1172
710 581
710 1253
880 495
850 862
213 461
0 596
1017 510
1017 722
1077 166
0 364
748 1124
498 84
332 1013
826 34
748 554
1077 60
677 742
278 690
801 848
213 1111
1174 492
1017 1060
801 246
1174 909
0 681
826 1157
1174 137
1077 689
880 686
332 1205
498 578
278 977
0 1275
677 1006
880 416
748 1072
505 481
677 1155
748 576
0 648
278 436
880 995
505 146
748 1246
0 1262
278 122
850 525
766 1053
213 133
213 401
748 1052
469 934
801 266
1017 255
1017 866
710 341
278 310
332 677
766 111
677 497
879 529
0 1247
498 246
165 693
470 181
850 77
677 1217
766 622
801 196
826 1275
850 635
165 1092
498 1086
880 755
470 366
1077 755
505 417
850 88
826 1294
766 889
213 569
1174 201
332 1296
880 550
880 690
469 850
801 742
880 844
826 842
498 876
766 822
880 47
0 1170
677 939
710 645
498 1174
880 562
498 623
826 645
278 511
880 1210
826 129
826 1246
1017 536
1077 1192
469 1070
766 832
880 1247
165 782
801 100
879 612
879 224
766 11
880 725
748 1
332 75
505 26
1017 806
332 910
1174 233
766 1152
505 97
826 949
469 576
1017 619
0 1098
1077 467
879 579
879 1222
213 1195
505 500
165 134
470 209
332 512
0 799
165 851
505 955
801 1183
801 158
850 1273
677 1078
1174 651
1077 983
213 634
278 469
469 454
826 758
505 942
880 218
498 49
332 1131
470 805
766 3
498 101
498 382
710 1094
505 842
1017 1151
1017 744
278 35
826 444
165 707
332 78
1077 368
677 578
470 400
850 641
213 1227
880 964
278 654
880 740
213 438
801 357
677 321
879 429
880 446
1174 468
505 1117
1017 367
505 324
469 1223
880 215
498 1015
278 493
826 505
880 1107
278 221
826 945
498 137
213 1217
748 896
469 436
505 754
470 1122
213 838
165 442
470 1081
748 1266
469 569
1017 443
766 267
469 784
677 61
710 238
332 1141
766 277
748 389
213 799
332 244
801 1139
710 1295
165 727
213 168
470 781
879 376
470 219
880 624
677 1114
826 1197
748 345
213 185
0 39
879 202
850 810
1017 467
748 571
766 754
710 619
470 1043
850 1158
826 757
1174 907
165 983
1077 14
278 620
850 478
498 1020
498 918
801 471
278 844
801 808
801 595
1077 42
469 891
165 255
710 686
850 704
826 642
880 290
332 569
0 1125
677 520
1017 56
505 912
710 723
850 628
0 345
880 496
677 252
710 1044
850 130
766 1199
470 283
213 355
1017 639
505 815
879 302
710 1226
826 91
748 247
332 1099
213 578
1077 712
1017 134
1017 178
880 237
850 65
278 683
1077 1146
469 1215
1017 704
879 683
505 1091
278 236
505 123
165 364
1174 56
470 1131
165 1275
1077 418
332 670
505 847
505 877
1017 1223
748 792
801 698
505 6
1017 732
498 890
332 811
278 458
165 490
1017 30
801 252
1017 948
850 1203
850 723
879 991
850 24
213 1191
1017 1073
880 151
498 549
879 128
1174 951
213 610
165 24
165 1269
470 545
1077 41
710 101
505 369
879 148
498 1204
801 347
826 868
470 87
826 778
1017 643
278 997
505 1055
801 922
469 695
1017 296
766 983
677 90
677 806
0 520
1077 925
880 255
710 198
213 545
710 890
880 982
766 443
1017 1093
505 511
469 802
748 200
213 885
1174 1103
677 1250
826 446
801 1014
880 173
1174 724
1017 477
505 537
470 1156
0 844
1017 534
470 865
880 778
710 1069
801 1317
498 406
470 1174
748 86
0 1061
748 700
710 13
879 1095
1077 870
879 1158
710 860
880 1020
470 618
498 130
332 1305
677 544
213 801
1174 517
213 17
332 1244
710 585
826 1306
1174 948
1174 248
165 435
332 470
1017 1123
880 1279
278 414
766 582
278 573
879 218
498 815
505 674
332 1303
1077 1083
766 746
879 46
850 962
879 1023
801 1171
498 340
1174 395
1017 981
826 601
213 372
826 35
677 472
1077 1311
1174 916
505 230
801 117
1174 515
801 721
710 291
469 281
850 1114
470 559
880 513
879 1189
1017 597
879 1127
801 1137
766 1113
710 417
1174 902
1174 288
1174 697
801 743
1077 269
498 1191
710 220
1017 1222
801 1279
879 685
1077 738
850 601
1077 802
469 930
710 462
332 1048
0 1317
505 136
801 581
748 274
850 819
801 67
880 583
213 449
880 2
879 452
0 789
677 1303
0 830
710 864
0 1179
766 172
879 79
677 1038
850 14
801 925
278 438
879 496
826 228
470 1194
1174 608
880 632
470 990
498 923
826 1110
213 755
748 561
748 696
213 1173
498 381
470 679
1017 1274
470 856
1017 1096
498 174
880 382
213 759
850 545
850 913
826 1139
332 592
470 84
1017 1004
748 91
748 723
470 1094
880 835
332 577
766 933
1017 945
165 820
0 425
469 663
505 615
710 1270
748 182
498 879
879 285
766 73
470 1259
748 1298
710 567
766 1111
880 818
470 307
1077 612
1077 946
213 215
1077 143
498 1054
801 579
498 384
710 549
1174 45
498 1273
498 1217
278 1195
505 163
710 391
850 413
850 215
278 1291
677 577
748 820
880 1124
165 421
766 107
850 159
213 544
710 650
505 1073
505 736
1174 50
850 654
0 632
677 442
505 521
469 1123
213 553
213 287
213 605
826 491
505 182
677 1169
469 260
505 150
850 269
1017 450
1077 1275
1174 990
850 1031
1174 1121
850 513
826 550
332 477
677 788
850 1066
213 1300
469 32
1077 45
801 361
213 749
710 163
1017 895
826 383
505 425
165 581
677 315
498 682
165 320
165 1064
710 565
278 350
1017 712
1174 635
213 417
879 142
1174 759
677 1284
165 79
677 240
498 1140
332 121
470 826
1174 59
1174 514
826 1070
850 1022
332 493
748 751
278 745
1017 918
165 305
0 541
801 642
0 741
880 1297
710 513
470 567
278 901
213 259
677 659
165 697
0 670
469 133
710 1169
1077 283
498 362
0 231
850 474
1077 1091
677 262
469 829
1077 212
766 1180
0 850
505 301
826 1212
801 171
0 1206
0 1009
498 1116
880 1122
748 292
826 286
498 505
801 504
1174 462
1017 676
1174 1177
469 485
766 919
498 932
469 953
748 555
213 468
766 157
469 303
826 498
332 1100
801 685
1077 57
1017 922
801 201
1174 1250
748 109
0 1272
766 1072
766 177
470 54
826 1165
850 988
1017 161
766 594
469 435
1077 150
766 726
880 28
470 675
213 751
505 382
0 344
710 1264
0 1014
766 828
826 1062
677 1052
1017 388
213 166
880 325
766 825
1174 1175
880 342
766 1197
710 527
766 574
710 625
880 1032
880 506
0 620
470 918
1077 600
498 380
677 1271
801 969
213 785
880 1008
1174 976
677 116
880 212
1077 1137
880 1006
470 459
1017 852
278 344
470 719
498 1013
1174 683
677 439
880 278
1017 1082
213 705
850 1028
498 41
1174 947
1077 765
748 595
850 495
1174 1315
213 881
677 815
880 480
766 1312
1174 820
278 1
879 1154
469 1129
710 1050
766 491
766 865
880 1240
165 862
880 189
505 699
879 644
0 977
213 1220
505 1005
850 1079
470 178
879 962
850 322
880 1237
710 807
505 765
469 654
880 1077
278 959
826 801
801 574
826 239
879 979
748 90
470 263
505 451
710 480
1174 849
165 12
748 1208
0 1295
213 533
1077 231
710 621
0 763
332 71
766 588
213 806
879 525
0 390
677 263
165 219
850 637
470 15
278 274
1174 949
880 831
505 1122
505 292
826 430
278 1217
677 809
748 695
748 473
213 572
470 466
505 1308
710 112
879 865
278 402
1077 1238
748 763
505 720
1077 282
879 1148
1017 11
826 294
332 380
748 905
1174 1130
710 1041
748 379
1174 171
469 286
332 622
677 216
498 1240
879 556
1017 405
850 502
710 1151
332 1155
880 1054
748 1313
469 764
748 281
880 226
470 917
332 1143
801 950
278 775
766 477
278 1272
748 825
165 583
0 1101
766 104
879 1003
165 566
850 1153
469 510
332 616
801 702
332 689
165 675
1077 265
677 1187
165 501
213 1079
850 959
850 118
1017 463
505 714
677 239
469 815
826 1067
850 1089
1077 847
879 186
766 548
332 1201
505 1319
850 41
1174 1148
498 1189
801 494
677 312
332 698
332 903
469 380
880 796
850 328
826 636
332 390
332 799
710 973
826 44
766 420
278 242
1174 977
0 1043
1174 310
278 774
470 167
766 516
1174 908
879 150
470 198
710 179
213 979
1174 986
801 739
677 174
850 514
1077 588
801 413
880 602
880 1303
470 643
826 602
1077 17
332 303
498 1076
505 627
710 1294
748 1319
1077 792
1017 673
879 694
850 578
766 84
213 576
332 291
213 145
498 1188
469 1201
677 101
710 89
470 230
1017 487
879 658
1174 1158
470 605
710 855
748 767
165 288
748 1123
470 473
801 990
1077 1115
766 470
801 375
766 521
710 423
710 767
801 1096
470 809
498 103
801 1088
469 669
165 354
1017 392
469 846
213 83
470 837
677 1195
332 1055
1017 195
505 971
826 873
801 1122
710 1025
880 912
470 515
278 650
826 766
748 787
1077 137
879 86
165 101
826 134
1174 540
766 690
165 13
505 1213
165 267
826 1220
213 362
0 199
1174 1003
677 69
879 910
0 40
1174 1181
801 1149
801 81
1017 452
505 764
677 20
1077 1320
498 450
469 224
165 195
710 1013
1077 902
470 1304
801 258
165 864
801 826
278 26
677 131
469 768
850 660
213 333
213 32
332 440
278 1056
748 823
332 1027
766 764
826 360
850 485
710 694
748 1023
1174 318
880 470
332 1168
213 18
469 855
505 1180
278 388
332 1064
826 619
826 10
677 922
0 1066
0 1103
165 1086
332 594
498 748
470 530
826 1244
850 970
278 319
165 210
213 1015
850 598
470 352
213 478
748 23
498 1194
470 1175
505 1146
0 1116
677 142
850 124
1077 522
0 245
677 157
677 731
1017 1301
0 288
801 55
505 122
677 1310
1077 94
469 955
498 929
748 642
766 155
165 270
1077 1248
677 253
710 7
748 648
826 1253
1017 843
469 246
850 354
850 630
332 1231
213 388
213 36
278 56
710 508
710 397
498 390
880 716
1077 19
469 445
332 1066
826 848
880 508
470 617
213 1032
1174 642
469 636
766 176
498 1053
498 203
165 512
880 316
879 1014
748 1253
278 391
0 1151
332 412
880 898
213 1004
498 268
748 1198
850 412
1017 212
801 90
213 717
470 820
710 773
213 490
165 157
165 45
332 610
1077 800
879 357
278 258
826 1296
278 1182
1174 495
505 462
801 1046
278 1071
165 414
826 559
748 1265
505 229
766 1198
498 1102
710 748
213 127
0 156
505 620
1077 261
850 193
469 757
1017 1291
677 967
470 436
710 1085
1174 1255
880 787
880 1232
710 149
1017 278
850 430
498 363
1174 1319
505 246
1174 1312
748 619
801 887
165 880
0 467
766 598
766 25
710 566
677 330
165 547
165 1012
677 66
1174 557
469 506
826 726
1017 638
470 464
470 860
213 725
505 341
1174 453
498 248
879 1136
826 144
748 61
850 555
1017 642
710 729
498 1043
880 784
879 13
165 1303
278 401
1174 43
213 270
1174 91
470 1282
469 566
766 304
0 140
850 540
826 502
710 1036
801 1170
826 311
165 1139
766 319
1077 1012
850 1176
710 751
1017 507
826 897
850 1057
0 999
1174 189
748 448
879 901
1174 895
498 798
801 849
748 6
748 775
332 936
801 107
469 288
505 1172
850 368
505 348
278 1183
165 792
879 334
498 209
469 838
748 885
1174 1137
801 161
505 602
469 1216
1017 1164
710 1072
1077 496
1077 1105
801 1008
879 450
801 1117
801 435
498 74
469 541
850 109
710 9
677 680
505 1222
469 34
213 1104
748 163
826 1170
880 1194
332 905
0 482
213 314
213 1106
278 86
880 1073
880 531
826 1256
470 28
826 1078
710 280
1077 625
710 876
165 53
850 282
278 705
748 769
766 274
850 1267
677 379
1077 533
278 923
505 590
850 531
850 1138
498 315
748 70
1077 860
677 1156
766 1183
1077 526
0 777
278 271
880 450
677 1260
826 272
826 918
278 594
470 57
748 634
1017 59
1017 70
766 386
748 1167
469 533
332 1298
165 655
213 983
165 300
1077 890
826 581
505 895
165 1111
213 1202
1077 513
766 1050
879 1297
879 190
332 421
748 626
213 235
801 212
880 331
505 207
505 361
766 979
826 187
766 641
1077 734
0 781
498 899
1174 488
879 667
469 892
826 333
1174 1194
1077 1048
1174 860
850 248
1017 523
1017 169
470 558
0 522
332 222
826 216
1017 1015
213 966
498 842
710 292
165 644
1017 687
879 894
879 741
1077 502
677 602
801 2
879 620
879 141
1174 182
1174 1052
801 1036
165 348
766 373
850 825
332 1270
1077 23
826 449
165 1025
880 17
498 1052
213 893
880 389
278 1011
748 332
165 301
748 71
1174 112
278 308
498 236
826 175
332 215
0 516
1077 1287
677 532
826 772
880 162
505 219
505 176
1174 207
880 293
470 1256
332 442
801 1103
470 150
748 1274
332 574
498 123
498 193
879 354
850 941
880 1067
213 404
748 1088
1017 1265
505 315
801 871
710 379
879 939
165 357
850 892
505 1236
801 571
766 793
801 428
677 734
766 829
826 1300
766 1070
469 1100
469 705
850 266
1174 1264
0 976
213 712
498 481
469 866
879 210
165 603
748 925
469 974
165 158
165 574
748 124
278 1282
332 867
880 1029
710 1078
332 1190
165 1056
766 1188
1017 352
498 533
1077 121
677 684
498 716
1174 1063
880 229
677 246
505 94
677 600
165 700
1174 706
748 525
505 364
470 1077
1174 159
470 682
879 1147
278 416
801 503
880 766
213 844
710 473
766 1319
710 1147
1017 412
677 620
1077 466
213 927
0 710
505 310
165 458
1077 1226
1174 399
1077 861
505 57
498 883
710 281
710 1234
801 629
677 369
880 707
1017 377
498 818
498 473
710 570
213 1129
278 580
0 554
165 797
710 383
748 946
165 40
0 1288
850 1162
880 1226
677 991
766 43
1174 915
332 382
498 270
470 673
332 909
505 283
1077 1260
213 723
1017 393
498 757
766 660
0 721
880 407
880 98
213 573
332 816
801 861
213 642
880 242
826 203
332 1173
332 1085
1017 1255
1174 1299
165 998
470 162
766 93
748 1071
332 119
278 931
879 271
1077 955
850 830
748 639
766 961
165 14
801 9
1077 36
0 72
880 827
470 1080
0 136
677 199
801 304
850 899
748 786
826 281
469 878
748 336
165 569
332 460
505 794
801 594
748 564
801 241
1077 117
1174 1147
1017 1118
278 1102
213 905
0 346
469 487
332 949
850 323
498 1088
213 1148
505 431
498 1309
850 593
278 171
748 271
748 1223
710 1023
880 559
470 750
850 298
470 974
1077 192
766 992
766 1297
470 1106
1174 228
710 948
165 237
505 449
332 93
880 421
766 891
826 1173
1077 663
801 397
278 449
879 1116
470 523
213 223
677 767
332 1300
880 423
766 976
505 199
677 1071
469 1276
1077 592
498 935
801 634
766 1315
850 475
710 984
880 1315
826 797
0 1038
801 1237
748 784
766 1269
677 1258
801 268
1174 810
801 18
801 561
880 966
278 759
165 794
165 1256
332 821
801 195
879 207
213 684
826 1231
469 207
1017 66
278 797
165 791
880 211
332 1199
826 427
1077 855
766 771
677 1261
278 37
1174 1304
748 1083
505 1288
879 59
469 558
850 969
879 1036
766 904
1017 464
748 548
470 807
213 771
710 510
826 417
332 1207
165 453
1174 789
498 199
1174 331
826 975
1174 627
1017 241
0 809
1174 1205
1174 950
469 471
1174 363
766 893
505 344
879 445
213 488
880 306
1174 1095
278 1130
278 174
278 33
677 1161
766 1016
0 2
1174 865
1174 773
826 660
505 459
1077 346
710 35
505 546
826 45
766 1040
469 74
826 514
498 1187
498 338
677 655
710 62
880 198
1077 1018
1017 236
677 966
880 33
1174 832
748 1312
0 792
766 653
0 80
879 1159
213 1240
1174 155
1017 1119
850 1100
826 917
880 481
0 1216
469 1202
213 327
213 764
677 823
469 1318
165 1160
1017 532
766 1076
165 664
850 297
710 275
879 570
165 1014
677 220
826 1126
826 985
826 73
880 91
850 629
1077 312
165 1186
0 460
677 505
470 483
469 1167
801 255
677 975
710 177
850 937
469 318
850 1206
332 1084
850 235
748 210
850 612
498 1071
1174 770
710 699
213 994
766 661
505 844
766 145
766 234
748 1103
332 856
278 1087
1174 460
748 472
710 848
766 259
470 1310
1017 771
505 210
710 171
748 83
0 198
165 1121
505 95
332 411
677 1095
748 229
213 54
879 54
766 1194
710 1201
470 16
748 1192
498 24
278 184
880 585
332 431
469 292
498 293
850 898
748 533
850 579
165 202
332 418
1017 698
879 921
278 476
880 615
748 573
469 317
748 875
505 695
766 1121
213 69
880 1296
748 237
165 1164
850 181
469 186
677 1105
826 695
710 983
826 227
165 1305
278 641
469 716
880 411
470 581
710 311
469 42
165 341
850 1070
278 613
470 139
880 209
213 1091
826 1234
677 995
0 131
766 529
879 390
880 99
278 784
0 359
278 479
165 1155
470 1056
498 250
469 228
677 1196
470 67
470 163
165 0
826 150
470 359
880 1048
278 92
278 560
1077 881
880 433
880 921
469 1275
710 1148
748 112
766 1099
1174 607
1017 218
1017 660
826 249
332 994
748 1061
850 67
677 498
332 967
801 451
278 948
677 1144
505 956
0 411
826 489
498 895
165 787
505 654
469 570
278 1037
332 1039
850 93
332 652
879 278
677 831
165 1032
0 806
278 453
505 345
766 821
213 790
469 8
880 1217
880 239
879 1043
710 1125
165 816
278 637
165 276
766 429
766 247
470 692
880 368
505 1137
332 141
748 397
879 248
677 1147
677 34
498 969
677 901
1077 445
332 401
766 761
710 427
677 375
213 318
278 815
332 1230
826 118
1174 483
766 620
880 458
677 1119
801 1191
213 244
332 33
710 97
880 1294
850 92
498 763
880 1155
469 1183
278 55
470 1052
469 828
505 177
677 768
766 557
1077 1240
801 456
470 855
498 559
498 1288
165 833
801 105
505 751
1077 558
0 762
766 1286
826 409
879 942
766 318
165 1288
710 310
469 372
165 332
850 802
505 1159
470 511
1174 1298
826 1115
332 1286
165 1
1077 313
850 547
1174 307
470 391
677 382
505 1109
470 1009
165 1289
165 958
470 367
165 914
879 201
880 1092
1017 1035
1017 652
880 1290
165 298
1017 1184
278 642
498 1237
1174 741
498 1258
1077 989
748 915
278 114
1077 1134
1017 1160
498 1047
677 740
165 939
677 710
766 42
748 63
1174 1216
879 332
505 1229
1174 700
505 1251
498 679
0 500
469 958
850 1102
1077 327
1174 1142
850 561
880 940
1017 1235
498 530
826 715
766 451
332 69
710 824
826 1016
880 1100
879 973
469 849
1077 1269
278 1072
850 1137
710 1112
801 1211
332 1016
332 769
850 773
748 507
0 1008
0 529
677 1236
213 1028
1174 1122
165 1169
826 603
879 1101
1017 574
505 1200
165 397
165 989
677 280
879 109
766 225
213 139
213 42
1174 1073
879 663
278 1231
1077 698
213 1063
0 449
826 1217
332 1098
505 48
766 341
505 1135
470 326
165 203
801 913
710 67
879 1006
1174 764
470 901
470 363
826 241
826 653
1077 963
470 1159
1017 1288
498 631
470 444
879 857
469 448
165 916
1077 924
469 1194
766 1089
213 1020
801 508
505 778
165 394
1017 496
1077 1268
1077 959
1077 16
710 571
1077 244
470 1290
498 490
165 737
0 432
1077 1231
470 1261
505 556
213 985
1017 681
498 981
1077 492
469 827
826 564
1077 1264
826 277
879 602
498 627
0 413
165 781
470 14
469 117
1017 1176
469 995
165 471
677 219
879 393
498 1320
766 728
1174 385
165 972
0 94
165 227
710 290
165 800
278 212
1017 527
332 1081
165 88
332 1243
748 427
677 425
677 271
498 296
1174 901
1017 1040
748 1222
1077 24
470 1186
710 838
1017 1153
498 749
332 637
469 1267
879 1074
1077 833
748 1268
278 143
766 1129
677 265
278 1107
0 105
470 1223
1017 984
498 419
826 69
879 155
748 240
826 1015
505 579
766 431
850 541
801 364
766 91
1077 298
766 39
1174 54
470 414
470 513
1017 818
879 145
801 233
213 1308
213 1155
677 1107
0 179
278 466
498 1193
748 361
826 71
677 1179
498 1036
826 815
469 144
677 550
677 429
850 217
165 710
1174 143
1017 1014
0 379
165 78
332 371
879 73
1077 516
505 684
470 93
278 917
165 1310
826 652
498 638
278 1083
748 567
677 1106
1017 888
1174 211
879 308
880 1306
801 1288
505 1265
850 645
498 1281
766 1087
710 1004
505 697
879 315
469 61
826 304
1174 1037
505 223
165 309
470 693
469 308
213 520
1174 1065
470 409
165 703
1017 1065
850 157
498 32
505 7
879 770
766 421
332 385
469 629
766 1106
826 940
1077 650
850 604
1174 351
879 511
710 615
278 514
498 1162
850 397
469 1227
278 763
766 1203
505 1152
879 1008
469 727
850 108
1174 708
710 1305
1017 628
710 128
505 1121
165 632
165 626
850 411
677 1296
1077 826
880 553
470 267
213 793
1017 611
850 168
1174 19
0 800
880 790
1017 1112
801 272
165 1192
677 123
766 1009
710 1165
748 103
1017 310
332 956
826 1307
469 2
1174 18
505 1192
710 715
850 1254
826 255
332 969
165 133
801 785
879 105
766 696
505 494
766 1157
332 739
850 753
766 1102
278 1040
1077 569
469 894
880 337
766 539
1174 897
879 563
1174 844
278 523
850 923
498 372
1077 204
213 837
826 275
801 182
469 221
470 804
332 61
278 1128
0 549
1077 752
766 288
469 120
1174 409
766 1156
766 853
1017 669
710 764
505 611
470 88
710 1202
278 342
498 294
1017 974
1174 48
766 1013
165 1099
879 1084
1077 535
766 4
498 715
213 685
880 353
469 287
278 470
278 900
826 1247
801 1274
0 1044
1174 190
1174 565
332 1311
850 891
1077 464
850 602
1077 708
766 464
879 1241
826 1315
498 361
213 1050
0 1217
469 1282
766 750
880 108
1017 431
879 721
470 717
165 670
213 582
880 1024
505 531
469 791
213 690
880 980
1077 651
710 493
165 513
826 215
1174 295
498 1311
850 373
505 646
880 882
880 408
0 817
879 326
165 1159
213 164
470 991
766 1008
1174 663
801 1163
1174 459
1174 193
498 207
1174 463
505 1204
801 649
498 660
0 1187
850 313
1017 957
880 793
213 109
1077 1020
879 897
850 758
850 9
505 830
710 783
710 992
0 1029
332 395
879 239
748 382
165 1178
850 23
766 442
748 220
1174 208
880 244
470 169
505 40
766 99
748 781
880 89
498 160
332 1001
766 566
1017 485
278 14
165 1271
1017 1273
710 778
880 295
278 146
505 693
1017 1280
880 104
766 29
165 110
850 1140
469 170
470 319
498 170
1017 306
1174 501
505 274
505 1197
469 1048
677 739
278 1209
0 1027
1077 239
880 783
1017 1201
710 447
213 1248
498 648
826 416
1174 1211
213 800
766 839
165 580
0 283
748 353
850 847
505 882
677 1070
469 562
710 737
710 256
498 1115
826 1181
766 312
850 653
0 64
826 823
801 921
879 1004
766 13
0 1315
213 752
165 841
879 582
470 699
748 493
677 1212
766 265
880 991
801 870
1077 181
498 1179
469 700
850 144
165 188
826 1285
165 25
710 951
1017 1207
505 1001
498 398
748 951
332 86
850 1044
710 95
1174 1058
677 945
498 690
332 986
470 447
748 510
0 426
1077 940
0 218
766 844
879 1295
1174 1183
879 723
469 1090
710 186
213 774
469 845
165 999
850 533
880 527
766 561
748 584
1077 901
710 933
880 164
1174 699
470 514
826 213
677 1133
469 478
880 30
498 431
766 795
1077 731
165 886
826 280
165 654
0 1095
1017 381
498 194
766 808
505 404
278 1039
469 812
213 635
710 618
278 502
1077 892
1174 229
850 815
1077 936
801 1105
826 988
165 184
748 720
880 418
470 1247
278 579
505 117
748 171
826 50
165 1252
801 1193
165 1210
748 399
332 911
470 864
469 1067
213 329
498 1252
470 938
498 370
165 831
278 553
826 651
710 800
0 637
0 175
0 1313
505 1292
850 333
880 1000
332 204
469 285
1017 973
469 972
766 178
748 870
677 517
880 484
1174 782
748 921
0 826
0 1075
1077 674
165 142
879 1230
801 554
332 731
766 796
710 1197
766 942
826 659
213 482
498 441
748 565
801 705
498 408
748 291
710 259
213 1116
766 681
677 1193
332 542
677 1084
826 1193
677 93
213 1095
766 792
880 156
498 118
332 54
826 1063
879 710
470 1214
710 1231
677 307
801 724
879 237
677 60
469 515
880 798
1174 479
213 98
801 516
278 770
801 1299
165 428
801 1012
879 324
278 877
850 146
278 1257
470 836
213 240
677 1206
801 263
748 420
879 1208
213 342
1077 234
1017 726
1077 11
469 767
1017 1203
880 1200
710 1285
801 1269
0 696
766 533
165 1015
1077 481
826 94
470 998
1017 924
766 877
879 601
748 444
470 960
1174 263
677 850
470 177
801 824
826 208
505 596
278 25
880 110
1174 677
470 638
505 248
165 540
879 1167
505 224
1017 258
470 351
850 1154
677 344
677 1241
879 622
165 789
498 186
1077 435
498 288
880 924
801 1320
677 1244
470 119
879 841
213 227
498 555
165 1066
850 515
165 1213
879 422
801 601
879 230
710 1186
766 1271
469 497
766 240
1017 975
332 172
165 277
748 677
801 1089
850 464
677 765
469 185
1174 383
710 550
469 843
165 1046
880 743
826 1025
0 524
1017 1226
766 27
1174 966
766 1086
1017 942
677 33
1017 1295
801 668
505 1206
879 1276
748 1231
850 70
505 468
0 1263
879 1174
470 133
469 311
278 30
850 231
748 130
165 529
677 887
880 862
498 92
498 739
1077 1113
880 528
879 1256
677 897
278 857
278 648
879 552
469 1269
879 1238
470 607
332 241
165 234
1077 66
850 454
677 487
766 914
332 255
710 591
505 445
826 950
677 981
748 146
1174 853
850 290
677 211
710 545
213 44
498 356
1174 1215
332 1176
470 703
677 968
880 1011
498 95
0 859
0 876
1017 1299
880 737
677 1293
505 263
498 920
1174 931
213 872
880 1292
1077 1066
0 294
801 973
1077 842
879 1268
332 651
1017 965
766 1287
165 661
332 1026
801 711
880 1293
748 1277
801 916
278 924
0 1040
469 389
826 1045
801 1252
332 439
766 286
677 1100
469 1066
278 755
332 360
801 859
498 1294
766 560
748 979
0 232
710 323
880 31
879 509
278 1319
880 288
165 810
165 1217
826 233
505 36
801 865
1017 175
469 443
1077 1223
1077 733
332 735
748 59
1077 250
879 472
332 80
505 492
880 1115
498 946
880 1149
880 366
801 879
880 781
677 72
801 691
748 481
278 1302
470 624
505 218
748 46
213 1194
505 197
826 437
826 724
165 824
850 916
826 326
826 1187
470 1268
879 1133
826 303
498 575
278 1146
1174 58
801 372
677 179
879 1269
826 323
1017 906
470 174
470 343
826 886
801 349
766 408
165 457
880 240
498 927
1077 344
710 1060
165 485
801 664
677 1290
826 194
879 944
498 119
332 37
505 42
748 851
748 294
498 1055
748 298
826 1319
498 15
826 55
278 874
850 221
850 576
748 698
469 46
498 439
766 21
801 1172
165 38
850 734
879 41
748 1136
505 487
850 25
1174 1005
469 266
880 838
469 886
469 900
278 569
801 596
505 399
505 444
165 470
213 237
278 940
677 118
826 793
1174 257
880 254
498 863
469 400
213 422
766 126
469 1300
0 833
1077 449
505 1013
470 70
880 1263
1174 444
1017 286
1174 338
332 1273
1017 224
469 187
498 961
880 634
766 768
469 79
766 198
710 258
469 1078
213 25
213 673
677 1275
505 67
850 112
469 299
1174 37
801 262
850 81
710 332
880 848
0 194
801 1304
801 139
710 1302
826 89
710 1260
677 537
470 600
748 203
766 1056
879 866
469 442
879 83
332 30
880 670
469 89
470 969
165 1107
165 454
213 226
1077 939
0 1011
710 620
677 464
1017 51
748 1177
505 125
505 1070
470 251
165 929
0 895
213 224
826 856
710 582
0 1297
469 1193
880 128
470 564
0 26
850 670
498 708
498 1250
0 579
850 356
801 370
748 300
710 1178
1017 1196
710 765
766 371
498 634
165 921
748 1229
505 379
850 626
710 450
748 372
1077 70
880 663
748 1212
1017 139
748 37
826 140
880 826
766 1226
710 44
879 382
879 531
850 1241
748 1150
213 517
332 430
469 36
748 1147
165 308
766 70
710 452
879 547
332 393
880 1276
332 363
826 1086
165 633
879 689
278 130
505 1231
710 1108
748 312
801 1287
766 362
505 617
766 897
801 796
879 652
710 863
677 408
165 256
850 1161
1174 128
470 433
1077 706
332 539
766 1253
1077 3
710 607
0 235
1077 964
850 342
332 1045
213 198
332 930
766 749
505 541
0 176
213 1144
880 938
165 634
879 1298
498 864
801 712
165 1306
826 20
826 736
0 415
879 263
1174 86
677 191
677 682
850 1156
213 912
213 1158
766 1270
850 1233
505 1076
0 463
677 845
1077 89
470 1072
677 1304
498 423
0 485
470 1018
826 157
801 752
677 460
1174 451
0 144
710 117
850 926
470 959
880 677
850 711
850 1305
766 1190
766 946
498 169
748 496
826 382
880 476
0 862
498 1100
880 112
165 1010
505 565
710 964
801 461
469 997
1174 1075
0 535
278 673
1077 1209
880 76
1174 269
748 710
766 580
710 633
505 811
1174 432
470 1163
880 569
165 658
165 968
766 512
1174 21
278 435
213 683
1174 1320
826 959
213 757
505 816
1017 916
1174 234
677 50
850 914
165 982
710 468
470 680
498 127
850 453
498 1267
826 222
1174 1140
1174 531
505 524
880 26
826 732
1017 899
677 641
332 995
505 1130
748 661
880 864
850 106
677 1222
213 568
1077 551
505 801
850 912
213 136
332 686
677 929
1017 640
748 128
766 524
0 871
165 327
498 200
677 4
879 624
677 15
213 769
1174 752
880 68
505 1028
0 281
278 67
469 599
1017 423
470 284
165 342
766 82
766 1236
470 698
880 1134
880 301
766 892
470 188
278 245
677 457
850 728
710 872
748 890
213 843
879 275
880 359
880 1046
278 780
879 519
677 357
470 507
880 1090
826 691
748 173
498 618
766 998
1017 273
850 246
677 444
332 1274
498 140
498 665
710 138
332 494
332 614
677 982
505 993
470 799
469 861
880 374
879 668
0 1013
880 752
826 27
1017 1177
1017 1286
165 1051
748 1056
165 814
0 1255
1077 1318
505 681
677 1153
710 330
213 514
1077 107
498 487
1017 588
850 721
850 985
498 30
710 346
748 51
826 923
469 1192
879 569
498 871
748 1237
213 541
1077 1024
1017 345
1077 284
801 735
850 934
748 319
880 1139
165 925
826 265
469 1237
1174 40
801 192
710 1189
0 1138
505 304
1077 575
826 905
278 789
0 634
801 718
826 204
278 387
332 146
710 576
505 598
332 6
498 528
1077 353
505 870
748 327
469 1132
165 268
1077 1026
1077 740
213 181
470 222
850 28
498 585
470 37
469 847
748 998
1174 272
165 815
801 1009
1017 748
801 184
1077 379
470 842
505 249
801 856
213 1253
165 215
0 422
879 1092
801 312
766 625
278 404
469 1024
1077 690
470 449
278 191
766 1170
710 479
498 853
498 596
165 901
278 525
332 248
505 389
1017 1095
469 952
470 195
332 529
710 1320
278 425
677 1117
801 355
1017 915
165 695
213 795
498 35
1077 781
498 396
826 180
165 340
213 310
1174 70
826 787
470 718
1077 1016
469 1071
213 953
826 61
1077 290
677 48
213 762
505 827
469 113
469 584
213 883
880 580
879 373
710 207
332 1080
498 205
332 1007
469 477
879 696
826 679
850 871
1174 329
677 275
505 1035
1017 357
332 177
498 157
505 624
879 1173
748 1100
1077 423
498 652
766 273
850 1027
1077 1064
470 1144
470 354
826 916
1174 480
1174 194
1077 132
278 841
850 783
677 237
710 393
879 943
826 731
801 1228
879 356
801 759
278 188
165 70
213 76
0 948
710 387
1174 1236
505 74
801 1301
801 1087
766 1231
1017 960
1174 843
880 262
505 759
801 805
880 1262
850 512
850 481
826 927
748 417
880 913
505 1131
710 313
677 86
469 681
880 174
766 22
748 1084
470 1035
826 62
850 74
801 127
470 627
165 212
278 1269
880 610
826 971
1174 1176
677 210
677 189
505 289
0 745
1077 1039
801 239
332 778
213 971
766 775
826 892
677 180
332 52
1174 441
850 1197
880 1207
1174 252
850 391
332 787
469 307
850 732
505 957
469 403
505 653
766 1296
332 235
748 1286
0 382
165 208
850 1282
880 733
1077 671
1017 220
332 243
1077 1262
766 129
766 245
748 524
1077 970
748 282
332 295
880 1299
165 616
505 368
766 938
850 893
1017 1256
826 104
801 537
879 156
213 162
677 1018
710 1065
766 336
850 96
879 590
469 209
278 389
1077 993
801 734
880 1199
677 290
1077 322
748 907
213 129
826 939
766 238
801 690
1017 774
826 82
278 806
677 1002
332 998
826 850
748 98
826 283
677 333
1077 555
677 741
498 802
505 446
880 918
710 21
826 1201
213 579
469 302
0 471
469 182
332 486
879 1129
278 277
332 518
505 812
850 608
1077 1025
213 182
880 699
880 1071
1174 673
165 667
677 884
1077 640
469 747
469 357
766 751
498 1104
677 225
278 150
1017 58
801 1230
498 661
801 1109
766 1303
165 102
880 1254
469 152
213 1101
278 698
1017 22
801 523
880 1050
748 246
801 379
498 154
498 674
766 257
278 1041
1174 417
165 1100
710 668
710 675
710 162
880 1196
1077 622
748 1201
505 647
165 130
1174 1220
880 551
1077 414
879 1224
677 1121
332 1159
469 167
766 532
1077 225
879 25
505 706
332 1301
850 198
470 709
505 792
0 1221
505 76
505 1274
1077 120
165 926
879 140
213 1045
213 340
505 660
332 827
498 177
0 227
0 629
826 528
766 262
332 1194
1077 315
278 1022
498 861
165 801
710 432
332 221
505 633
1174 758
748 808
278 167
278 820
801 1125
213 412
826 124
748 358
766 636
1077 807
1077 48
677 1145
505 1020
710 88
677 1224
213 1107
880 39
470 448
469 1069
332 1012
505 572
0 679
801 1018
826 13
498 31
498 69
710 242
801 825
710 968
1017 701
677 1148
710 871
748 1046
469 426
470 1303
710 1195
165 936
469 338
332 328
850 13
801 1101
505 1261
498 649
677 18
1174 975
0 1220
879 852
677 927
801 319
469 534
332 264
278 858
498 778
748 178
1017 261
710 756
880 328
710 18
677 581
748 1256
1017 1228
0 856
801 1310
879 1204
278 298
165 648
826 102
879 768
1077 1121
213 1288
1017 145
677 341
469 524
1174 1017
1174 1034
165 646
1077 696
1017 216
826 814
470 833
850 396
879 645
880 441
748 1049
213 1048
826 614
1017 775
850 596
278 1277
850 902
748 305
165 522
1017 153
801 369
801 1309
880 168
278 1149
1077 469
0 858
766 926
470 7
710 36
165 518
1174 0
498 58
1077 123
505 823
498 919
1077 923
748 545
748 566
278 1105
470 199
850 270
278 1010
165 788
826 110
470 668
498 1295
165 1181
332 615
0 1252
1017 869
498 908
1077 408
879 779
850 420
1174 1253
505 66
748 215
469 376
850 665
826 825
0 890
801 674
470 730
879 557
469 591
801 914
766 497
213 630
677 1238
470 427
880 185
278 182
850 400
498 970
470 161
880 1272
0 368
710 926
850 523
880 1086
498 915
278 818
879 1060
748 534
0 290
879 677
1174 615
710 218
826 910
880 1274
1077 1138
505 1155
470 532
505 893
498 428
278 972
826 1257
1017 160
278 794
1174 1027
710 485
879 448
213 1131
470 5
1077 31
165 1179
1077 845
1077 917
879 434
0 1248
748 1075
879 907
165 594
165 551
766 1257
880 685
880 932
1077 5
801 587
498 633
879 635
850 814
505 174
1174 1023
748 371
278 1314
165 94
332 1218
1174 705
278 518
498 594
469 280
826 422
879 913
165 749
801 121
677 958
801 269
505 742
766 1047
278 178
677 5
801 536
826 164
505 1208
1174 641
505 1303
880 259
879 84
748 144
1017 384
498 326
1017 557
880 335
498 994
879 163
801 1069
826 967
278 452
766 716
1017 580
505 926
748 865
879 762
748 966
850 435
879 1013
469 932
278 1230
850 1317
213 530
748 1138
213 1228
1017 668
880 895
826 1259
801 482
469 64
850 1210
710 942
850 1120
748 518
470 591
710 1138
766 1245
498 292
1017 657
879 221
213 1026
332 384
0 340
801 924
1077 1213
498 671
879 947
826 788
213 1056
0 387
801 784
677 454
213 463
469 1278
0 68
677 726
213 1205
469 69
278 238
826 152
879 436
748 617
766 148
1077 1003
880 888
850 575
332 627
850 764
710 766
469 956
1174 815
710 505
332 618
677 167
879 982
498 613
498 938
332 200
710 375
801 35
1077 404
879 712
801 175
1077 507
332 302
278 1103
1077 10
165 804
850 998
470 1016
470 705
0 1097
332 297
748 996
766 347
1174 1192
0 49
826 803
1077 661
505 1218
1174 729
278 343
880 134
278 115
165 1096
826 1113
766 739
880 502
801 1033
1174 125
469 155
677 296
677 109
677 830
1174 1131
850 522
710 520
278 892
470 702
880 745
677 1123
1077 29
1017 750
505 419
332 1255
748 739
1174 595
1017 590
748 64
748 264
879 512
165 324
332 203
879 372
879 5
278 107
505 645
801 866
850 12
1017 116
748 991
469 873
1017 613
470 822
165 641
505 1111
826 214
332 77
1174 932
1077 947
1077 1063
826 717
278 499
469 312
826 1027
469 305
1077 319
505 962
748 1012
213 1112
850 1211
498 540
470 324
498 656
498 1190
505 1011
710 991
470 637
505 398
748 377
278 1139
505 573
880 1275
498 541
278 1151
677 470
879 323
1017 703
213 143
498 2
826 40
850 967
880 572
278 799
826 450
505 773
880 347
165 105
748 289
213 1218
0 271
879 1274
278 69
1174 388
710 1174
850 646
332 130
850 905
766 1049
505 20
498 642
469 872
1174 624
332 405
470 688
766 650
850 843
1174 108
766 1046
850 813
880 1002
677 282
801 1184
469 142
850 156
826 650
332 1035
826 539
0 480
0 528
766 913
332 1283
165 1201
801 46
801 16
469 1052
710 43
677 778
880 1012
505 506
1017 838
766 1314
880 123
0 719
766 902
677 1086
850 886
498 285
213 1315
826 895
1174 544
1017 947
766 309
879 363
879 559
826 1059
1174 594
879 654
677 861
880 459
470 1258
677 990
710 1224
470 942
498 328
1174 1272
469 1060
1174 15
213 632
1174 1172
748 224
879 521
469 199
505 1081
1017 878
469 1229
880 1248
880 1177
278 540
710 623
710 521
278 259
826 1271
469 14
766 503
880 782
766 298
213 350
332 1004
1077 155
677 865
677 132
278 327
850 1167
880 622
826 457
1077 130
278 403
213 1276
505 127
0 1031
469 33
801 124
766 789
505 1144
850 590
278 909
498 1122
1077 133
801 1290
850 38
766 689
469 159
850 798
801 940
469 377
879 259
469 1084
1017 1271
469 1093
826 767
0 616
880 22
1174 489
470 429
826 637
165 818
710 919
1017 840
505 186
1017 166
278 964
470 1243
1174 1043
710 1272
0 551
165 497
1017 205
505 781
505 319
165 57
165 691
826 607
710 217
1077 217
710 844
498 317
677 465
880 589
850 771
826 169
1174 889
332 1174
880 1179
826 718
1077 358
505 658
880 1143
826 675
469 169
1174 848
850 137
748 3
850 817
213 633
469 1062
879 411
0 558
748 452
278 651
470 1226
470 439
0 536
278 816
1017 1098
1077 996
710 202
470 79
278 1044
677 536
505 848
332 839
213 56
1174 1204
879 206
470 939
213 1314
1077 672
1174 393
1174 718
826 1200
1077 937
766 138
880 584
766 280
766 1229
0 1209
879 744
213 1318
165 1152
1174 760
0 25
332 51
213 248
165 560
470 552
498 577
879 930
278 12
1174 470
498 834
213 33
879 286
1174 1291
165 204
801 1025
278 1267
498 531
801 280
748 970
1017 470
879 989
505 111
710 1088
332 668
498 675
213 599
1174 1079
826 1055
165 1031
766 300
677 148
710 0
710 1034
332 1151
1077 1023
766 1301
165 725
879 1156
0 964
470 71
880 92
213 583
880 821
801 679
826 954
850 2
826 819
826 316
1174 766
332 1089
801 391
213 1099
766 418
470 1284
213 624
498 1142
470 196
213 1203
710 831
469 382
332 880
677 1128
710 81
165 54
505 711
710 1030
470 992
879 567
766 1311
880 680
213 930
1077 1090
470 672
332 231
766 912
470 966
332 803
278 79
879 1088
879 232
801 8
470 118
1174 952
1017 697
165 425
332 290
505 92
766 852
826 697
1017 1074
469 470
879 755
826 813
165 417
677 245
498 409
710 955
332 471
801 65
1077 1210
710 142
1077 812
0 365
826 589
880 1260
278 36
498 212
1077 415
1077 397
332 635
766 1228
498 965
677 688
677 413
766 139
801 1095
0 46
213 425
505 211
826 860
165 786
505 129
766 770
278 808
1174 158
498 900
801 144
332 324
1077 276
278 2
826 1230
748 540
826 1111
766 911
879 764
748 1171
213 1294
505 260
1077 595
677 832
505 386
278 709
1077 320
677 1319
710 878
1174 679
826 300
278 883
880 466
801 60
1017 194
1174 581
332 692
0 982
879 874
332 718
498 737
748 591
766 435
748 1079
850 1021
278 771
879 300
677 910
766 372
469 854
0 82
801 821
1174 757
498 1137
505 185
801 1220
0 81
677 1008
213 1303
880 159
766 931
766 402
826 456
710 1230
879 235
850 975
879 1038
165 129
213 57
332 1121
498 807
879 335
1174 422
826 976
498 434
213 556
213 278
498 734
469 137
801 570
748 66
213 436
165 239
1174 630
748 94
1077 38
748 234
766 455
1077 497
710 182
677 1176
1077 1073
470 350
470 797
880 1123
498 493
332 1314
498 593
498 1063
748 1282
332 743
505 821
469 787
0 497
332 23
766 860
1017 4
1174 497
1077 960
278 241
213 187
748 899
710 1101
278 315
826 1318
213 1245
879 262
880 1081
0 810
498 1285
748 13
278 848
1017 1054
1077 104
0 113
213 1177
879 929
213 650
826 534
498 1074
879 1120
470 423
498 990
505 864
498 837
1017 684
505 216
850 252
165 945
278 873
498 80
213 1298
1017 1206
748 680
165 731
1174 722
879 70
278 536
469 536
165 459
880 655
677 44
505 797
498 855
850 1000
710 1055
879 853
710 854
879 229
880 224
278 943
1174 786
0 1105
213 347
1017 1244
1077 1177
332 1132
1077 795
1077 906
165 1113
1077 931
1017 1161
469 841
677 372
1077 992
1174 711
505 1033
498 1300
1077 1265
213 788
801 1227
850 364
0 1145
710 693
748 569
165 262
677 499
710 868
677 387
850 274
826 183
880 1075
710 1261
1017 86
766 390
850 1283
470 43
710 16
748 400
1077 543
826 613
332 20
850 994
505 415
677 217
213 1
766 15
880 564
0 1232
880 961
1077 372
470 937
469 1180
1017 204
1077 720
850 710
505 1182
826 795
748 585
1077 1112
748 141
1174 955
677 924
469 1098
1077 309
213 66
880 205
278 928
505 1069
677 384
278 1048
801 1276
1174 560
880 718
213 149
470 504
850 1150
470 274
826 952
498 784
1174 1213
213 324
165 1188
470 63
469 124
469 283
0 932
498 121
879 276
766 895
677 124
505 1136
1174 1246
1174 1015
850 170
677 661
826 877
1017 992
677 948
505 968
213 1266
1017 617
1017 137
498 608
505 35
213 264
1174 63
469 225
801 1232
879 950
470 968
879 1044
710 3
0 1137
1077 810
278 856
879 317
879 231
498 893
766 401
469 715
213 722
748 606
766 874
766 151
332 733
766 1277
469 306
766 993
469 783
826 529
710 32
826 178
826 483
1077 629
165 146
801 392
0 980
0 640
469 11
469 1255
850 445
710 241
505 1196
1174 31
748 1037
879 885
748 369
710 1089
1077 538
826 243
470 298
213 434
850 1064
470 634
880 1044
710 63
165 199
1017 933
748 12
498 1156
505 478
880 872
498 139
498 1019
826 973
470 241
278 871
469 13
826 127
165 1239
801 628
470 732
0 538
469 819
332 657
850 720
278 810
332 648
278 1113
213 833
278 685
801 52
801 974
826 920
213 1241
469 296
880 731
710 27
677 1112
470 33
880 1320
748 1090
710 491
165 567
278 1132
880 1242
1077 167
1077 521
498 702
332 865
1077 1006
1077 975
278 289
826 176
826 317
213 1118
710 38
332 496
801 448
332 376
213 334
710 1194
850 903
850 788
880 834
879 467
748 536
748 827
469 1054
710 1136
826 882
677 1254
766 1126
766 1097
850 164
505 1049
850 553
213 440
710 1207
766 1022
677 73
213 1110
1077 620
710 940
1077 677
1017 82
1017 680
470 516
766 978
880 65
1077 1296
505 1127
165 856
498 436
710 1243
332 306
710 442
879 709
801 374
505 387
879 860
278 59
850 1097
801 376
748 273
213 969
505 471
505 561
1174 1168
879 541
710 443
165 981
677 1083
710 75
165 974
850 76
332 210
278 935
710 296
505 1168
498 761
1077 907
826 309
0 37
826 820
505 1124
1174 784
469 178
165 527
748 470
826 769
213 827
801 650
826 461
213 880
766 514
0 303
1174 661
278 120
826 870
278 61
498 822
1077 980
505 1025
498 1308
748 1270
850 1072
469 1277
505 951
766 1025
165 550
470 970
332 1177
879 480
1077 948
879 306
1017 1285
748 948
710 263
710 1135
469 1154
213 913
0 23
332 1223
766 798
498 389
880 1282
801 56
1077 46
677 584
1077 1125
470 477
213 1210
470 490
710 814
469 1087
826 33
1174 357
0 1181
879 1061
710 381
332 1195
1077 885
0 417
505 291
1017 105
879 819
880 951
879 605
498 168
880 775
332 467
677 892
278 463
1174 522
1174 1164
801 313
677 797
213 175
470 1165
332 1079
213 924
826 849
498 266
469 604
766 1130
880 492
748 158
278 640
278 626
766 1149
801 1030
1017 1175
1017 612
766 948
1017 614
505 1257
498 1268
278 214
880 271
880 1270
880 659
880 1004
469 823
748 1250
278 172
1017 482
469 41
710 1043
826 87
165 1285
1077 930
710 977
879 212
213 1027
165 406
677 1029
748 363
332 1138
710 449
1077 339
880 384
1017 356
880 442
880 232
766 462
498 777
677 885
0 1204
469 205
278 166
766 481
677 543
748 919
710 1137
677 273
880 1231
826 404
1017 437
880 424
213 652
766 1091
710 1218
469 217
165 263
498 313
332 896
677 713
332 229
0 110
850 1230
505 586
826 705
826 517
801 933
879 312
880 1214
469 1080
748 1093
850 1091
677 548
165 906
1077 1174
850 1001
801 799
677 588
469 141
801 14
879 835
332 448
826 522
826 106
498 1227
1017 738
880 1160
710 1307
801 512
748 209
826 1050
677 286
1017 1185
826 549
470 66
710 535
278 563
1077 519
505 403
498 21
470 614
470 153
505 1287
505 233
1077 1206
710 356
1017 1039
469 975
0 230
880 638
766 1018
748 1305
0 45
710 178
213 155
165 294
278 1006
1077 851
470 1319
1174 303
801 162
470 892
801 1129
710 515
826 501
1077 498
710 151
1174 1026
710 155
469 567
801 321
0 925
766 717
470 583
470 112
880 617
677 1287
165 496
677 1051
470 1005
710 786
1017 274
748 583
1174 1275
1077 202
801 77
826 567
748 267
880 861
470 1207
470 497
213 928
470 741
826 96
748 933
213 274
879 471
213 163
1174 869
470 993
850 717
826 781
213 631
165 692
880 1259
1077 694
332 201
505 583
710 277
677 247
165 1135
880 179
880 86
710 270
498 703
677 277
748 955
278 347
748 1051
1077 692
278 1106
801 1217
470 48
677 587
1174 833
748 940
766 1065
879 125
748 195
470 370
850 1165
278 1261
801 1196
850 987
1017 265
677 1266
469 350
213 638
498 1125
879 749
213 116
826 60
498 158
850 861
1174 1286
826 63
278 1096
498 1171
1174 161
498 274
879 47
1077 581
710 123
332 837
278 1085
748 376
710 542
470 975
165 889
1077 145
278 202
879 18
850 299
879 301
1017 1113
850 267
505 442
165 673
677 353
677 506
165 844
505 1065
1174 1143
766 1223
710 342
1017 111
213 817
278 611
1174 586
766 668
1077 686
766 934
826 472
879 161
880 621
498 1056
826 1075
505 1237
677 136
879 1021
766 745
165 43
710 298
801 606
677 786
505 825
505 80
498 1009
801 1013
766 709
278 989
1174 1133
278 133
213 1223
677 203
1017 1304
880 1273
0 180
278 939
278 294
710 168
801 336
213 894
677 412
879 1202
469 337
332 362
165 1041
469 301
498 599
498 1284
748 1162
498 1085
213 337
165 194
826 1207
213 1183
278 1076
766 762
498 1108
826 789
498 1203
0 242
498 132
826 1199
766 1061
710 365
766 888
850 497
677 1242
1077 770
801 164
748 664
766 463
710 265
1017 1171
801 137
710 274
278 1170
748 101
826 1282
826 38
801 394
1174 109
880 970
826 884
710 1056
505 1018
470 1124
498 511
469 679
278 865
880 194
213 284
1077 1309
766 1028
469 360
469 48
278 1033
165 1098
0 261
278 602
165 400
1017 88
766 209
766 965
710 55
710 1267
850 182
1077 896
1017 95
826 667
213 560
880 1244
677 430
850 97
748 381
748 77
1017 584
0 1292
213 854
879 1115
748 702
710 1140
1077 1074
498 375
677 762
880 1070
710 247
470 59
850 1145
0 1161
498 66
1174 609
469 336
0 1010
826 1117
332 1071
278 842
880 1193
470 56
165 214
1017 420
165 1011
1174 814
278 148
879 757
165 446
766 955
469 967
766 135
748 245
165 848
1017 272
850 1042
332 1266
470 211
1077 822
0 1131
278 1175
278 1233
165 1206
826 729
826 289
1017 276
0 877
498 1023
880 1311
505 726
0 1316
498 461
801 891
1017 197
470 441
850 383
748 861
748 49
710 370
505 374
1174 144
710 761
850 486
677 796
826 1048
826 740
1174 1223
801 466
213 1067
677 735
710 1006
850 349
332 209
498 262
766 1308
880 19
213 877
710 906
505 822
469 255
469 1196
213 1259
766 1202
332 700
505 130
677 900
505 1129
1077 90
850 546
470 403
748 81
880 865
165 1034
1077 914
1174 73
505 1157
0 314
469 1172
766 999
826 1125
505 463
505 1099
880 432
0 1230
850 301
826 1018
850 586
213 1153
0 985
332 1229
1174 392
801 593
505 408
1077 500
879 151
469 82
1017 976
332 914
710 725
677 21
710 897
332 958
469 976
1077 737
801 499
710 76
710 1296
1077 977
165 269
766 1177
0 1117
880 851
766 1159
498 162
213 531
710 376
1174 133
469 885
1017 456
801 293
677 342
469 146
677 1295
677 634
213 316
677 206
826 947
1174 879
1017 1168
165 136
1077 84
0 586
766 1137
470 432
0 470
278 574
332 218
748 222
766 845
879 849
278 545
332 135
748 214
505 454
826 570
505 953
710 235
332 1181
213 300
278 407
880 64
0 926
801 176
332 47
710 433
332 1235
0 891
0 195
0 1126
505 164
469 758
710 641
710 798
505 931
710 282
165 959
710 506
801 1123
801 44
710 630
826 285
826 562
880 1096
850 1011
165 588
826 833
1077 739
213 507
879 90
1174 847
1017 63
826 339
1077 520
278 335
748 800
469 921
332 416
0 153
213 119
498 278
332 716
165 784
677 71
1077 505
748 120
1174 348
470 743
469 1159
766 349
278 17
0 60
1174 439
880 1038
278 457
748 1058
826 325
213 282
278 250
710 1139
677 1021
278 616
278 756
213 1301
710 790
801 1048
278 890
213 1010
498 1255
766 1320
1174 74
332 814
766 413
469 259
470 1071
801 211
505 984
748 1226
850 425
748 962
880 302
1174 657
850 1218
880 945
498 574
213 1002
278 639
748 690
677 557
469 1108
850 548
470 887
278 1181
505 1282
278 1073
213 1215
826 1020
710 1314
0 822
801 1055
469 830
1077 96
332 987
469 1289
748 1272
850 884
498 978
1077 1084
332 481
879 587
332 185
826 329
1077 601
748 47
766 1038
1077 1139
766 231
677 667
766 191
677 789
748 1101
498 635
801 41
0 838
1077 457
677 269
801 333
710 504
332 1146
880 329
165 1050
879 353
498 888
498 704
470 1108
278 1007
850 132
710 456
677 1279
165 813
332 415
710 555
801 895
826 996
505 239
505 383
165 822
880 1016
1017 581
0 17
880 519
213 618
470 122
505 776
498 403
278 1049
0 546
826 53
766 206
278 1218
880 616
1017 1053
470 971
278 4
1077 198
677 1219
710 1118
505 232
498 584
710 299
850 98
469 1017
498 542
677 207
505 981
1017 747
880 747
766 759
1077 808
677 63
710 503
165 1312
879 537
498 1003
880 521
1077 1038
710 627
748 249
470 1239
332 770
0 605
165 511
1174 1080
850 822
470 184
498 1059
0 821
801 909
748 600
879 281
1077 455
470 1230
748 633
879 1289
0 1120
1017 1080
880 111
278 578
748 678
766 949
880 1105
165 293
1174 442
677 150
332 1317
850 904
766 811
748 1064
505 1085
850 78
766 199
826 777
879 66
826 548
278 696
1077 460
498 1103
498 979
850 104
748 934
165 1304
748 485
213 783
0 400
801 410
710 1228
213 230
165 366
850 876
766 502
1077 332
470 535
332 748
469 1026
165 181
498 680
1017 232
469 258
165 1190
165 445
470 1098
748 196
748 88
880 728
470 306
879 490
0 794
469 1027
470 369
1174 9
278 318
879 1236
0 1033
766 549
332 534
1017 672
0 433
1017 1027
332 378
1077 749
0 1314
498 445
710 228
801 611
826 832
505 678
505 460
165 1137
850 161
470 1057
850 1271
880 96
850 702
0 440
332 915
1017 299
1174 1280
498 412
766 564
469 57
880 1113
850 564
332 866
801 827
880 854
677 814
505 202
1017 896
1174 610
1077 110
332 885
850 321
498 1152
826 708
748 988
850 264
850 1278
278 360
213 653
1077 438
469 9
505 996
278 768
1077 158
1017 857
332 139
801 935
766 866
505 1296
0 1057
879 1000
0 275
278 170
850 362
880 415
826 276
879 604
1174 1138
332 424
879 417
880 813
498 771
766 272
332 101
766 755
748 522
1077 839
748 643
332 1134
880 74
677 896
278 1154
880 379
801 1141
710 1021
0 298
165 1208
0 597
748 684
748 459
498 0
1077 446
470 1134
213 407
826 1051
850 863
332 192
1077 58
1017 607
278 1019
213 261
710 412
470 24
165 599
677 625
470 501
332 679
677 106
470 286
469 1292
0 954
766 354
880 910
0 193
879 803
498 964
332 1292
1017 362
470 575
766 181
0 213
879 1223
879 758
880 1163
469 1211
332 301
850 657
677 1230
165 736
165 671
879 988
469 559
1017 192
880 1082
1077 340
1174 46
0 805
505 884
165 629
505 432
766 1006
469 941
826 1270
1174 881
1174 42
469 81
332 688
850 1261
165 867
1017 155
278 955
801 112
332 96
470 1204
213 990
498 272
766 714
165 330
469 965
1017 1047
826 345
1077 142
470 208
0 602
0 1069
1077 336
469 1266
677 1004
469 949
748 1013
278 1307
710 886
766 315
0 1083
801 341
850 1180
766 797
1174 181
710 1222
213 1164
766 875
470 1271
470 110
1017 816
850 357
213 328
677 83
165 226
213 364
1077 291
505 1002
826 829
469 489
879 1078
826 115
165 39
332 1023
213 923
278 228
332 323
766 190
470 926
880 934
0 1265
469 672
498 190
766 1052
826 742
213 352
710 936
801 800
677 362
748 1002
801 942
213 1275
505 313
879 960
710 1237
748 93
826 116
470 193
880 163
826 206
470 424
165 192
470 312
1017 664
850 1033
850 1245
710 176
766 486
470 1248
1174 209
165 995
850 158
850 972
748 523
165 384
710 905
498 322
710 463
332 68
278 1018
332 696
498 924
498 1109
505 1258
470 1086
850 925
505 737
826 509
826 828
748 667
826 712
766 674
469 1058
505 853
879 1019
677 1040
766 945
710 1084
880 75
880 968
826 426
1017 1022
1174 238
748 736
748 302
766 1145
677 752
332 57
710 1031
1017 913
880 1150
505 14
879 344
278 372
801 1260
710 867
850 490
879 797
213 142
677 793
165 322
505 552
278 254
748 263
213 1121
213 469
801 583
801 545
710 1268
710 541
677 1023
748 1006
801 737
766 485
278 760
1077 1114
879 240
826 1132
498 20
880 308
677 224
801 5
332 975
850 544
880 518
801 350
470 294
498 742
470 980
1174 430
278 348
1174 509
748 895
677 463
879 293
470 39
498 208
278 409
677 1109
505 244
710 93
826 643
469 538
710 1057
826 1123
677 973
278 926
213 117
470 1141
213 369
498 1066
1174 748
801 28
505 194
470 721
801 560
213 30
213 581
165 1302
748 317
826 1297
505 261
850 319
748 388
1077 196
710 987
748 910
879 96
850 1201
1017 234
1077 43
880 343
1017 49
850 963
165 682
766 1246
677 242
469 1270
213 679
469 262
748 913
278 272
470 145
505 909
1174 574
766 385
826 1084
880 786
879 922
165 479
1017 1314
850 537
498 224
278 423
469 1226
505 924
0 13
165 72
213 1154
710 788
850 410
879 968
498 607
165 369
766 376
165 876
880 533
498 11
880 780
505 954
278 782
505 1193
505 630
1077 384
826 1178
213 485
1017 988
677 715
677 564
766 55
850 638
0 222
165 1132
801 253
332 142
826 1273
332 129
332 536
213 335
469 154
1174 292
165 452
879 1229
332 160
748 1032
677 542
880 993
505 738
278 730
1077 637
1017 573
213 1034
165 837
213 1076
710 907
470 870
677 327
1017 1141
801 20
850 993
213 394
1017 344
826 1290
710 697
766 236
1017 1269
826 338
1077 439
826 553
710 357
850 352
748 699
1174 465
1077 47
213 125
1174 199
1174 279
879 214
677 1259
826 237
505 64
1174 596
0 311
1077 1017
880 425
165 1315
213 111
0 1300
879 264
710 347
710 1053
498 910
165 163
850 1054
748 521
1174 1200
470 1193
1017 754
498 1132
470 1135
880 522
213 543
278 521
880 177
1077 233
880 808
0 651
710 66
801 584
469 848
165 604
165 978
879 350
165 639
677 1164
850 1251
332 836
748 1238
278 908
880 1093
332 474
880 676
826 443
470 803
498 720
748 1318
710 250
470 107
469 749
470 728
879 42
470 862
0 962
1077 493
880 1104
470 1173
498 122
1017 644
469 608
165 261
498 967
766 958
766 1093
1017 1216
505 27
710 635
498 977
0 829
278 1275
498 378
766 616
1077 673
213 898
850 860
165 182
0 1002
1017 167
880 378
766 603
879 298
213 665
1174 537
498 175
766 837
1077 180
748 352
0 761
0 623
505 1134
469 664
213 960
879 283
165 1116
748 1082
748 578
0 832
0 892
880 53
880 187
1017 625
748 1239
1077 297
165 602
498 691
826 1269
470 811
766 671
505 632
748 1011
165 1103
332 571
469 939
710 315
0 718
710 921
748 732
469 10
1077 824
766 724
165 850
469 1197
677 878
165 877
879 333
880 791
1174 219
879 1282
880 167
470 256
826 477
710 246
879 900
710 172
677 920
278 1035
0 54
165 1292
748 1143
165 1161
748 1096
1174 707
470 854
1174 25
1017 1232
801 736
498 393
1077 539
748 1309
1017 1233
498 678
748 673
1077 791
165 872
677 1142
748 484
748 901
278 557
880 1033
0 1199
748 1094
165 932
470 1151
470 561
498 25
1174 734
498 567
165 647
0 702
826 862
677 937
766 250
0 863
469 970
766 1193
469 831
826 857
469 789
165 1052
1017 917
470 1033
470 117
505 49
0 405
469 1010
766 1275
165 272
677 1232
766 830
766 132
332 59
766 205
766 1112
1077 921
470 11
748 778
505 961
0 323
1017 894
826 929
505 81
213 128
498 959
850 1159
165 973
1017 67
165 337
469 179
850 873
1017 715
879 136
748 917
498 72
332 1
748 279
677 716
1077 172
710 836
748 457
801 1135
0 782
1174 142
470 763
1077 1027
213 161
165 962
165 1110
165 4
1174 922
766 803
0 1286
0 1264
278 230
880 1182
469 459
505 106
1017 904
879 743
748 380
470 361
826 90
165 29
498 862
165 1150
710 153
1077 1079
469 730
801 210
1077 1302
879 783
165 1309
278 591
0 48
677 1013
880 332
766 1000
469 660
801 923
677 291
748 1279
879 754
165 843
879 719
677 438
766 784
213 707
766 346
880 137
505 1141
1174 964
165 419
1174 186
1077 451
766 800
748 177
165 50
1017 781
677 917
1077 288
470 533
801 783
880 355
850 176
880 556
826 696
850 907
880 1076
826 424
165 355
278 958
710 877
278 134
880 650
710 234
165 1205
677 227
748 935
748 69
470 1047
1174 107
766 1240
470 384
1077 330
1077 334
748 1014
278 20
880 270
332 887
766 118
1174 402
710 663
1174 1136
1017 24
498 4
470 776
213 598
332 239
1017 962
165 1235
1174 1234
748 753
1077 380
710 690
470 303
505 147
1017 1300
801 1203
748 742
498 352
826 146
332 13
278 215
165 543
469 1002
677 534
278 352
498 488
0 450
850 971
801 878
332 872
332 891
332 978
1077 891
0 537
710 532
505 257
470 547
1174 1083
498 556
801 92
748 779
1017 48
165 780
880 193
505 72
505 974
766 781
1017 919
469 223
1077 969
332 161
1174 584
498 78
332 697
1077 409
879 969
165 1118
801 185
165 488
826 83
165 319
880 1317
469 756
332 634
0 1182
1017 250
880 153
1174 1019
850 1215
801 53
766 1153
1017 943
278 1180
470 34
677 1243
880 438
213 126
801 884
505 523
879 22
826 508
801 498
1174 696
0 645
826 1058
470 723
1017 455
850 22
278 1271
826 734
880 291
880 1014
880 859
498 19
710 1265
505 190
748 893
1077 1149
1077 654
213 174
498 1144
826 582
1077 1180
505 595
0 437
748 908
278 679
880 94
1077 900
801 354
826 481
332 1119
1017 1115
470 801
1077 109
213 588
1017 714
1174 322
1077 503
766 1116
766 1186
278 354
469 309
748 685
470 788
469 717
766 1264
677 750
880 175
826 573
1017 1021
710 11
498 521
1077 237
1174 867
469 323
710 1266
278 1138
1077 1140
213 304
505 1175
826 1076
880 380
470 1275
710 144
165 1182
710 594
1077 1070
880 596
1017 271
766 287
213 105
332 1042
0 852
801 352
677 886
850 499
505 715
1077 574
470 202
766 769
332 63
1077 72
748 1292
880 825
469 1206
826 388
766 59
826 373
469 162
710 533
826 1205
469 394
332 1145
278 1043
332 176
880 891
677 145
850 180
498 571
498 145
826 212
1174 121
748 1267
826 951
710 972
710 444
470 1146
165 1108
710 12
879 626
505 944
879 362
505 978
278 22
879 607
1017 563
505 55
850 200
278 986
879 817
850 399
1077 331
469 390
0 308
505 87
469 250
748 308
748 918
1174 23
278 157
0 420
165 174
0 913
505 1267
0 342
826 399
165 259
880 511
470 172
826 240
748 65
766 379
880 478
469 184
826 1106
278 336
1017 112
801 882
710 421
165 1005
766 427
801 110
469 493
710 636
498 1297
677 1108
1077 246
505 43
165 52
498 1310
766 194
213 221
1174 3
505 1128
498 23
879 734
880 468
850 1309
766 174
165 1202
850 310
1077 8
748 813
1017 1152
1174 779
332 224
469 235
801 215
879 27
1077 945
677 944
470 1032
1017 1250
165 252
1174 286
1174 302
1017 121
880 133
213 1181
677 1225
826 361
880 595
165 964
278 988
766 577
677 614
710 638
850 332
1174 215
0 664
826 109
1017 366
879 568
1017 1049
710 772
677 1074
470 1276
826 719
278 415
165 233
469 692
470 609
850 1060
748 1139
505 1021
0 1114
801 776
826 689
1077 1239
850 742
766 1234
498 1124
710 107
505 747
470 1227
879 103
879 661
880 276
801 669
470 534
469 594
766 216
278 1120
470 398
1174 1196
677 810
826 808
332 310
278 324
0 951
748 1307
213 1244
766 222
470 310
469 839
165 377
850 444
165 1241
332 354
213 201
879 1170
801 378
880 95
332 1219
880 482
677 612
0 65
748 1098
505 1253
278 475
766 854
469 1133
278 1193
1017 484
165 860
165 5
1174 247
505 391
880 958
766 967
1174 983
677 161
213 453
0 479
1077 249
505 277
1077 299
801 828
213 286
801 713
1017 187
165 1073
1017 492
1077 7
165 311
677 12
677 769
498 287
332 296
826 617
766 121
165 1055
1017 934
766 537
677 437
1017 318
1017 438
710 327
332 14
213 824
1174 516
278 663
332 285
880 1152
826 878
165 213
332 840
165 987
278 568
1174 378
213 563
469 218
213 984
850 479
766 233
470 791
0 774
710 1319
498 472
469 1025
879 729
498 257
850 930
470 525
826 542
879 544
880 493
850 668
278 910
165 963
505 788
826 67
850 1302
826 287
1017 446
677 1309
826 197
