0 264
0 1246
0 154
0 125
0 927
0 758
0 619
0 854
0 52
0 1119
0 1106
0 823
0 878
0 615
0 1162
0 123
0 904
0 126
0 873
0 518
0 1049
0 1071
0 446
0 1283
0 278
0 687
0 455
0 1243
0 657
0 239
0 1296
0 978
0 1093
0 836
0 484
0 565
0 21
0 1115
0 1111
0 853
0 542
0 931
0 20
0 595
0 224
0 676
0 831
0 7
0 910
0 697
0 784
0 35
0 505
0 389
0 1277
0 302
0 464
0 71
0 1112
0 444
0 9
0 1203
0 545
0 138
0 133
0 678
0 712
0 22
0 406
0 837
0 332
0 795
0 639
0 1301
0 526
0 190
0 780
0 483
0 50
165 32
213 892
213 847
278 199
278 691
278 599
278 446
278 942
278 978
278 112
278 362
278 98
278 377
278 516
278 1243
278 854
278 980
278 451
278 302
278 454
278 619
278 154
278 501
278 761
278 1236
278 618
278 831
278 58
278 263
278 1098
278 1205
278 891
278 919
278 113
278 1104
278 542
278 74
278 1284
278 1153
278 1082
278 1222
278 836
278 43
278 190
278 576
278 1283
278 895
278 713
278 567
278 57
278 9
278 189
278 1116
278 138
278 622
278 0
278 235
278 638
278 208
278 196
278 340
278 867
278 369
278 408
332 208
332 188
332 815
332 509
332 183
332 737
332 890
332 261
332 1010
332 0
332 553
332 1261
332 1294
332 1058
332 599
332 535
332 140
332 15
332 1189
332 154
332 1249
332 190
332 31
332 164
332 1044
332 35
332 1228
332 43
332 373
332 972
332 533
332 179
332 49
332 760
332 636
332 937
332 857
332 870
332 730
332 1135
332 812
332 904
332 719
332 246
332 665
332 369
332 197
332 662
332 2
332 1163
332 4
332 928
332 359
332 1096
332 508
332 898
332 422
332 66
332 933
332 1082
332 768
332 702
332 847
332 1226
332 846
332 797
332 1285
332 262
332 1074
332 869
332 123
332 988
332 714
332 794
332 709
332 862
332 522
332 1225
332 894
332 1127
332 873
332 1299
332 196
332 398
332 1033
332 24
332 766
332 1056
332 1020
332 27
332 1122
332 1054
332 67
332 549
332 603
332 780
332 126
332 788
332 253
332 585
332 171
332 480
332 1111
332 1062
332 1282
332 1239
332 100
332 1015
332 593
332 1170
332 268
332 684
332 151
332 444
332 498
469 755
469 650
469 575
469 239
469 904
469 320
469 621
469 278
469 505
469 314
469 895
469 565
469 909
469 1264
469 1234
469 1208
469 720
469 564
469 359
469 641
469 711
469 1243
469 253
469 1111
469 574
469 1015
469 4
469 50
469 674
469 171
469 1033
469 99
469 788
469 834
469 879
469 27
470 1257
470 121
470 508
470 828
470 1218
470 557
470 766
470 495
470 1298
470 1067
470 227
470 311
470 549
470 281
470 116
470 1220
470 897
470 540
470 374
470 493
470 1015
470 389
470 686
470 478
470 156
470 315
470 1285
470 747
498 438
498 325
498 320
498 611
498 1114
498 553
505 1089
677 92
677 337
677 883
677 27
677 873
677 1
677 820
677 62
677 1037
677 836
677 1291
677 871
677 935
677 674
677 1248
677 359
677 697
677 782
677 870
677 1294
677 52
677 633
677 599
677 138
677 919
677 691
677 154
677 1111
677 780
677 336
677 1189
677 126
677 1220
677 656
677 1239
677 508
677 1299
677 1030
677 339
677 636
677 283
677 57
677 1118
677 1054
677 85
677 702
677 980
677 504
677 1036
677 1015
677 515
677 97
677 665
677 1185
677 9
710 1291
710 337
710 1277
748 320
766 208
766 1213
766 1010
766 1260
766 282
766 571
766 790
801 733
801 235
801 956
801 519
801 1005
801 38
801 1159
801 501
801 51
801 528
801 1248
801 1201
801 320
801 714
801 1098
801 1114
801 64
801 788
801 47
801 1062
801 1015
801 1016
801 91
801 1024
801 770
801 968
801 845
801 613
801 1124
801 755
801 989
801 544
801 339
801 1243
801 82
801 892
801 1219
801 1289
801 93
801 415
801 248
801 995
801 793
801 927
801 673
801 1107
801 1187
801 277
801 1041
801 490
801 329
801 722
801 444
801 387
801 1051
801 812
801 1043
801 1293
801 325
801 1216
801 1002
801 589
801 153
801 1318
801 1000
801 1229
801 919
801 27
801 131
801 1316
801 36
801 1142
801 883
801 1151
801 316
801 86
801 837
801 128
801 575
801 273
801 877
801 1032
801 1179
801 520
801 168
801 163
801 748
801 119
801 30
801 58
801 526
801 1040
801 213
801 437
801 54
801 954
801 1297
801 609
801 478
801 317
801 703
801 229
801 1079
801 572
801 353
801 221
801 610
801 34
826 1037
879 1188
879 687
879 535
879 1316
879 290
879 1225
879 793
879 826
879 1249
879 1196
879 870
879 196
879 833
879 249
879 442
879 920
879 280
879 831
879 1099
879 795
879 854
879 432
879 1290
879 1010
879 1066
879 374
879 597
879 980
879 456
879 641
879 1125
879 633
879 564
879 549
879 707
879 62
879 6
879 1121
879 699
879 320
879 1242
879 82
879 1137
879 451
879 1033
879 746
879 462
879 253
879 322
879 505
879 871
879 812
879 181
879 656
879 895
879 100
879 863
879 862
879 92
879 395
879 618
879 1096
879 474
879 955
879 798
879 1258
879 444
880 714
880 315
1017 476
1017 368
1017 1145
1017 551
1017 395
1017 1037
1017 746
1017 791
1017 545
1017 1154
1017 283
1017 641
1017 790
1017 564
1017 1142
1017 829
1017 449
1017 1150
1017 1260
1017 798
1017 871
1017 469
1017 870
1017 138
1017 451
1017 1245
1017 165
1017 1121
1017 343
1017 554
1017 337
1017 1242
1017 130
1017 656
1017 788
1017 1111
1017 424
1017 280
1017 92
1017 719
1017 72
1017 1234
1017 1243
1017 772
1017 1264
1017 665
1017 365
1017 793
1017 1258
1017 890
1017 600
1017 151
1017 685
1017 196
1017 950
1017 26
1017 505
1017 263
1017 846
1017 1225
1017 831
1017 955
1017 711
1017 910
1017 967
1017 663
1077 697
1077 1220
1077 820
1174 62
1174 602
1174 714
1174 1313
1174 314
1174 169
1174 941
1174 508
1174 877
1174 55
1174 346
1174 553
1174 859
1174 204
1174 583
1174 1038
1174 397
1174 195
1174 778
1174 284
1174 619
1174 7
1174 538
1174 437
1174 60
1174 325
1174 349
1174 822
1174 66
1174 728
1174 1135
1174 27
1174 813
1174 287
1174 1159
1174 387
1174 611
1174 160
1174 1114
1174 1187
1174 478
1174 149
1174 415
1174 364
1174 1293
1174 306
1174 639
1174 1106
1174 1109
1174 276
1174 1016
1174 1307
1174 1093
1174 1316
1174 1007
1174 1173
1174 838
1174 1040
1174 984
1174 703
1174 24
1174 1277
1174 485
1174 513
1174 196
1174 733
1174 490
