2 360
2 355
2 1080
2 781
2 828
2 245
2 557
5 357
5 749
5 439
5 548
5 82
5 35
5 112
5 223
5 289
5 1088
5 355
5 631
5 556
5 292
5 611
6 410
7 410
7 88
7 426
8 483
9 732
10 1050
12 171
12 416
12 1112
12 574
12 711
12 785
12 299
12 665
12 262
12 528
12 848
12 356
12 240
12 846
12 93
12 1108
12 463
12 754
12 749
12 567
13 361
13 1092
13 110
13 781
15 909
15 549
15 706
15 1106
16 42
16 1075
19 88
19 1092
19 297
19 703
19 384
19 510
19 695
19 173
19 794
19 872
19 172
20 461
20 44
20 939
20 543
20 995
21 141
21 426
21 605
22 191
25 965
25 432
25 1031
25 630
25 1009
25 279
28 541
28 465
28 389
28 817
28 978
28 889
28 297
28 847
28 329
31 628
31 35
31 281
31 634
35 1114
35 841
37 416
40 872
40 1092
40 1028
40 91
40 695
40 173
40 1069
40 436
40 510
48 463
48 91
48 781
48 309
49 841
49 409
49 243
50 483
50 1115
50 1109
50 313
50 996
50 785
58 1092
58 828
58 846
58 348
59 732
59 504
59 200
59 150
59 423
59 412
59 694
59 228
59 91
59 975
59 1024
59 897
59 663
59 1033
59 441
59 653
59 144
59 420
59 415
59 417
59 1038
59 88
59 1115
59 1107
59 673
59 90
59 650
59 990
59 841
59 74
59 1034
59 828
59 277
59 932
59 781
59 403
59 872
59 1092
59 1036
59 610
59 426
59 625
59 602
59 428
59 439
59 889
59 497
61 448
61 817
61 112
61 761
61 1006
61 753
63 585
70 965
70 899
70 811
70 552
70 728
70 780
70 730
70 785
70 627
70 279
70 231
70 684
71 703
72 732
74 883
74 776
74 65
74 628
74 422
74 290
74 1052
74 141
74 450
74 294
74 505
74 511
74 110
74 534
74 12
74 661
74 29
74 958
74 461
74 1085
74 937
74 852
74 352
74 939
74 635
74 698
74 695
74 44
74 846
74 602
74 455
74 1082
74 621
74 683
74 47
74 769
74 205
74 987
74 560
74 225
74 509
74 185
74 442
74 490
74 334
74 975
74 732
74 246
74 673
74 1028
74 773
74 374
74 543
74 1111
74 931
74 659
74 926
74 19
74 480
74 753
74 670
74 847
74 102
74 1095
75 105
75 42
75 806
79 881
80 509
80 675
80 504
80 574
80 1090
80 434
80 670
80 1070
80 163
80 835
80 450
80 1021
80 1009
80 554
80 722
80 482
80 161
80 111
80 85
80 68
80 88
80 382
80 998
80 1106
80 774
80 1098
80 109
80 303
80 1027
80 264
80 1117
80 961
80 1086
80 59
80 727
80 215
80 744
80 408
80 158
80 64
80 401
80 558
81 224
81 828
81 409
81 1030
81 681
81 198
81 629
81 607
81 1092
82 23
82 1006
82 673
82 687
82 586
82 1085
82 859
82 330
82 421
82 506
82 71
82 704
82 1081
82 957
82 72
82 561
82 605
82 862
82 434
82 1070
82 1038
83 558
89 1052
89 1092
89 417
89 463
91 909
91 858
91 512
91 355
91 872
91 1069
91 131
91 122
91 267
91 30
91 514
91 703
91 106
91 471
91 498
91 1082
91 441
91 695
91 1092
91 173
91 513
91 894
91 40
91 141
91 463
91 59
91 734
91 48
91 668
91 1109
95 1092
95 510
95 40
95 173
99 21
99 143
99 150
99 250
99 1106
99 990
99 141
99 431
100 730
100 728
100 965
100 278
100 25
100 231
100 899
100 177
100 70
100 337
100 275
100 944
100 811
100 780
100 1009
100 445
100 729
100 432
102 546
102 74
102 1106
102 560
102 82
102 1000
104 621
104 730
104 419
104 102
104 81
104 409
104 331
104 793
104 634
104 511
104 810
104 110
104 128
105 546
105 700
105 200
105 28
105 1024
105 206
106 800
106 412
106 71
106 42
106 113
106 282
106 246
106 593
106 629
106 356
106 495
106 508
106 814
106 33
106 736
106 91
106 678
106 1102
106 432
106 765
106 582
106 826
106 732
106 778
106 717
109 684
109 785
109 698
110 498
110 417
110 278
110 1050
112 61
112 450
112 483
112 423
112 682
112 441
112 12
119 594
120 1092
121 2
121 222
121 289
121 88
121 691
121 21
121 490
121 1080
124 706
126 146
136 889
141 173
141 737
141 88
141 591
143 1012
144 297
144 420
144 1033
144 284
144 282
144 932
144 617
144 412
144 847
144 59
144 504
144 599
144 426
146 446
146 223
146 126
146 496
147 1092
148 412
148 483
148 1092
149 82
150 250
150 1033
150 59
150 610
150 599
150 144
150 605
150 932
150 849
150 558
150 617
150 428
150 889
150 847
150 395
150 504
151 1006
151 515
151 736
151 946
151 384
151 1085
151 675
151 774
151 479
151 922
151 1023
151 286
151 678
151 792
151 371
151 270
151 665
151 995
151 563
151 106
151 300
151 1072
151 673
151 1118
151 15
151 55
151 1044
151 236
151 450
151 936
151 149
151 180
151 600
151 42
151 446
151 578
151 871
151 836
151 858
151 408
151 491
151 760
153 455
153 1050
153 250
153 1078
153 1106
153 917
153 483
159 1092
159 781
160 602
161 657
161 80
161 670
163 262
171 976
172 112
172 846
172 384
173 998
173 95
173 297
173 703
173 384
173 828
173 463
173 872
173 510
173 40
173 1052
173 436
177 278
177 899
177 309
177 780
177 781
177 231
177 70
177 811
177 100
177 627
177 552
177 730
177 279
177 965
178 356
179 951
182 261
183 261
185 1109
188 74
188 409
189 426
189 240
190 309
191 577
191 788
191 107
191 817
191 646
191 357
191 218
191 902
191 484
191 187
191 557
191 309
191 927
197 817
197 753
198 567
198 840
198 260
198 448
198 607
198 426
198 828
198 409
198 486
200 266
200 206
200 105
200 297
204 61
206 714
206 172
206 909
206 579
206 150
206 946
206 200
206 16
206 148
206 894
206 91
215 141
215 926
215 250
216 193
217 895
218 435
218 703
218 921
218 927
218 641
218 107
218 546
218 817
218 357
218 484
218 682
218 557
222 949
222 97
222 456
222 852
222 856
222 860
222 650
222 225
222 490
222 874
222 634
222 817
222 965
222 397
222 681
222 496
222 788
222 629
222 231
222 562
222 710
222 604
222 384
222 735
222 372
222 1080
222 666
222 838
222 81
222 232
222 339
222 103
222 632
222 383
222 416
222 113
222 1076
222 774
222 910
222 241
222 722
222 440
222 945
222 213
222 370
222 1117
222 557
222 819
222 649
222 894
222 488
222 479
222 691
222 441
222 484
222 601
222 290
222 20
222 485
222 683
222 132
222 125
222 813
222 155
222 872
222 69
222 174
222 278
222 925
222 622
222 265
222 776
222 1099
222 679
222 352
222 752
222 42
222 992
222 543
222 289
222 704
222 276
222 1113
222 943
222 135
222 208
222 448
222 353
222 254
222 841
222 0
222 758
222 954
222 137
222 836
222 678
222 82
222 740
222 12
222 314
222 901
222 233
223 146
227 535
231 309
231 70
231 190
231 445
231 705
231 177
231 627
239 210
240 483
240 12
243 876
243 602
243 297
243 181
244 732
244 88
244 461
244 72
246 753
246 495
246 957
246 582
246 704
246 900
249 554
249 455
249 419
249 266
250 917
250 150
250 625
250 384
250 958
250 428
250 1106
250 1078
250 1033
250 455
250 141
250 91
250 515
250 1113
250 412
250 983
250 897
250 1036
250 605
250 88
250 395
250 601
250 99
250 945
253 1094
254 231
260 30
260 629
260 198
260 840
260 423
260 448
260 828
261 467
261 182
261 785
261 564
261 971
262 299
262 141
262 283
262 841
262 694
262 389
262 978
264 1030
264 355
264 634
264 536
264 861
264 872
264 42
264 105
264 1069
264 962
264 115
264 748
264 497
264 1118
264 1025
264 618
264 673
264 623
264 324
264 822
264 431
264 853
264 532
264 1106
264 1112
264 935
264 515
264 443
264 303
264 1048
264 1050
266 998
266 297
266 431
266 643
266 200
266 59
271 1103
275 279
275 993
275 627
275 91
277 441
278 498
278 736
278 337
278 177
278 1050
278 781
278 110
278 100
278 791
278 729
279 791
279 730
279 574
279 993
279 25
279 843
279 275
279 1031
279 728
279 432
279 343
279 456
282 610
282 858
282 625
282 428
282 395
282 144
282 932
282 150
282 420
282 284
282 1033
282 99
282 297
282 974
282 889
282 12
283 945
283 340
283 262
289 543
289 661
289 998
289 222
289 656
289 479
289 403
289 579
289 669
289 681
289 703
289 434
289 21
297 849
297 91
297 28
297 431
297 1033
297 423
297 243
297 1085
297 817
297 546
297 617
297 897
297 144
297 1113
297 463
297 19
297 695
297 978
297 497
297 441
297 858
297 1050
297 541
297 998
297 781
297 59
297 389
297 428
297 872
297 841
297 395
297 828
297 625
297 703
297 282
297 699
297 284
299 978
299 817
299 889
299 262
300 90
307 1050
309 897
309 231
309 191
309 439
309 187
309 842
309 650
311 1092
316 537
316 12
316 828
317 1092
318 50
323 550
323 781
324 1050
327 151
329 28
329 1050
329 541
329 297
329 889
334 909
335 491
335 238
335 828
335 267
335 901
335 1094
335 887
335 331
335 99
335 966
335 767
335 240
335 371
335 666
335 570
335 349
335 434
335 71
335 691
337 231
337 944
337 899
337 965
337 177
337 627
337 70
337 780
337 730
337 445
337 552
339 1082
339 732
339 426
339 990
340 1078
340 455
340 781
340 153
340 917
340 634
340 828
342 760
343 498
343 650
343 456
345 109
352 645
356 828
356 590
356 12
356 1092
356 173
356 535
361 541
361 1050
363 546
368 781
368 694
370 634
371 414
372 554
372 753
372 222
372 498
372 74
372 1106
373 781
373 652
373 828
376 602
376 112
376 1085
376 939
376 1092
376 653
376 1106
377 215
377 91
377 511
377 933
377 285
377 706
377 72
377 19
377 39
377 469
377 41
377 988
377 426
377 1099
377 393
377 1045
377 868
377 594
377 88
377 770
377 921
377 449
377 1106
377 929
377 506
379 1092
382 817
382 1092
382 703
382 841
383 1092
384 40
384 59
384 495
384 650
384 91
384 1028
384 1069
384 151
384 695
384 661
384 172
384 781
384 753
384 585
384 417
384 831
384 673
384 510
384 463
384 703
384 436
384 732
384 634
384 19
384 222
388 561
389 847
389 694
389 28
389 299
389 1050
389 889
389 262
392 1050
393 146
393 496
397 949
397 781
397 222
398 1092
401 644
401 1106
401 842
401 785
401 15
401 507
401 365
401 112
401 544
401 1036
401 965
401 257
401 710
401 196
401 1006
401 830
401 426
401 741
401 251
401 531
401 844
401 634
401 1114
401 945
401 990
401 1108
401 368
401 852
401 21
401 97
401 1000
401 301
401 213
401 865
401 216
403 150
403 112
403 192
403 151
403 891
403 1064
403 483
403 865
403 703
403 592
403 900
403 450
403 1046
403 173
403 1106
403 250
403 339
403 875
403 1067
403 303
403 871
403 90
403 264
403 490
403 444
403 281
403 479
403 878
403 1080
403 691
403 367
403 602
403 831
403 155
403 827
403 74
403 222
403 559
403 88
403 426
403 410
403 629
403 168
403 1038
403 35
407 1092
408 781
409 828
409 448
409 81
409 260
409 629
410 1106
410 882
410 595
410 996
410 1078
410 623
410 824
410 917
410 706
410 250
410 1038
410 483
410 7
411 1092
414 620
415 59
415 546
415 732
415 439
415 865
415 700
415 191
415 535
415 902
415 817
415 297
415 841
416 12
416 37
417 734
417 585
417 665
417 297
417 89
417 889
417 847
417 828
417 932
417 650
417 699
417 1092
417 774
417 463
417 441
421 483
421 594
423 682
423 515
423 59
423 824
423 817
423 297
425 792
425 746
425 505
425 6
425 13
425 203
425 1067
425 665
425 1028
425 858
425 506
425 166
425 815
425 592
425 88
425 502
425 1101
425 556
425 933
426 602
426 990
426 846
426 732
426 912
426 1109
426 21
426 61
426 465
426 189
426 479
426 1101
426 1028
426 483
426 559
426 838
426 817
426 484
426 601
426 339
426 74
431 546
431 1092
431 871
431 222
431 590
431 21
431 297
431 141
431 1110
431 1069
431 1017
431 99
432 445
432 279
432 25
432 627
434 289
435 187
435 191
435 88
435 107
435 415
435 927
435 841
435 902
435 181
435 788
435 577
435 682
436 40
436 91
436 858
436 88
441 277
441 998
441 599
441 824
441 59
441 112
441 975
441 732
441 703
441 781
441 872
441 384
441 417
441 940
441 1115
442 1022
442 88
443 778
443 1008
443 339
443 1043
443 821
443 746
443 570
443 382
443 1055
443 416
443 72
443 1091
443 1118
443 296
443 608
443 739
443 640
443 704
443 119
443 75
443 71
443 605
443 222
443 116
443 901
443 554
443 969
443 286
443 35
443 574
443 470
443 1111
443 1090
443 491
443 686
443 106
443 289
443 1099
443 872
443 1009
443 577
443 114
443 1097
443 731
443 897
443 1086
443 972
443 929
443 18
443 572
443 755
443 900
443 385
443 852
443 596
443 208
443 765
443 318
443 549
443 270
443 792
443 446
443 1106
443 517
443 212
443 689
443 23
444 841
445 337
445 432
445 25
445 278
445 944
445 899
445 100
445 1009
445 780
445 552
445 231
445 729
445 785
445 627
445 70
445 574
446 146
446 1098
446 496
448 423
448 828
448 250
448 840
448 81
448 515
448 629
448 198
448 409
449 785
449 730
449 728
449 732
450 859
450 504
450 403
450 315
450 810
450 1094
450 446
450 691
450 900
450 81
450 732
450 489
450 461
450 426
450 1064
450 389
450 622
450 267
450 635
450 633
450 88
450 712
450 39
450 64
450 508
450 708
450 975
450 1036
450 773
450 793
450 77
450 222
450 769
450 379
450 1111
450 792
450 91
450 477
450 847
450 875
450 8
450 733
450 534
450 656
450 442
450 736
452 732
452 535
454 289
454 1092
454 490
455 909
457 77
461 1115
463 148
463 554
463 384
463 889
463 59
463 779
463 1092
463 629
463 695
463 173
463 717
463 828
463 847
463 858
463 91
463 703
463 131
463 1050
467 602
470 932
470 59
471 417
471 91
471 703
471 828
471 568
471 1050
479 42
479 579
479 733
479 252
479 151
479 1011
479 454
479 455
479 1113
482 873
483 410
483 706
483 629
483 634
483 1024
483 722
483 558
483 996
483 8
483 1113
483 785
483 828
483 623
483 455
483 567
483 421
483 6
483 58
483 426
483 112
483 1106
483 50
483 917
483 781
485 642
485 1115
485 817
485 439
486 856
486 426
486 874
486 764
486 690
486 421
486 407
486 610
486 534
486 223
486 138
486 765
486 921
486 594
486 198
486 215
486 402
486 691
486 39
486 475
486 988
486 546
486 164
486 681
486 871
486 364
486 644
489 846
489 484
489 640
490 734
490 319
490 426
490 454
490 546
490 121
490 1092
490 74
490 543
490 896
490 669
490 753
490 1106
490 681
490 656
490 576
490 91
490 479
491 698
494 439
495 150
495 929
495 543
495 106
495 465
496 126
496 446
496 146
496 1015
497 150
497 889
497 89
497 543
497 858
497 59
497 599
497 463
497 847
497 610
498 889
498 456
498 279
498 650
498 643
498 372
498 781
498 729
498 243
498 188
498 1090
498 110
498 278
498 847
498 343
504 781
504 889
504 59
504 282
504 102
504 150
504 599
504 297
504 847
505 425
505 1101
505 556
506 112
506 1115
506 143
507 909
510 384
510 998
510 61
510 19
510 463
510 95
510 781
511 957
514 642
514 610
514 645
514 367
514 91
514 1069
515 483
515 260
515 706
515 423
515 1106
520 85
520 74
520 870
520 155
520 22
520 875
520 1021
522 79
523 423
526 439
526 12
526 1081
528 12
532 455
532 44
535 222
535 660
535 309
535 703
535 699
535 629
537 1108
538 703
539 699
544 1092
548 788
548 577
548 557
549 514
549 91
549 706
549 982
549 933
550 828
550 498
550 781
552 780
552 337
552 177
552 627
552 100
552 445
556 1101
556 842
556 929
556 761
556 1100
556 13
556 912
556 815
556 858
556 1001
556 349
556 6
556 502
556 875
556 1067
556 933
556 765
556 1028
556 690
556 675
556 311
556 864
558 239
558 74
558 83
558 251
558 44
558 645
564 566
564 261
567 483
567 12
567 546
567 154
567 378
567 403
567 261
567 809
567 1106
568 471
569 1050
574 1063
574 445
574 728
574 279
574 627
574 730
574 100
574 791
574 843
579 1114
579 490
579 1115
579 805
579 77
581 732
585 417
585 878
585 629
590 356
591 141
591 661
591 991
591 99
593 703
595 410
595 781
595 357
595 699
599 441
599 282
599 932
599 504
599 150
599 297
599 59
599 144
599 858
599 617
601 746
601 21
601 940
601 58
601 846
601 2
602 642
602 1106
602 703
602 403
602 846
602 88
602 201
602 479
602 926
602 242
602 955
602 732
602 631
602 594
602 288
602 467
602 896
602 495
602 222
602 543
602 490
602 969
602 628
602 880
602 761
602 864
602 929
602 508
602 1113
602 901
602 844
602 93
602 567
604 722
605 1017
605 141
605 1106
605 431
605 990
605 21
605 1110
606 511
606 42
606 929
607 260
607 629
607 81
607 534
607 88
607 1092
607 409
608 653
610 486
610 250
610 412
610 420
610 514
610 284
610 1100
610 428
610 352
610 282
610 150
610 599
610 30
610 625
610 395
610 617
610 932
610 858
613 684
615 342
617 504
617 824
617 599
617 297
617 932
617 497
617 150
617 889
620 414
621 781
623 483
623 410
627 899
627 993
627 552
627 1031
627 791
627 630
627 445
627 70
627 728
627 279
627 785
627 780
627 498
627 177
627 278
627 231
627 811
627 275
629 535
629 448
629 585
629 717
629 260
629 1092
629 703
629 858
629 840
629 607
629 463
629 781
630 100
630 1009
630 279
630 25
634 590
634 535
634 153
634 469
634 683
634 474
634 595
634 698
634 1088
634 695
634 340
634 1046
634 265
634 85
634 408
634 47
634 497
634 744
634 854
634 735
634 31
634 411
634 173
634 68
634 1111
634 402
634 155
634 1103
634 966
634 608
634 573
634 815
634 673
634 936
634 513
634 776
634 531
634 658
634 712
634 856
634 21
634 922
634 81
634 97
634 878
634 384
634 141
634 421
634 890
634 277
634 652
634 112
634 646
634 459
634 609
634 1047
634 93
634 874
634 703
634 534
634 339
634 455
634 295
634 656
634 1035
634 1087
634 800
634 415
634 8
634 945
634 770
634 975
641 357
641 921
641 902
641 557
641 107
641 218
641 439
641 841
641 788
641 484
641 415
641 309
642 959
642 16
642 695
642 201
643 554
643 1115
643 59
643 700
643 74
643 222
643 266
643 753
644 833
644 841
644 546
645 558
645 625
645 514
645 1100
645 395
645 428
645 420
646 435
646 191
646 788
646 187
646 577
646 557
646 484
646 250
646 181
650 498
650 1090
650 384
650 297
650 703
650 574
650 343
650 694
650 19
652 1006
653 817
653 15
653 376
655 776
656 558
656 1115
657 161
661 822
661 704
661 1106
661 289
661 770
661 558
661 1063
661 1115
661 105
661 262
661 490
665 828
665 12
665 74
665 704
665 109
665 703
665 937
665 261
665 781
666 1080
668 91
669 289
669 1004
669 222
669 1115
669 1080
669 670
669 2
669 889
669 490
669 872
669 88
670 72
670 657
670 594
670 161
670 699
670 803
670 546
673 384
673 82
673 59
673 250
673 88
673 74
673 653
673 896
673 1006
679 28
681 558
681 193
681 698
681 367
682 218
682 557
682 646
682 902
682 641
684 70
684 714
684 613
685 1063
685 965
690 825
690 769
690 877
690 1115
690 944
690 292
690 1008
694 299
694 389
694 703
694 847
694 650
694 155
694 262
695 95
695 19
695 781
695 297
695 998
695 642
695 384
695 1092
695 74
695 872
698 109
698 491
698 998
698 721
699 670
699 1080
699 703
699 896
699 297
699 748
699 535
700 817
700 415
700 643
700 105
700 88
700 753
703 364
703 105
703 267
703 188
703 699
703 1050
703 454
703 557
703 847
703 108
703 1114
703 535
703 48
703 1101
703 889
703 100
703 707
703 538
703 357
703 784
703 513
703 717
703 779
703 498
703 297
703 218
703 403
703 187
703 650
703 19
703 382
703 629
703 471
703 858
703 961
703 356
703 734
703 1024
703 89
704 246
704 691
704 841
704 88
704 1095
704 455
704 222
705 231
705 416
706 256
706 549
706 1106
706 410
706 61
706 250
706 732
706 683
706 124
706 962
706 546
706 865
706 141
706 782
706 455
706 901
706 42
706 0
710 852
710 318
710 434
710 792
710 753
710 935
710 364
710 371
710 275
710 933
711 12
717 1052
717 734
717 463
722 8
722 457
722 727
722 80
722 148
722 483
722 222
727 303
727 854
727 1027
727 163
727 574
727 1106
727 81
727 450
727 672
727 638
727 957
727 222
727 835
727 547
727 1098
727 109
727 229
727 68
727 71
727 1070
727 6
727 571
728 843
728 574
728 730
728 177
728 552
728 780
728 279
728 811
728 70
728 337
728 100
729 627
729 100
729 1050
729 107
729 445
729 177
729 188
729 791
729 498
729 278
729 781
729 370
730 574
730 278
730 449
730 728
730 729
730 785
730 843
730 445
730 70
730 552
730 791
732 567
732 955
732 907
732 339
732 42
732 77
732 401
732 510
732 546
732 811
732 403
732 1099
732 992
732 377
732 690
732 246
732 777
732 252
732 563
732 586
732 742
732 543
732 450
732 426
732 435
732 132
732 21
732 505
732 480
732 819
732 1064
732 44
732 793
732 1113
732 1034
732 112
732 706
732 722
732 803
732 969
732 990
732 1082
732 331
732 531
732 29
732 141
732 230
732 794
732 991
732 865
732 303
732 101
732 874
732 739
732 439
732 704
732 234
732 1040
732 889
732 1101
732 743
732 643
732 769
732 774
732 350
732 72
732 872
732 165
732 679
732 415
732 703
732 345
732 200
732 939
732 1106
733 722
733 1092
736 278
737 173
737 1017
740 1092
742 732
742 16
742 439
743 728
743 449
743 730
744 12
746 753
751 1015
753 643
753 495
753 30
753 1106
753 926
753 465
753 878
753 1087
753 222
753 927
753 42
753 74
753 1024
753 1080
753 246
753 498
753 890
753 37
753 896
753 586
753 372
753 909
753 1101
753 629
754 12
759 1069
760 1115
761 1092
761 61
761 901
761 124
764 33
764 302
764 1017
764 402
764 519
764 227
764 278
764 480
764 776
764 853
764 673
764 732
764 335
764 346
764 82
764 368
765 131
769 629
769 927
769 842
769 670
769 550
769 797
769 465
769 402
769 632
769 561
769 1113
769 221
769 669
769 401
769 329
769 856
769 859
770 42
773 1092
773 828
773 841
774 382
774 417
774 322
774 483
774 193
780 728
780 70
780 791
780 12
780 730
780 177
780 337
781 409
781 621
781 471
781 159
781 620
781 927
781 339
781 1064
781 297
781 108
781 200
781 803
781 479
781 925
781 234
781 1103
781 889
781 629
781 828
781 183
781 264
781 155
781 278
781 699
781 547
781 2
781 1022
781 186
781 13
781 779
781 752
781 809
781 58
781 451
781 733
781 96
781 1047
781 398
781 116
781 498
781 665
781 1053
781 595
781 357
781 463
781 323
781 383
781 1006
781 40
781 505
781 552
781 909
781 949
781 643
781 896
781 62
781 48
781 565
781 177
781 735
781 630
781 669
781 481
781 50
781 659
781 710
781 550
781 1034
781 863
781 703
781 857
781 399
781 199
781 97
781 223
781 148
781 488
781 917
781 483
781 858
781 1050
781 203
781 1078
782 42
785 70
785 552
785 445
785 728
785 177
785 780
785 627
785 791
785 100
785 12
790 921
791 811
791 574
791 729
791 279
791 337
791 728
791 627
791 743
791 445
791 552
791 780
792 717
792 246
792 61
792 1109
792 617
792 996
792 644
792 434
792 19
792 841
792 109
792 173
792 177
792 593
792 510
792 1011
792 1088
792 582
792 339
792 311
792 208
793 823
794 19
803 926
803 444
803 563
803 1082
803 295
803 698
805 579
806 222
806 769
806 1010
806 604
806 457
806 732
811 188
811 736
811 70
811 729
811 728
811 627
811 337
811 110
811 1050
811 100
815 995
815 151
815 44
817 439
817 297
817 465
817 435
817 329
817 1050
817 423
817 591
817 889
817 978
817 262
817 28
817 703
817 541
817 299
817 222
817 426
817 673
817 191
817 732
817 16
817 389
817 557
817 59
819 792
819 1035
821 1009
821 643
821 1092
821 1046
821 457
821 234
821 365
821 193
821 94
821 621
821 105
821 443
824 483
824 599
824 423
824 617
824 59
828 54
828 42
828 177
828 277
828 781
828 5
828 192
828 402
828 1101
828 531
828 889
828 417
828 415
828 299
828 569
828 1074
828 126
828 734
828 136
828 815
828 135
828 67
828 776
828 729
828 917
828 374
828 233
828 665
828 872
828 996
828 805
828 316
828 114
828 1083
828 835
828 190
828 854
828 145
828 691
828 982
828 179
828 137
828 28
828 85
828 224
828 184
828 773
828 1043
828 514
828 1039
828 631
828 448
828 1016
828 196
828 59
828 382
828 1046
828 658
828 988
828 185
828 671
828 356
828 971
828 693
828 383
828 682
828 909
828 975
828 488
828 999
828 582
828 340
828 26
828 904
828 510
828 53
828 856
828 58
828 634
828 858
828 840
828 621
828 409
828 278
828 384
828 786
828 925
828 198
828 596
828 276
828 485
828 607
828 911
828 752
828 949
828 703
828 346
833 546
833 72
833 30
840 81
840 607
840 260
840 409
841 384
841 1080
841 704
841 415
841 1004
841 732
841 72
841 669
841 403
841 980
841 88
841 262
841 74
841 644
841 546
841 191
841 435
841 222
841 641
842 384
842 965
842 513
842 828
842 1038
842 817
843 627
843 574
843 456
843 965
843 791
843 1034
843 445
844 1113
846 1106
846 58
846 489
846 56
846 990
846 803
846 601
846 1092
846 1071
846 523
846 12
846 426
846 419
846 1030
846 368
846 348
847 541
847 978
847 329
847 781
847 144
847 150
847 741
847 282
847 28
847 497
847 1092
847 297
847 1026
847 498
847 858
847 417
847 703
847 617
847 200
848 357
858 91
858 932
858 463
858 781
858 617
858 1092
858 59
858 1052
858 828
858 889
858 847
858 610
861 342
863 595
868 1092
871 939
871 899
871 71
871 894
871 423
871 44
871 539
872 173
872 781
872 59
872 384
872 95
872 91
872 40
872 510
872 441
872 297
874 720
878 176
878 298
878 585
878 817
878 978
878 506
880 1109
881 79
882 670
882 1089
882 439
882 732
889 599
889 847
889 498
889 187
889 144
889 439
889 828
889 610
889 150
889 732
889 858
889 329
889 703
889 136
889 998
889 262
889 1050
889 817
889 978
889 504
889 932
889 121
889 1026
893 990
894 342
895 217
895 1092
900 670
901 602
901 198
901 490
901 1025
902 557
902 646
902 577
902 841
902 817
902 546
902 218
902 107
902 357
902 682
902 415
909 548
909 416
909 494
909 173
909 339
909 836
909 216
909 1013
909 251
909 712
909 931
909 740
909 815
909 201
909 579
909 891
909 113
909 420
909 901
909 735
909 230
909 746
909 947
909 383
909 91
909 0
909 257
909 15
909 196
909 557
909 876
909 666
909 64
909 72
909 535
909 1091
909 686
909 343
909 760
909 1070
909 120
909 1031
909 944
909 678
909 1048
909 365
909 635
909 903
909 622
909 363
909 370
909 265
909 634
909 1090
909 447
909 780
909 954
909 134
909 203
909 731
909 443
909 1044
909 21
909 807
909 650
909 978
909 26
909 859
909 297
909 100
909 471
909 965
909 839
909 782
909 307
909 748
909 109
909 699
909 900
909 805
909 65
909 314
909 232
909 999
909 741
909 566
909 514
909 473
909 976
909 507
909 13
909 243
909 625
909 852
909 732
909 928
909 159
909 1115
909 840
909 284
909 1045
909 422
909 12
909 1072
909 155
909 785
909 135
909 993
909 609
909 70
909 843
909 602
909 334
909 752
909 217
909 1006
909 691
909 233
909 384
909 1099
909 829
917 483
917 455
917 153
917 634
917 945
917 410
917 283
917 781
921 790
921 841
921 1080
921 546
921 641
921 484
921 435
926 1115
926 465
926 732
926 16
926 959
926 249
926 91
926 912
927 641
927 484
927 107
927 187
927 557
927 577
927 218
929 502
929 556
929 425
929 349
929 511
929 1101
932 463
932 297
932 497
932 617
932 150
932 470
932 59
932 781
932 504
932 610
932 889
933 537
935 704
936 96
937 926
937 991
937 665
937 1106
940 891
940 672
940 297
944 899
944 177
944 70
944 100
945 410
945 283
945 634
945 483
945 455
945 153
949 397
949 828
949 1050
951 456
954 1071
955 969
955 703
955 59
955 222
955 732
955 21
955 602
957 937
957 691
957 991
958 250
960 1012
961 1092
965 685
965 70
965 337
965 279
965 969
965 574
965 100
965 993
965 25
969 580
969 697
969 1113
969 901
969 594
970 298
971 788
974 480
975 441
978 541
978 694
978 878
978 889
978 439
978 847
978 1063
978 1050
978 389
978 817
982 704
982 549
982 539
982 71
982 871
982 899
982 1088
982 419
983 250
983 1115
983 1092
983 560
983 151
990 59
990 425
990 661
990 1036
990 141
990 620
990 732
990 605
990 1106
990 88
990 414
990 431
991 957
992 1092
993 25
993 1031
993 275
993 630
993 100
993 445
994 646
995 1075
995 815
995 20
996 483
996 50
1004 841
1004 790
1004 921
1006 493
1006 673
1006 1111
1006 72
1006 435
1006 561
1006 1014
1006 82
1009 627
1009 100
1009 25
1009 1031
1009 483
1009 275
1009 630
1010 835
1010 774
1010 571
1010 988
1010 74
1010 537
1010 1027
1010 88
1010 638
1010 450
1010 672
1010 81
1010 229
1010 574
1010 222
1010 929
1010 547
1010 1098
1010 957
1011 909
1011 479
1012 960
1012 143
1014 1006
1014 769
1015 446
1015 496
1015 1098
1015 222
1017 605
1017 737
1017 431
1017 1110
1018 546
1018 732
1018 161
1024 828
1024 546
1024 30
1024 105
1025 901
1026 847
1026 484
1027 727
1027 602
1027 80
1027 1010
1031 179
1031 993
1031 25
1031 951
1031 279
1031 37
1031 445
1033 282
1033 250
1033 610
1033 59
1034 1106
1034 1063
1034 685
1035 819
1036 59
1036 990
1036 250
1036 88
1038 35
1038 378
1038 883
1038 61
1038 112
1038 556
1038 286
1038 439
1038 410
1038 698
1038 1108
1038 306
1038 242
1038 567
1038 749
1038 519
1038 577
1038 611
1038 571
1038 223
1038 842
1038 1080
1038 107
1038 355
1041 15
1044 455
1046 998
1046 88
1046 844
1048 12
1048 1092
1050 392
1050 463
1050 978
1050 48
1050 541
1050 949
1050 10
1050 164
1050 569
1050 498
1050 13
1050 817
1050 329
1050 307
1050 324
1050 729
1050 471
1050 1092
1050 917
1050 356
1050 868
1050 889
1050 554
1050 373
1050 361
1050 389
1050 28
1050 417
1050 110
1055 546
1063 574
1063 290
1063 714
1063 269
1063 617
1063 115
1063 935
1063 705
1063 257
1063 194
1063 107
1063 455
1063 181
1063 111
1063 612
1063 594
1063 618
1063 955
1063 282
1063 284
1063 615
1063 1031
1063 901
1063 928
1063 187
1063 106
1063 962
1063 465
1063 732
1063 100
1063 649
1063 585
1063 917
1063 535
1063 513
1063 339
1063 675
1063 857
1063 671
1063 1106
1063 1056
1063 685
1063 958
1063 1113
1063 1044
1063 1088
1063 547
1063 501
1063 1101
1063 846
1063 506
1063 691
1063 769
1063 794
1063 978
1063 352
1063 222
1063 376
1063 868
1063 849
1063 63
1063 279
1063 1052
1063 92
1063 441
1063 77
1063 161
1063 369
1063 770
1063 1021
1063 420
1063 557
1063 1026
1063 176
1063 408
1063 843
1063 1104
1063 880
1063 1071
1063 371
1063 490
1063 217
1063 412
1063 579
1063 787
1063 638
1063 779
1063 661
1063 549
1063 593
1063 1099
1063 759
1063 507
1063 866
1063 346
1063 28
1063 200
1063 882
1063 1110
1063 825
1063 294
1063 545
1063 1001
1063 280
1063 40
1063 128
1063 303
1063 425
1063 1034
1064 1089
1069 514
1069 909
1069 40
1069 759
1069 872
1069 384
1071 703
1071 384
1071 112
1075 383
1075 951
1075 671
1075 59
1075 559
1075 16
1075 367
1075 303
1075 720
1075 740
1075 1100
1075 403
1075 249
1075 85
1075 222
1075 511
1075 543
1075 509
1075 1018
1078 1106
1078 153
1078 283
1078 917
1078 455
1078 340
1080 891
1080 1022
1080 440
1080 544
1080 301
1080 59
1080 741
1080 350
1080 970
1080 403
1080 795
1080 773
1080 393
1080 727
1080 682
1080 617
1080 754
1080 865
1080 279
1080 1018
1080 218
1080 927
1080 323
1080 249
1080 384
1080 435
1080 1003
1080 1084
1080 641
1080 1099
1080 68
1080 510
1080 769
1080 30
1080 246
1080 244
1080 361
1080 497
1080 55
1080 292
1080 541
1080 731
1080 837
1080 903
1080 935
1080 216
1080 660
1080 669
1080 185
1080 376
1080 501
1080 1025
1080 823
1080 148
1080 933
1080 803
1080 900
1080 833
1080 814
1080 527
1080 161
1080 595
1080 922
1080 872
1080 1088
1080 893
1080 231
1080 860
1080 225
1080 357
1080 120
1080 902
1080 691
1080 431
1080 181
1080 1087
1080 1033
1080 633
1080 666
1080 189
1080 841
1080 463
1080 94
1080 187
1080 951
1080 1082
1080 237
1080 699
1080 896
1080 829
1080 303
1080 849
1080 791
1080 67
1080 77
1080 670
1080 395
1080 177
1080 121
1080 318
1080 294
1080 889
1080 243
1080 978
1080 299
1080 957
1080 601
1080 512
1080 817
1080 29
1080 847
1080 62
1080 665
1080 821
1080 704
1080 199
1080 556
1080 203
1080 980
1080 692
1080 794
1080 64
1080 1091
1080 191
1080 79
1080 1017
1080 195
1080 190
1080 236
1080 557
1080 743
1080 0
1080 132
1080 634
1080 742
1080 182
1080 60
1080 1013
1080 710
1080 284
1080 52
1085 376
1085 297
1085 732
1085 82
1085 613
1085 684
1086 592
1088 939
1088 461
1089 959
1089 479
1089 882
1089 303
1091 88
1092 899
1092 927
1092 1063
1092 693
1092 734
1092 513
1092 595
1092 375
1092 398
1092 471
1092 932
1092 1048
1092 872
1092 781
1092 379
1092 740
1092 847
1092 763
1092 408
1092 733
1092 666
1092 95
1092 773
1092 1070
1092 811
1092 665
1092 470
1092 316
1092 147
1092 753
1092 895
1092 368
1092 634
1092 370
1092 779
1092 544
1092 703
1092 382
1092 573
1092 663
1092 705
1092 888
1092 541
1092 694
1092 19
1092 790
1092 297
1092 356
1092 431
1092 516
1092 1052
1092 59
1092 373
1092 495
1092 2
1092 12
1092 949
1092 1082
1092 858
1092 854
1092 105
1092 1101
1092 1071
1092 376
1092 828
1092 463
1092 862
1092 407
1092 56
1092 490
1092 992
1092 397
1092 360
1092 357
1094 1075
1094 59
1094 88
1094 1109
1094 151
1094 691
1095 704
1098 446
1098 496
1100 1036
1100 640
1100 593
1100 645
1100 428
1100 242
1100 776
1100 629
1100 807
1100 367
1100 1028
1100 284
1100 317
1100 83
1100 1014
1100 101
1100 292
1100 91
1100 562
1100 281
1100 933
1100 30
1100 698
1100 1098
1100 9
1100 1039
1100 644
1100 731
1100 349
1100 670
1100 352
1100 828
1100 880
1100 625
1100 85
1100 114
1100 1033
1100 775
1100 289
1100 610
1100 19
1100 420
1101 72
1101 627
1101 929
1101 556
1101 203
1101 1064
1101 426
1101 425
1101 244
1103 19
1105 703
1106 88
1106 605
1106 376
1106 479
1106 102
1106 1092
1106 1010
1106 483
1106 661
1106 455
1106 896
1106 1034
1106 761
1106 1078
1106 372
1106 602
1106 990
1106 475
1106 250
1106 852
1106 877
1106 546
1106 80
1106 401
1106 901
1106 727
1106 319
1106 377
1106 81
1106 706
1106 937
1106 153
1106 846
1106 681
1106 805
1106 1115
1106 425
1106 732
1106 683
1106 1118
1106 809
1107 1118
1108 12
1108 577
1108 483
1109 222
1109 56
1109 91
1109 406
1109 880
1109 669
1109 185
1109 1080
1109 534
1110 21
1110 42
1110 737
1110 99
1111 74
1111 19
1111 81
1111 141
1111 253
1111 931
1111 12
1111 810
1111 852
1111 334
1111 485
1111 65
1111 205
1111 695
1111 1006
1111 374
1111 100
1111 939
1111 727
1111 827
1111 183
1111 505
1111 490
1111 875
1112 12
1113 969
1113 455
1113 250
1113 955
1114 579
1114 978
1114 131
1114 503
1114 720
1114 303
1114 42
1114 1115
1114 781
1114 732
1114 198
1114 753
1114 896
1115 704
1115 656
1115 59
1115 490
1115 699
1115 506
1115 661
1115 289
1115 564
1115 991
1115 441
1115 454
1115 222
1115 74
1115 479
1115 270
1115 88
1115 690
1115 403
1115 643
1115 983
1115 543
1115 669
1115 244
1118 594
1118 543
