14 469
14 27
14 229
14 77
14 375
14 374
14 345
14 433
14 200
14 346
14 135
14 221
14 379
14 334
14 344
14 253
14 145
14 556
14 549
14 409
14 270
14 444
14 330
14 397
14 278
14 473
14 455
14 0
14 69
14 243
14 257
14 108
14 3
14 214
14 365
14 315
14 284
14 337
14 160
14 414
14 540
14 432
14 412
14 504
14 288
14 201
14 517
14 175
14 438
14 305
14 300
14 463
14 327
14 266
14 133
14 537
14 225
14 466
14 554
14 109
14 380
14 553
14 34
14 255
14 302
14 390
14 30
14 511
14 163
14 376
14 165
14 367
14 508
14 105
14 107
14 491
14 391
14 158
14 86
14 536
14 317
14 179
14 507
14 406
14 178
14 351
14 203
14 472
14 126
14 533
14 138
14 246
14 342
14 230
14 456
14 341
14 531
14 210
14 75
14 331
14 117
14 10
14 151
14 6
14 478
14 532
14 502
14 324
14 484
14 364
14 509
14 169
14 61
14 262
14 465
14 44
14 323
14 39
14 189
14 495
14 91
14 369
14 453
14 120
14 202
14 558
14 443
14 488
14 385
14 13
14 211
14 301
14 383
14 482
14 424
14 498
14 500
14 402
14 182
14 538
14 299
14 164
14 23
14 445
14 245
14 114
14 410
14 320
14 525
14 180
14 219
14 227
14 318
14 9
14 67
14 309
14 528
14 166
14 137
14 256
14 368
14 260
14 78
14 191
14 535
14 84
14 264
14 395
14 216
14 162
14 272
14 398
14 47
14 60
14 387
14 238
14 462
14 441
14 457
14 8
14 295
14 401
14 170
14 357
14 17
14 83
14 290
14 343
14 239
14 389
14 392
14 167
14 21
14 131
14 326
14 347
14 503
14 82
14 261
14 304
14 454
14 185
14 393
14 146
71 505
71 478
71 76
71 145
71 281
71 300
71 462
71 39
71 154
71 555
71 318
71 441
71 161
71 140
71 162
71 221
71 543
71 8
71 262
71 311
71 497
71 376
71 203
71 135
71 472
71 495
71 516
71 533
71 288
71 520
71 187
71 354
71 395
71 345
71 537
71 241
71 500
71 246
71 173
71 332
71 11
71 93
71 133
71 29
71 274
71 216
71 548
71 509
71 243
71 412
71 74
71 331
71 415
71 357
71 416
71 323
71 248
71 528
71 360
71 330
71 485
71 488
71 397
71 52
71 399
71 132
71 404
71 215
71 344
71 343
71 259
71 257
71 163
71 438
71 424
71 391
71 401
71 279
71 365
71 228
71 19
71 226
71 524
71 523
71 531
71 253
71 225
71 13
71 558
71 255
71 512
71 532
71 426
71 138
71 149
71 49
71 123
71 400
71 117
71 106
71 261
71 521
71 347
71 291
71 250
71 283
71 450
71 440
71 466
71 238
71 184
71 339
71 280
71 174
71 68
71 47
71 2
71 115
71 130
71 61
71 12
71 198
71 134
74 223
74 165
74 216
74 436
74 308
74 164
74 227
74 96
74 525
74 200
74 285
74 335
74 50
74 371
74 304
74 449
74 408
74 526
74 437
74 117
74 15
74 127
74 473
74 487
74 156
74 431
74 302
74 472
74 97
74 190
74 546
74 493
74 166
74 116
74 108
74 385
74 367
74 397
74 221
74 369
74 10
74 455
74 269
74 330
74 333
74 57
74 383
74 26
74 71
74 514
74 388
74 288
74 247
74 554
74 193
74 3
74 430
74 249
74 504
74 284
74 11
74 114
74 121
74 518
74 189
74 76
74 373
74 445
74 252
74 393
74 296
74 421
74 361
74 477
74 534
74 154
74 494
74 14
74 183
74 400
74 456
74 423
74 297
74 178
74 143
74 322
74 315
74 67
74 513
74 255
74 415
74 378
74 49
74 448
74 398
74 490
74 70
74 140
74 343
74 467
74 88
74 522
74 277
74 352
74 418
74 233
74 309
74 512
74 454
74 41
74 474
74 192
74 179
74 545
74 412
74 94
74 410
74 553
97 227
97 148
97 47
97 77
97 213
97 311
97 105
97 365
97 335
97 490
97 536
97 199
97 515
97 187
97 123
97 222
97 438
97 299
97 35
97 230
97 225
97 475
97 140
97 67
97 307
97 502
97 402
97 476
97 546
97 34
97 269
97 330
97 360
97 427
97 482
97 42
97 159
97 370
97 2
97 376
97 96
97 296
97 397
97 301
97 384
97 518
97 190
97 113
97 521
97 445
97 373
97 69
97 216
97 366
97 487
97 241
97 439
97 267
97 443
97 321
97 523
97 133
97 304
97 541
97 455
97 154
97 293
97 203
97 196
97 331
97 23
97 157
97 312
97 450
97 479
97 297
97 329
97 412
97 390
97 30
97 189
97 114
97 374
97 429
97 525
97 76
97 469
97 336
97 300
97 49
97 172
97 8
97 489
97 472
97 78
97 545
97 419
97 383
97 278
97 208
97 539
97 91
97 178
97 146
97 45
97 380
97 425
97 46
97 245
97 204
97 285
97 57
97 470
97 351
97 524
97 492
97 324
97 60
97 73
97 493
97 152
97 540
97 107
97 549
97 234
97 271
97 409
97 529
97 117
97 16
97 417
97 478
97 3
97 480
97 537
97 36
97 70
97 319
97 328
97 81
97 355
97 74
97 343
97 251
97 255
97 393
97 318
97 500
97 550
97 39
97 474
97 465
97 115
97 509
97 553
97 398
97 286
97 534
97 138
97 363
97 486
97 556
97 237
97 211
97 496
97 295
97 252
97 528
97 145
97 396
97 228
97 387
97 144
97 326
97 513
97 161
97 128
97 375
97 389
97 61
97 185
97 505
97 44
97 436
97 7
97 305
97 83
97 79
97 149
97 13
97 87
97 448
97 488
97 323
97 236
97 354
97 483
97 451
97 24
97 495
97 522
97 95
97 437
97 422
97 279
97 511
97 517
97 463
97 501
97 400
97 194
97 327
97 268
97 131
97 367
97 325
97 508
97 361
97 221
97 231
97 411
97 111
97 344
97 200
97 150
97 121
97 408
97 201
97 288
97 444
97 143
97 430
97 182
97 243
97 188
97 94
97 229
97 109
97 118
97 249
97 428
97 504
97 41
97 379
97 136
97 55
97 84
97 169
97 291
97 122
97 142
97 277
97 473
97 226
97 102
97 407
97 309
97 302
97 340
97 531
97 554
97 281
97 52
97 99
97 135
97 88
97 519
97 31
97 174
97 257
97 242
97 462
97 193
97 14
97 349
145 248
145 409
145 318
145 241
145 150
145 212
145 137
145 83
145 488
145 36
145 476
145 272
145 100
145 214
145 412
145 517
145 539
145 257
145 421
145 356
145 548
145 201
145 367
145 479
145 165
145 406
145 436
145 259
145 499
145 333
145 146
145 245
145 233
145 252
145 536
145 97
145 76
145 238
145 61
145 57
145 370
145 398
145 405
145 6
145 157
145 542
145 556
145 343
145 330
145 142
145 70
145 514
145 386
145 128
145 371
145 221
145 9
145 247
145 26
145 84
145 218
145 289
145 492
145 223
145 123
145 174
145 298
145 327
145 92
145 324
145 456
145 196
145 308
145 351
145 496
145 45
145 522
145 35
145 229
145 505
145 383
145 50
145 355
145 85
145 38
145 485
145 269
145 268
145 32
145 242
145 540
145 550
145 49
145 87
145 534
145 381
145 120
145 396
145 20
145 427
145 321
145 529
145 380
145 538
145 372
145 408
145 284
145 67
145 44
145 345
145 288
145 147
145 417
145 426
145 219
145 220
145 200
145 215
145 138
145 364
145 400
145 130
145 469
145 274
145 239
145 361
145 322
145 135
145 162
145 319
145 397
145 159
145 555
145 509
145 279
145 411
145 163
145 339
145 127
145 102
145 432
145 553
145 143
145 508
145 208
145 389
145 329
145 452
145 533
145 366
145 171
145 558
145 428
145 466
145 16
145 301
145 297
145 39
145 42
145 401
145 312
145 395
145 455
145 119
145 290
145 29
145 19
145 344
145 463
145 483
145 151
145 335
145 425
145 295
145 160
145 43
145 311
145 182
145 7
145 192
145 470
145 444
145 375
145 225
145 187
145 340
145 217
145 256
145 429
145 264
145 474
145 416
145 510
145 111
145 271
145 207
145 246
145 106
145 493
145 379
145 8
145 404
145 317
145 3
145 249
145 353
145 167
145 270
145 133
145 95
145 178
145 286
145 63
145 341
145 387
145 75
145 357
145 51
145 354
145 494
145 14
145 546
145 190
145 211
145 206
145 1
145 66
145 266
145 439
145 224
145 158
145 443
145 410
145 438
145 226
145 134
145 144
145 153
145 491
145 116
145 523
145 489
145 430
145 378
145 230
145 15
145 267
145 511
145 414
145 21
145 402
145 516
145 433
145 99
145 554
145 518
145 388
145 349
145 90
145 82
145 320
145 228
145 10
145 287
145 46
145 30
145 184
145 40
145 121
145 323
145 189
145 382
145 209
145 131
145 231
145 186
145 185
145 490
145 362
145 74
145 462
145 520
145 507
145 521
145 524
145 88
145 117
145 328
145 13
145 41
145 291
145 451
145 204
145 413
145 17
145 34
145 234
145 504
160 20
160 293
160 195
160 385
160 145
160 531
160 173
160 50
160 353
160 199
160 216
160 235
160 444
160 549
160 136
160 187
160 21
160 368
160 99
160 274
160 524
160 24
160 13
160 65
160 438
160 106
160 151
160 395
160 228
160 555
160 469
160 61
160 261
160 257
160 278
160 262
160 51
160 86
160 346
160 133
160 149
160 451
160 340
160 495
160 339
160 123
160 202
160 42
160 15
160 75
160 472
160 450
160 191
160 256
160 182
160 91
160 358
160 347
160 190
160 525
160 507
160 280
160 40
160 376
160 243
160 408
160 336
160 483
160 529
160 146
160 275
160 344
160 526
160 95
160 203
160 492
160 363
160 255
160 169
160 466
160 225
160 163
160 304
160 324
252 59
252 401
252 134
252 466
252 79
252 468
252 68
252 206
252 26
252 304
252 391
252 97
252 139
252 176
252 357
252 47
252 191
252 513
252 298
252 160
252 189
252 422
252 441
252 63
252 356
252 81
252 172
252 548
252 351
252 523
252 462
252 295
252 107
252 558
252 325
252 171
252 307
252 130
252 451
252 46
252 497
252 288
252 184
252 286
252 238
252 169
252 147
252 470
252 152
252 450
252 416
252 253
252 154
252 236
252 318
252 538
252 132
252 484
252 515
252 332
252 259
252 207
252 360
252 521
252 20
252 178
252 408
252 61
252 137
252 230
252 363
252 173
252 133
252 195
252 429
252 215
252 419
252 122
252 186
252 17
252 13
252 478
252 483
252 528
252 539
252 256
252 196
252 546
252 240
252 434
252 366
252 0
252 382
253 321
253 453
253 82
253 298
253 397
253 532
253 347
253 79
253 307
253 154
253 444
253 195
253 519
253 42
253 201
253 13
253 202
253 305
253 265
253 274
253 324
253 502
253 53
253 456
253 523
253 142
253 348
253 379
253 457
253 204
253 55
253 507
253 402
253 442
253 9
253 40
253 413
253 270
253 7
253 493
253 68
253 199
253 238
253 424
253 218
253 233
253 130
253 429
253 478
253 526
253 74
253 10
253 2
253 414
253 86
253 140
253 252
253 203
253 537
253 459
253 190
253 243
253 261
253 400
253 44
253 299
253 122
253 115
253 396
253 503
253 229
253 33
253 474
253 425
253 102
253 285
253 432
253 266
253 100
253 420
253 145
253 66
253 550
253 542
253 206
253 61
253 137
253 295
253 93
253 454
253 129
253 548
253 508
253 492
253 533
253 49
253 182
253 196
253 406
253 161
253 506
253 51
253 309
253 131
253 435
253 65
253 311
253 323
253 240
253 54
253 511
253 364
253 84
253 462
253 543
253 343
253 447
253 242
253 181
253 512
253 234
253 81
253 351
253 45
253 291
253 94
253 8
253 495
253 259
253 268
253 549
253 237
253 541
253 83
253 67
253 430
253 395
253 220
253 166
253 223
253 76
253 333
253 225
253 151
253 361
253 105
253 553
253 411
253 372
253 99
253 331
253 183
253 12
253 87
253 373
253 387
253 251
253 192
253 391
253 367
253 449
253 525
253 479
253 401
253 494
253 341
253 123
253 363
253 393
253 461
253 332
253 200
253 463
253 59
253 75
253 47
253 174
253 186
253 438
253 482
253 398
253 120
253 78
253 147
253 380
253 284
253 375
253 489
253 468
253 390
253 528
253 520
253 330
253 524
253 128
253 219
253 383
253 475
253 290
253 418
253 227
253 77
253 279
253 491
253 246
253 546
253 256
253 531
253 184
253 353
253 470
253 35
253 389
253 370
253 392
253 408
253 222
253 153
253 362
253 36
253 376
253 257
253 138
253 381
253 486
253 500
253 127
253 198
253 149
253 178
253 497
253 423
253 450
253 97
253 150
253 382
253 505
253 318
256 147
256 154
256 448
256 19
256 309
256 253
256 187
256 555
256 343
256 184
256 326
256 160
256 387
256 474
256 223
256 504
256 275
256 204
256 499
256 408
256 153
256 433
256 267
256 449
256 410
256 495
256 161
256 38
256 469
256 477
256 438
256 558
256 508
256 212
256 131
256 13
256 180
256 30
256 409
256 539
256 286
256 199
256 259
256 208
256 281
256 509
256 422
256 463
256 529
256 401
256 237
256 512
256 382
256 553
256 413
256 192
256 117
256 135
256 182
256 550
256 468
256 105
256 462
256 280
256 315
256 277
256 216
256 538
256 367
256 301
256 535
256 339
256 457
256 65
256 262
256 183
256 133
256 143
256 494
256 77
256 174
256 268
256 226
256 441
256 304
256 34
256 554
256 45
256 213
256 365
256 86
256 488
256 305
256 6
256 59
256 514
256 218
256 95
256 283
256 27
256 100
256 284
256 478
256 227
256 92
256 492
256 395
256 248
256 230
256 325
256 450
256 334
256 250
256 397
256 61
256 342
256 278
256 119
256 502
256 344
256 407
256 246
256 201
256 178
256 73
256 26
256 451
256 429
256 241
256 421
256 9
256 84
256 261
256 211
256 437
256 12
256 40
256 380
256 99
256 91
256 523
256 398
256 479
256 238
256 255
256 524
256 123
256 517
256 446
256 300
256 299
256 549
256 179
256 294
256 78
256 444
256 424
256 346
256 360
256 225
256 94
256 85
256 239
256 484
256 134
256 475
256 533
256 472
256 400
256 510
256 341
256 214
256 431
256 318
256 335
256 111
256 461
256 291
256 22
256 210
256 169
256 206
256 434
256 511
256 406
256 519
256 53
256 435
256 101
256 328
256 373
256 483
256 39
265 475
265 34
265 246
265 300
265 375
265 293
265 347
265 84
265 264
265 299
265 344
265 327
265 73
265 477
265 119
265 219
265 41
265 387
265 398
265 488
265 520
265 438
265 353
265 102
265 95
265 190
265 295
265 534
265 201
265 189
265 297
265 43
265 39
265 82
265 97
265 284
265 51
265 50
265 193
265 13
265 388
265 439
265 318
265 227
265 127
265 516
265 508
265 182
265 472
265 222
265 225
265 12
265 484
265 169
265 195
265 303
265 397
265 525
265 304
265 221
265 262
265 154
265 465
265 414
265 271
265 485
265 361
265 372
265 531
265 515
265 356
265 167
265 444
265 360
265 123
265 538
265 554
265 489
265 395
265 223
265 261
265 533
265 32
265 27
265 237
265 247
265 251
286 545
337 321
337 194
337 20
337 383
337 408
337 9
337 432
337 482
337 83
337 255
337 495
337 375
337 40
337 107
337 177
337 460
337 508
337 129
337 140
337 49
337 193
337 208
337 123
337 71
337 172
337 514
337 469
337 285
337 298
337 304
337 333
337 215
337 176
337 324
337 30
337 520
337 273
337 267
337 329
337 331
337 365
337 353
337 435
337 195
337 364
337 497
337 12
337 487
337 247
337 416
337 95
337 382
337 492
337 234
337 330
337 55
337 33
337 303
337 429
337 441
337 443
337 206
337 240
337 358
337 22
337 518
337 101
337 24
337 186
337 428
337 121
337 79
337 36
337 256
337 319
337 490
337 153
337 39
337 261
337 483
337 463
337 50
337 343
337 38
337 323
337 196
337 499
337 311
337 187
337 415
337 92
337 249
337 214
337 119
337 46
337 412
337 279
337 357
337 434
337 246
337 395
337 169
337 500
337 420
337 539
337 275
337 182
337 425
337 76
337 464
337 457
337 183
337 160
337 239
337 474
337 161
337 84
337 392
337 151
337 108
337 550
337 529
337 417
337 391
337 348
337 192
337 459
337 253
337 265
337 10
337 224
337 19
337 517
337 533
337 233
337 368
337 65
337 23
337 67
337 301
337 205
337 344
337 85
337 384
337 493
337 185
337 278
337 541
337 91
337 410
337 556
337 286
337 61
337 339
337 97
337 152
337 503
337 373
337 398
337 226
337 178
337 367
337 209
337 165
337 305
337 96
337 235
337 294
337 400
337 292
337 526
337 334
337 128
337 361
337 280
337 549
337 27
337 406
337 199
337 512
337 276
337 59
337 411
337 274
337 131
337 241
337 297
337 521
337 455
337 438
337 201
337 505
337 271
337 213
337 387
337 300
337 376
337 404
337 94
337 356
337 354
337 380
337 229
337 501
337 230
337 542
337 13
337 148
337 136
337 502
337 444
337 336
337 399
337 181
337 332
337 78
337 525
337 137
337 538
337 250
337 47
337 29
337 157
337 120
337 32
337 532
337 102
337 426
337 511
337 112
337 180
337 389
337 257
337 448
337 385
337 414
337 198
337 238
337 179
337 516
337 496
337 266
337 42
337 189
337 522
337 504
351 340
351 173
351 477
351 327
351 162
351 242
351 146
351 499
351 500
351 398
351 180
351 206
351 452
351 83
351 450
351 503
351 94
351 336
351 7
351 108
351 516
351 229
351 235
351 259
351 374
351 409
351 341
351 463
351 414
351 13
351 429
351 149
351 329
351 167
351 296
351 540
351 74
351 193
351 248
351 440
351 113
351 522
351 196
351 368
351 186
351 112
351 239
351 451
351 379
351 537
351 366
351 78
351 364
351 114
351 276
351 510
351 441
351 426
351 461
351 11
351 265
351 385
351 326
351 224
351 228
351 54
351 27
351 381
351 541
351 320
351 411
351 138
351 65
351 312
351 82
351 1
351 406
351 284
351 431
351 416
351 70
351 221
351 142
351 274
351 33
351 77
351 256
351 370
351 116
351 515
351 197
351 17
351 295
351 468
351 521
351 6
351 512
351 169
351 24
351 534
351 10
351 250
351 354
351 475
351 41
351 459
351 380
351 136
351 355
351 358
351 353
351 209
351 148
351 79
351 97
351 286
351 495
351 226
351 437
351 424
351 471
351 413
351 550
351 207
351 200
351 357
351 44
351 164
351 262
351 45
351 76
351 432
351 280
351 356
351 352
351 8
351 300
351 245
351 126
351 213
351 208
351 405
351 430
351 445
351 269
351 298
351 272
351 395
351 26
351 73
351 511
351 216
351 466
351 185
351 22
351 346
351 524
351 237
351 133
351 156
351 494
351 479
351 81
351 508
351 536
351 457
351 243
351 36
351 388
351 294
351 86
351 304
351 42
351 485
351 47
351 448
351 372
351 389
351 549
351 190
351 404
351 349
351 88
351 234
351 119
351 223
351 183
351 3
351 396
351 428
351 90
351 219
351 84
351 95
351 531
351 423
351 21
351 155
351 57
351 384
351 52
351 101
351 360
351 291
351 69
351 158
351 538
351 55
351 210
351 34
351 283
351 498
351 397
351 482
351 89
351 308
351 519
351 92
351 266
351 322
351 151
351 288
351 472
351 144
351 434
351 367
351 253
351 261
351 214
351 19
351 507
351 85
351 75
351 301
351 211
351 554
351 281
367 153
367 330
367 465
367 348
367 206
367 257
367 353
367 17
367 225
367 533
367 525
367 7
367 177
367 373
367 202
367 360
367 340
367 503
367 364
367 250
367 228
367 129
367 255
367 416
367 345
367 218
367 146
367 161
367 19
367 91
367 284
367 207
367 229
367 183
367 2
367 248
367 74
367 311
367 336
367 322
367 242
367 275
367 93
367 323
367 397
367 198
367 196
367 341
367 553
367 44
367 220
367 41
367 176
367 339
367 392
367 203
367 47
367 497
367 271
367 327
367 73
367 65
367 180
367 414
367 532
367 283
367 399
367 30
367 274
367 216
367 461
367 538
367 315
367 133
367 227
367 419
367 223
367 136
367 307
367 534
367 509
367 290
367 376
367 445
367 420
367 172
367 531
367 548
367 522
367 124
367 132
367 59
367 494
367 115
367 86
367 52
367 401
367 300
367 241
367 281
367 513
367 97
367 404
367 162
367 154
367 438
367 126
367 238
367 182
367 246
367 15
367 27
367 76
367 181
367 95
367 395
367 408
367 173
367 332
367 520
367 506
367 61
367 299
367 444
367 470
367 424
367 131
367 174
367 535
367 362
367 425
367 483
367 492
367 507
367 295
367 149
367 10
367 381
367 163
367 293
367 441
367 398
367 555
367 453
367 221
367 273
367 288
367 456
367 427
367 417
367 29
367 22
367 278
367 71
367 122
367 117
367 549
367 361
367 514
367 236
408 133
408 395
408 57
408 380
408 444
408 153
408 515
408 510
408 274
408 81
408 32
408 117
408 519
408 214
408 543
408 550
408 392
408 487
408 387
408 461
408 497
408 429
408 525
408 391
408 277
408 398
408 73
408 343
408 165
408 49
408 330
408 267
408 526
408 363
408 345
408 534
408 74
408 184
408 538
408 150
408 101
408 410
408 402
408 106
408 318
408 65
408 309
408 99
408 199
408 420
408 558
408 53
408 229
408 501
408 509
408 91
408 201
408 145
408 517
408 151
408 124
408 85
408 443
408 373
408 94
408 498
408 273
408 209
408 449
408 478
408 268
408 332
408 206
408 304
408 216
408 71
408 369
408 52
408 10
408 412
408 87
408 528
408 322
408 225
408 516
408 256
408 44
408 480
408 466
408 224
408 367
408 329
408 474
408 308
408 93
408 251
408 180
408 147
408 187
408 541
408 416
408 409
408 250
408 283
408 195
408 177
408 233
408 299
408 508
408 261
408 523
408 92
408 22
408 297
408 130
408 361
408 109
408 321
408 41
408 356
408 432
408 399
408 428
408 401
408 500
408 240
408 341
408 183
408 13
408 246
408 438
408 505
408 194
408 382
408 342
408 26
408 278
408 307
408 339
408 496
408 197
408 377
408 167
408 136
408 158
408 524
408 24
408 386
408 522
408 435
408 326
408 470
408 169
408 503
408 456
408 67
408 219
408 139
408 337
408 452
408 55
408 459
408 353
408 311
408 405
408 123
408 364
408 396
408 365
408 11
408 462
408 290
408 275
408 488
408 291
408 239
408 149
408 507
408 458
408 475
408 30
408 146
408 511
408 490
408 333
408 176
408 430
408 76
408 495
408 417
408 536
408 241
408 182
408 61
408 129
408 253
408 8
408 482
408 143
408 196
408 468
408 440
408 302
408 411
408 21
408 95
408 223
408 35
408 455
408 119
408 174
408 252
408 327
408 0
408 107
408 83
408 2
408 33
408 376
408 477
408 479
408 47
408 328
408 521
408 542
408 161
408 235
408 504
408 415
408 134
408 448
408 425
408 469
408 227
408 282
408 347
408 374
408 371
408 63
408 298
408 90
508 364
508 339
508 115
508 323
508 497
508 328
508 174
508 293
508 556
508 376
508 135
508 408
508 47
508 198
508 147
508 367
508 197
508 91
508 284
508 504
508 102
508 488
508 409
508 169
508 219
508 290
508 516
508 525
508 384
508 246
508 214
508 400
508 260
508 177
