160 46
256 518
160 365
252 140
286 232
160 271
286 70
160 56
252 113
508 141
508 0
71 324
508 291
160 331
74 133
367 270
286 81
508 104
337 557
252 395
337 98
508 212
367 48
256 89
508 39
160 518
286 68
253 64
256 166
160 431
265 324
265 23
508 478
160 22
265 37
252 144
337 371
286 169
337 270
367 302
286 198
508 509
367 544
265 36
286 151
253 499
74 237
252 485
97 359
508 228
252 251
14 481
97 37
71 96
160 447
160 362
71 442
252 534
74 161
286 193
286 227
14 486
97 506
408 69
265 464
97 139
286 99
71 379
367 557
265 253
14 58
508 80
286 234
71 180
74 317
160 285
351 68
252 102
160 392
253 106
74 341
160 320
253 554
265 249
74 107
408 264
253 116
265 426
367 285
265 342
252 500
367 411
74 263
74 21
337 462
408 285
351 175
74 86
160 104
265 212
74 6
97 224
74 345
145 5
408 296
286 349
265 187
286 87
286 272
408 338
14 72
351 391
252 554
253 517
252 402
508 338
265 141
74 169
508 351
508 340
351 418
256 489
265 524
71 464
286 439
160 501
252 445
145 359
367 111
265 231
71 484
160 523
74 20
508 466
337 433
74 176
265 467
74 155
367 487
508 44
256 188
256 93
508 342
253 121
74 523
286 128
337 116
367 379
286 22
508 498
160 420
74 226
14 545
508 283
74 151
253 170
74 162
337 379
97 273
351 184
14 493
367 365
14 100
160 458
97 98
286 47
252 365
351 314
97 356
97 303
71 480
74 254
160 284
351 556
160 551
408 270
408 232
71 517
508 88
74 8
286 184
265 282
508 252
71 310
252 8
508 279
286 456
367 244
160 301
71 60
508 230
286 106
508 548
71 471
265 7
337 523
286 129
252 321
74 406
145 124
256 546
351 399
74 466
508 232
74 316
160 92
508 431
160 80
252 464
265 125
337 447
256 114
71 240
351 319
253 228
286 260
160 85
508 131
253 269
265 6
252 503
252 108
253 455
160 527
265 1
265 59
286 389
367 386
74 110
286 43
160 0
337 423
160 74
286 130
256 173
160 244
508 486
351 241
14 80
14 378
74 379
252 36
337 126
367 403
286 442
160 484
252 487
74 453
367 245
408 403
508 369
71 455
160 478
337 377
337 289
367 185
74 508
508 366
160 188
160 464
14 252
367 301
253 58
286 557
286 380
508 259
286 529
74 387
253 317
71 171
337 100
256 269
160 370
408 551
71 57
286 525
14 187
286 204
508 545
14 350
265 463
252 123
74 141
74 374
265 60
508 42
74 260
252 315
286 505
160 114
74 321
252 179
508 155
286 192
408 451
265 166
71 111
286 528
286 355
408 529
265 144
508 404
253 292
286 424
286 413
286 412
253 510
14 307
286 283
14 186
286 17
508 550
14 110
74 77
286 65
286 462
286 28
265 192
508 349
14 311
14 426
71 473
367 298
286 454
367 204
508 112
74 411
160 270
408 62
408 287
160 141
286 185
337 431
71 493
252 388
256 464
14 198
71 26
508 275
508 173
145 480
252 55
160 442
265 536
160 411
508 188
97 287
286 158
286 513
286 464
71 306
256 150
265 112
71 422
367 551
71 157
508 16
286 350
71 553
145 58
74 159
253 306
286 183
351 275
14 204
256 378
286 238
145 273
74 12
286 357
145 28
252 131
74 56
408 389
337 80
252 358
286 202
286 335
351 415
367 291
367 547
252 555
286 51
71 269
71 536
367 178
265 275
74 167
160 332
508 51
508 334
97 332
367 231
252 168
14 428
252 269
508 294
160 357
256 42
367 384
252 142
265 447
265 432
71 125
265 549
252 519
71 265
71 118
160 334
256 31
160 417
367 371
265 446
286 41
160 437
74 173
253 371
71 168
71 542
286 341
351 377
160 341
252 516
252 28
71 448
256 490
265 200
408 303
408 210
286 108
265 110
14 150
97 171
367 517
337 171
252 141
408 103
286 310
337 62
74 292
71 290
252 480
160 219
145 460
14 129
252 472
508 469
265 455
508 300
337 232
256 185
265 345
408 289
408 247
160 455
351 18
252 353
14 259
252 349
253 62
256 252
14 106
71 110
286 461
265 540
286 84
265 495
265 256
256 48
508 138
71 371
367 188
265 383
71 6
14 125
252 221
252 200
256 312
97 350
508 242
253 43
14 268
160 519
14 11
408 188
265 385
160 543
265 498
508 171
265 416
286 36
252 505
508 429
160 312
252 308
253 296
265 470
508 410
252 338
71 380
508 43
265 556
252 170
74 433
252 56
367 190
265 325
286 109
74 92
351 157
367 413
408 350
71 319
74 68
286 364
367 352
367 366
71 527
367 387
71 227
71 142
252 166
508 414
71 0
265 230
367 412
286 34
408 175
286 112
286 353
408 476
74 481
265 147
265 349
408 168
145 118
71 445
508 418
252 383
286 444
286 189
71 107
367 467
14 552
408 72
160 403
367 4
160 1
74 399
253 125
145 294
256 18
160 292
367 449
252 219
256 542
160 535
253 480
71 231
74 82
256 423
256 104
286 440
286 417
286 236
508 496
252 336
337 498
74 105
97 177
71 175
286 329
508 388
160 63
367 515
74 515
252 333
367 108
252 212
286 411
367 89
14 355
286 40
160 479
160 335
71 418
71 17
351 260
265 543
508 66
71 258
252 352
367 530
286 182
74 375
252 40
351 4
286 27
74 332
71 467
286 322
265 186
160 174
71 24
337 69
508 2
351 548
508 70
286 160
160 76
367 306
252 14
160 64
508 304
252 188
14 294
253 21
286 42
256 63
71 374
408 547
252 509
71 443
351 217
71 150
253 436
252 12
508 368
337 34
71 177
351 378
256 452
508 172
74 469
252 471
508 26
14 429
265 279
265 45
408 473
265 505
265 148
252 274
252 31
160 400
367 32
160 109
286 252
256 532
160 233
367 90
74 61
252 292
508 289
160 500
286 125
286 527
265 157
160 348
71 232
252 458
256 17
74 58
71 297
337 473
253 394
97 254
351 232
160 343
265 103
252 16
508 335
74 498
252 104
71 54
508 52
74 499
286 316
508 81
508 378
286 553
286 446
265 364
265 61
265 74
160 253
256 168
252 39
160 453
253 314
286 257
71 50
252 293
14 148
14 115
160 25
252 327
14 530
351 202
408 407
265 358
408 205
286 332
367 264
367 321
286 306
160 290
337 272
71 40
71 316
74 51
286 96
253 164
265 139
252 390
256 106
71 482
367 462
252 32
367 491
256 536
286 508
14 5
265 109
252 43
351 382
367 342
252 180
74 66
508 276
508 541
508 343
265 537
367 99
71 475
286 483
408 499
74 37
265 113
71 540
71 294
508 406
265 313
508 557
265 494
286 421
14 228
14 276
367 113
286 111
367 260
71 92
160 394
367 197
160 475
367 292
74 301
337 244
508 483
253 378
367 43
160 552
367 11
286 466
508 357
160 5
14 132
367 466
337 103
351 257
253 80
14 325
74 275
252 254
71 550
71 451
265 394
74 334
252 150
253 377
252 403
265 365
256 83
74 303
286 201
286 363
286 237
252 477
160 37
71 182
286 251
252 406
71 413
14 157
74 462
508 280
97 48
286 549
351 393
253 349
367 277
74 289
286 330
160 383
160 282
253 249
367 325
508 31
71 223
74 36
265 471
253 433
286 208
408 366
265 58
252 504
408 164
160 264
252 280
74 229
286 476
337 345
71 151
253 245
508 492
160 413
508 413
71 285
252 437
74 106
160 283
71 210
256 215
256 54
74 442
145 18
286 228
367 269
508 450
252 482
508 453
252 313
367 545
508 152
252 98
160 31
351 543
160 113
286 223
71 34
256 5
508 544
252 105
367 266
367 350
160 513
160 33
14 171
265 203
508 315
265 433
408 118
337 461
508 153
252 289
160 57
256 482
14 394
252 146
508 505
160 121
265 491
337 313
367 34
508 325
286 314
97 25
256 98
74 530
508 463
71 514
71 234
97 551
508 189
351 117
508 329
508 236
160 53
160 2
286 370
508 336
337 89
252 225
265 286
367 171
252 136
160 307
252 496
160 547
265 379
408 111
160 471
160 542
160 94
408 554
265 541
508 229
286 356
286 76
252 261
286 278
74 350
265 202
256 273
337 156
367 256
252 337
265 108
508 306
252 334
286 206
408 263
145 547
408 3
367 232
508 264
74 112
74 137
252 309
367 81
367 480
508 241
508 240
286 98
265 272
160 322
508 521
337 175
256 471
408 244
97 18
14 359
508 558
367 437
367 104
74 251
351 143
351 230
508 213
508 34
160 28
286 1
408 203
508 53
508 554
286 392
508 266
351 302
252 432
160 333
286 409
71 267
74 305
252 4
367 355
367 393
97 141
508 531
252 34
71 204
351 462
337 228
145 104
286 438
71 359
367 510
160 230
160 366
367 389
508 45
286 39
286 137
508 122
265 67
160 111
160 10
256 374
286 122
145 314
74 495
145 98
508 185
252 541
337 48
253 188
286 79
14 121
286 124
252 488
408 88
14 190
252 552
351 171
160 44
256 552
265 509
252 459
508 373
160 289
256 481
286 395
508 399
256 62
508 55
97 449
367 448
337 18
508 468
74 544
14 386
286 410
367 550
367 64
160 223
265 76
367 460
408 335
71 393
253 118
351 436
256 547
160 462
14 407
508 258
253 3
508 4
508 109
508 113
508 41
265 322
508 476
508 403
160 435
256 317
253 527
14 297
337 72
508 499
408 464
253 294
508 150
508 65
252 524
286 218
71 314
286 123
160 389
256 302
265 63
408 316
71 263
252 204
286 298
508 9
508 239
145 60
286 29
351 153
508 500
265 208
160 54
252 522
74 9
367 499
408 423
160 443
160 170
256 404
286 142
74 294
265 407
74 310
253 529
97 181
74 443
160 62
367 121
14 333
71 159
74 152
160 303
508 346
351 287
256 21
351 509
286 315
367 94
286 136
508 422
253 464
351 446
97 548
256 418
351 528
252 377
256 465
256 361
367 385
252 2
14 208
286 55
74 340
286 503
14 285
160 157
160 251
337 421
367 16
508 457
256 453
351 456
265 78
252 42
71 436
97 334
74 416
508 352
74 540
160 559
508 83
74 279
408 9
256 348
256 282
508 395
160 73
160 127
286 326
286 250
14 306
14 18
367 496
252 50
351 145
74 268
508 425
14 361
286 305
351 150
337 510
160 311
253 446
265 481
367 485
253 471
71 35
252 258
71 287
367 101
508 268
14 94
265 49
265 371
286 497
508 243
351 159
160 201
14 96
71 185
160 128
160 139
160 454
252 297
74 187
286 77
14 22
337 114
160 226
71 10
508 527
74 217
74 228
71 444
71 82
265 423
71 209
252 486
160 142
367 36
265 236
74 244
351 20
408 42
14 515
265 150
74 283
252 492
286 492
337 489
252 95
74 550
265 28
508 396
256 127
71 378
252 92
71 556
252 489
253 193
252 410
367 166
508 490
508 546
367 276
508 462
367 493
74 240
408 467
286 66
145 114
265 164
71 188
160 26
71 498
252 460
408 108
367 145
286 501
252 389
408 125
256 543
265 329
508 345
14 237
508 50
286 63
337 56
252 296
508 220
367 114
160 490
252 535
160 39
74 203
286 465
252 512
160 214
145 168
367 209
408 422
97 17
508 309
160 35
253 258
160 416
253 431
252 457
256 46
97 446
367 334
508 222
508 49
252 527
337 450
14 1
367 359
286 164
252 260
286 490
74 168
74 72
160 12
265 458
253 88
508 434
367 468
74 42
160 8
337 451
71 42
14 222
14 156
286 50
252 192
256 419
337 25
256 313
286 296
160 238
286 489
367 370
265 547
265 302
253 467
286 270
97 66
286 535
71 69
508 170
97 266
337 141
160 159
367 235
337 530
265 56
265 346
337 168
71 266
160 205
286 97
508 136
256 68
253 114
252 287
508 540
286 196
286 308
265 99
286 80
351 160
508 249
160 103
367 103
508 151
265 88
286 57
351 282
256 32
351 87
97 166
97 294
265 274
256 126
265 425
337 547
286 425
71 51
508 330
14 382
265 260
508 84
508 6
160 448
252 335
408 185
508 159
351 453
160 287
265 350
71 233
408 447
74 207
367 446
256 197
71 320
286 396
408 471
408 272
265 451
74 147
508 208
508 56
286 82
256 263
71 181
74 103
74 52
367 451
508 533
71 199
160 502
74 53
265 235
286 317
286 241
145 25
74 541
286 148
71 289
286 144
508 428
14 421
337 113
337 28
508 553
337 282
265 331
256 389
74 219
265 280
367 105
351 403
14 273
252 100
160 4
74 468
74 29
286 94
286 373
286 177
351 103
74 87
367 224
160 379
252 118
351 98
74 432
337 394
286 31
408 334
160 481
256 0
408 156
14 53
256 386
252 67
160 386
253 547
256 354
286 280
14 232
265 75
286 114
351 523
74 138
286 200
367 54
97 306
256 316
508 402
71 328
265 177
74 507
265 242
286 486
337 90
160 120
74 202
508 539
160 176
252 231
14 240
286 418
367 110
160 485
286 281
508 191
252 229
286 524
252 433
252 394
74 1
256 515
265 369
160 539
367 125
14 20
253 312
160 125
71 491
74 27
252 475
97 232
74 556
252 10
265 496
286 74
74 23
14 557
265 428
265 184
351 520
97 264
508 333
408 43
256 480
71 544
337 188
256 55
160 23
14 90
265 160
286 140
337 3
252 126
265 117
256 29
74 337
71 147
367 249
74 295
265 65
367 439
97 175
97 134
252 153
508 433
71 474
286 166
252 3
252 501
256 270
256 217
286 342
14 92
508 485
286 318
74 559
14 209
252 1
286 8
252 199
508 15
286 23
337 296
265 417
252 354
14 54
74 259
252 208
97 530
265 232
286 75
252 557
508 301
74 174
508 445
14 263
367 268
71 327
286 436
265 443
71 36
286 64
252 233
252 418
265 234
71 264
71 41
265 194
286 303
145 527
145 338
71 350
286 102
252 517
74 405
71 224
256 58
286 339
265 211
265 480
508 362
74 83
74 314
160 218
265 312
265 33
286 519
145 530
14 87
508 162
265 557
253 5
71 381
286 163
265 159
74 483
160 534
74 409
71 21
408 346
351 544
265 320
253 179
252 247
74 537
160 98
286 474
160 350
265 468
367 24
14 140
74 488
74 242
74 16
252 421
256 155
286 362
286 18
508 29
74 491
408 48
508 7
508 160
160 59
265 156
253 551
97 413
71 5
367 165
160 143
265 179
286 131
408 89
508 411
286 44
508 517
160 404
160 306
160 541
408 114
14 520
286 203
71 490
265 330
265 445
508 467
286 547
408 368
253 410
508 59
508 105
71 292
337 484
351 130
252 310
286 170
367 282
256 44
508 372
337 6
265 175
74 215
337 70
286 294
286 30
508 519
265 241
252 7
265 38
74 463
74 194
265 448
253 498
74 503
265 281
265 412
508 58
286 91
367 69
508 475
286 369
160 269
508 154
256 352
160 398
71 45
367 469
367 39
256 125
253 20
74 201
71 4
160 399
351 321
265 94
160 384
252 328
408 453
71 303
265 519
145 181
160 245
253 325
253 1
14 296
160 90
256 296
508 76
286 35
160 265
508 19
74 272
160 240
74 170
256 359
367 18
265 258
408 552
97 464
351 56
256 14
351 552
74 520
252 282
367 559
74 122
71 90
508 447
14 196
351 32
160 522
508 196
256 370
265 89
367 212
160 556
256 439
14 460
337 419
74 382
508 143
256 338
265 11
253 272
337 54
14 168
160 66
160 554
14 431
265 138
252 111
508 423
286 550
71 329
256 503
508 203
74 239
265 114
367 488
74 93
256 118
508 90
252 82
252 405
71 137
265 290
252 396
256 175
74 313
351 110
252 129
508 237
351 152
252 506
286 289
145 80
265 176
508 8
74 357
253 34
252 249
367 309
160 436
14 242
508 313
74 274
71 70
286 556
508 60
265 357
74 118
74 438
265 550
265 80
253 110
286 368
508 265
97 503
71 420
71 59
265 273
286 420
367 25
71 358
71 108
71 452
252 119
71 326
14 349
286 522
265 499
265 276
74 427
252 143
74 458
367 313
408 40
286 271
508 33
265 486
160 105
14 303
265 335
256 67
71 205
14 122
367 75
286 154
160 356
508 96
265 90
256 11
71 160
286 516
286 174
286 188
252 151
367 539
160 229
74 258
252 404
252 411
14 289
408 269
286 290
508 552
252 448
71 519
337 325
367 546
71 131
351 529
265 255
508 474
71 338
508 344
71 340
337 263
286 423
286 45
337 467
71 273
14 16
160 115
74 126
252 542
145 4
367 554
351 334
14 184
367 127
74 547
253 207
367 237
508 502
252 545
253 460
71 506
337 125
367 13
14 271
71 383
14 416
508 292
367 314
14 321
160 446
351 215
97 461
256 87
160 208
160 148
508 156
286 276
408 413
286 165
508 226
265 530
14 332
508 18
160 222
256 141
408 228
252 228
256 205
265 132
265 321
71 346
253 28
252 37
286 119
160 137
508 435
265 9
286 153
286 393
286 334
265 354
97 458
508 507
256 390
14 366
97 64
74 496
74 267
14 197
265 17
508 205
508 442
160 550
145 545
253 313
252 367
253 352
71 539
286 243
367 263
286 541
351 316
14 112
286 221
367 481
160 221
14 427
286 162
71 385
71 80
14 422
286 107
252 311
97 313
408 460
508 255
351 307
508 190
286 502
71 489
351 168
74 248
508 302
286 175
265 100
74 510
97 220
367 160
160 521
145 141
14 448
252 174
14 308
265 436
252 461
252 209
252 235
14 403
71 18
252 158
508 360
408 212
351 48
160 309
286 25
508 36
265 199
351 125
160 457
351 547
508 407
145 282
286 510
337 346
74 348
256 349
71 356
252 474
286 7
252 49
265 214
74 115
71 136
14 449
253 163
265 323
408 208
265 129
508 482
160 298
256 190
286 59
367 476
71 3
508 215
160 162
286 552
408 540
508 257
160 418
286 463
265 207
252 559
71 551
253 48
367 471
160 486
252 78
160 487
71 99
286 304
265 270
252 120
253 366
337 88
160 296
408 436
286 498
367 457
74 78
265 267
337 359
367 450
508 273
160 277
508 73
508 93
160 132
252 317
265 145
265 393
74 426
367 406
265 136
337 370
14 36
252 157
74 123
256 113
508 194
14 459
14 63
71 43
252 83
97 547
71 46
286 291
408 431
508 424
286 485
71 9
286 85
71 315
145 113
337 381
508 244
286 468
408 54
286 249
508 299
265 553
286 216
160 67
74 25
256 545
408 58
286 205
351 501
14 193
253 132
253 156
256 207
351 62
265 431
286 435
508 94
71 176
160 258
160 165
97 394
508 385
97 378
97 481
14 81
351 46
74 135
253 113
74 419
508 458
160 491
256 399
160 449
286 295
265 93
252 302
160 183
160 181
408 530
71 457
508 398
508 350
286 61
14 118
71 222
253 98
508 514
71 476
160 382
74 81
145 258
508 397
74 372
286 255
265 25
367 159
252 322
71 193
252 347
74 327
160 465
265 68
508 27
337 245
252 455
367 346
286 358
160 553
253 544
508 110
252 69
160 197
265 204
265 552
97 471
508 233
508 487
286 544
265 518
351 165
252 148
351 43
74 109
71 245
508 192
408 320
286 338
256 120
367 247
286 282
253 210
408 70
14 50
508 303
286 404
160 313
74 413
508 392
337 231
367 37
71 286
265 137
367 1
256 454
337 407
160 171
286 152
351 109
367 200
337 166
286 187
286 427
252 449
252 223
253 345
97 104
286 62
286 311
256 245
71 97
265 172
253 481
265 546
265 441
74 45
97 62
74 440
286 344
256 460
367 141
252 342
256 43
265 151
74 28
265 206
265 374
256 196
252 96
337 481
74 389
252 11
508 77
160 144
408 349
71 148
265 390
286 72
367 430
337 110
256 129
367 119
367 484
74 185
252 246
408 559
286 121
252 73
508 298
351 104
508 207
160 213
253 540
256 303
337 544
74 149
265 217
265 420
367 333
265 437
252 275
286 277
265 171
286 173
256 132
74 425
286 416
71 458
160 110
286 445
71 454
74 527
367 56
367 527
265 529
286 117
160 499
14 267
265 517
286 377
252 45
265 522
252 29
265 128
508 251
74 299
14 66
14 139
286 432
160 97
252 237
74 486
508 111
337 471
252 329
74 160
256 258
286 478
160 328
252 380
256 209
252 181
367 383
74 234
265 181
351 467
286 398
508 523
253 310
160 93
286 379
265 52
286 378
256 366
160 19
252 156
351 285
367 222
286 274
97 386
286 500
508 449
265 362
265 482
508 535
286 319
71 468
256 69
286 429
408 31
252 89
74 394
408 60
286 132
265 377
71 62
14 514
265 501
160 393
14 494
71 247
74 395
71 121
252 479
253 109
265 263
508 297
351 408
286 212
14 316
71 214
74 35
508 187
256 177
74 98
508 149
71 321
265 197
160 11
71 366
252 57
286 386
408 104
256 249
286 101
286 367
351 365
265 254
256 144
265 450
286 433
367 70
14 559
74 246
74 311
252 372
508 20
367 502
71 342
286 33
160 294
508 35
71 58
71 272
252 550
265 378
286 90
508 551
160 456
71 317
508 412
74 390
160 119
74 420
508 465
508 281
252 340
286 197
337 480
367 432
351 244
508 383
256 276
351 177
74 500
286 110
71 364
256 310
256 56
71 270
145 244
286 414
14 212
160 87
286 337
508 164
408 292
508 371
160 131
508 211
508 199
265 402
408 141
160 337
