6 1384
6 662
6 972
6 45
6 230
6 1334
6 141
6 276
6 946
6 212
6 431
6 1404
6 1218
6 650
6 875
6 919
8 1218
9 984
9 890
9 1081
9 686
16 171
24 536
24 957
24 1014
24 199
24 991
24 687
24 420
24 38
24 4
24 140
24 1402
24 1217
24 610
24 1069
24 365
24 14
24 344
24 734
24 1023
24 929
24 1300
25 286
25 594
25 716
25 230
25 1358
25 301
33 1175
35 285
35 94
35 1030
35 1218
35 770
35 938
38 616
38 571
38 1230
38 1283
38 1326
38 32
38 1136
38 286
38 1366
38 399
38 1014
38 1113
38 340
38 249
38 602
38 681
38 515
38 1158
38 1348
38 444
38 6
38 150
38 1018
38 1300
38 1187
38 677
38 953
38 153
38 563
38 562
38 956
38 104
38 830
38 1242
38 513
38 1394
38 517
38 1218
38 1102
38 141
38 922
41 286
41 94
41 771
61 551
61 647
61 566
61 771
61 827
61 992
61 128
61 38
62 941
62 67
64 463
64 964
64 1047
64 632
64 383
64 158
80 8
80 116
80 1041
80 1040
80 1305
80 188
80 47
80 690
80 129
80 225
80 1300
80 295
80 227
80 1337
80 707
80 1194
80 674
80 1289
80 1139
80 825
80 1255
80 407
80 43
80 771
80 140
80 6
80 1366
80 653
89 1047
106 1016
106 914
106 338
106 1375
106 940
106 99
106 528
106 1082
106 19
106 277
106 853
106 348
106 1168
106 74
106 103
106 1005
106 255
106 89
106 214
106 1181
106 975
106 1348
106 699
106 216
106 953
106 396
106 1258
106 250
106 638
106 188
106 716
106 681
107 895
107 1211
107 1321
109 498
109 963
109 638
109 1009
109 567
109 1254
111 145
116 128
116 298
116 540
126 463
127 749
128 320
128 1029
129 1358
129 278
129 859
131 684
134 888
141 1241
141 931
141 230
141 926
141 859
141 616
141 803
141 1404
141 1047
141 874
141 94
158 250
171 264
171 785
171 850
171 263
171 1014
171 1361
171 1154
171 906
171 487
171 1079
171 1230
171 1098
171 212
171 627
171 716
171 250
171 1283
171 310
171 650
171 632
171 507
171 528
171 173
171 554
171 953
171 1242
171 34
171 411
171 451
171 526
171 3
171 75
171 1047
171 84
171 6
171 1384
171 1134
171 1395
171 667
171 948
171 1045
171 332
171 301
171 31
171 153
171 129
171 481
171 102
171 743
171 875
171 640
171 803
171 116
171 977
171 1063
171 778
171 929
171 656
171 1151
171 1169
171 975
171 1167
171 1007
171 1009
171 340
171 517
171 286
171 126
171 974
171 403
171 1394
171 1371
171 995
171 896
171 81
171 463
171 738
171 587
171 741
171 1197
171 134
171 408
171 159
171 871
171 1168
171 1374
171 1369
171 1218
171 908
171 436
171 35
171 32
171 859
171 556
171 363
171 225
171 942
173 747
177 1390
179 97
179 171
179 394
180 94
180 1081
180 230
183 875
183 192
183 700
183 1321
183 278
183 277
183 774
183 486
183 596
183 792
183 634
183 149
183 991
183 1358
183 612
183 1337
183 957
183 1302
183 189
183 179
188 745
189 230
194 1047
194 301
197 803
199 741
200 998
207 34
220 1218
224 875
225 747
230 837
230 1306
230 1254
230 917
230 1394
230 306
230 1066
230 1374
230 807
230 1218
230 89
230 218
230 587
230 1371
230 383
230 400
230 1107
230 1403
230 1009
230 1187
230 831
230 1169
230 123
230 1278
230 189
230 342
230 1203
230 681
230 530
230 742
230 286
230 769
230 557
230 250
230 120
230 75
230 745
230 1320
230 50
230 25
230 1144
230 659
230 1030
230 1353
230 963
230 94
230 1291
230 498
231 1262
240 156
250 910
250 286
250 277
250 1375
250 831
250 888
250 1285
250 158
250 386
250 1217
250 1298
250 890
250 380
250 844
250 1306
250 1047
250 994
250 1360
250 1029
250 1030
250 680
250 171
250 424
250 1239
250 1365
250 433
250 594
267 758
273 366
275 608
275 153
275 171
275 1390
275 944
275 766
275 668
275 424
275 1182
275 953
275 749
275 1118
275 1181
275 744
275 145
275 1069
275 644
275 572
275 1064
276 926
278 1053
278 183
278 585
278 942
278 700
280 1007
280 686
280 1081
280 1353
286 1079
286 953
286 436
286 688
286 730
286 971
286 853
286 1025
286 360
286 785
286 1366
286 8
286 75
286 526
286 20
286 608
286 944
286 306
286 487
286 1230
286 1287
286 850
286 631
286 310
286 881
286 932
286 1113
286 54
286 1014
286 153
286 301
286 569
286 511
286 1215
286 556
286 1333
286 23
286 130
286 602
286 1338
286 1398
286 1283
286 975
286 450
286 1328
286 578
286 766
286 1047
286 109
286 1394
286 171
286 640
301 120
301 716
301 304
301 596
301 324
301 383
301 1320
301 1358
301 194
306 230
310 225
310 1210
310 44
310 1079
310 1042
310 232
310 237
310 654
310 120
310 41
310 436
310 172
310 1089
310 1357
310 466
310 923
310 650
310 171
310 803
310 1132
310 679
310 104
310 283
310 778
310 1014
311 162
320 1292
320 230
320 116
320 128
324 45
328 1059
340 18
340 124
340 1373
340 382
340 1400
340 307
340 346
340 387
340 1014
340 370
340 24
340 388
340 592
340 451
340 436
340 479
340 1072
340 103
340 907
340 1181
340 921
340 154
340 1208
340 991
340 189
340 342
340 652
340 953
340 650
340 183
340 229
340 1126
340 1023
340 964
340 410
340 369
340 486
340 1268
340 1394
340 280
340 1084
340 289
340 758
340 1326
340 1367
340 825
340 727
340 766
340 1082
340 851
340 527
340 1119
340 253
340 612
340 350
340 681
340 1380
340 1280
340 55
340 665
340 1404
340 188
340 1401
340 1200
340 632
340 809
340 1189
340 1092
340 512
340 263
340 85
340 518
340 47
344 1040
344 1374
344 523
355 386
355 380
355 704
355 1269
355 1334
355 503
366 273
367 777
383 1358
383 517
383 301
383 271
383 964
383 943
383 230
383 1044
383 697
383 1400
384 38
384 926
384 6
391 875
393 1378
394 6
394 931
394 627
394 352
400 129
400 1074
400 230
400 141
406 1197
406 1182
410 45
410 875
424 779
424 702
424 1065
424 1348
424 1353
431 141
431 384
431 120
433 1082
433 855
433 1201
433 668
433 499
433 487
436 349
436 610
436 684
436 1007
436 647
436 1287
436 688
436 608
436 1012
436 393
436 1337
436 50
436 1405
436 149
436 732
436 447
436 440
436 743
436 123
436 686
436 11
436 1008
436 54
436 1243
436 834
436 1358
436 1347
436 766
436 315
436 82
436 765
436 829
436 1181
436 340
436 362
436 383
436 542
436 825
436 1391
436 673
436 1260
436 417
436 405
436 243
436 172
436 45
436 1003
436 1326
436 1375
436 19
436 350
436 1059
436 81
436 632
436 1397
436 344
436 758
440 650
447 466
447 171
447 94
455 859
465 528
473 515
473 583
473 141
473 581
473 1287
473 1375
473 35
473 437
473 953
473 615
473 369
473 808
473 604
473 859
473 19
473 853
473 941
473 901
473 875
473 663
473 1176
473 391
473 1076
473 467
473 232
473 295
473 315
473 8
473 116
473 433
473 85
473 375
473 214
473 1030
473 742
473 1238
473 809
473 1023
473 806
473 1152
473 1198
473 755
473 691
473 747
473 1356
473 325
473 1129
473 109
477 594
477 1256
477 61
487 1169
498 207
499 433
503 1394
503 673
503 660
504 229
504 1233
504 760
504 1112
504 952
504 1265
504 598
504 709
504 464
504 1219
504 103
504 1375
504 757
504 875
504 16
504 734
504 1360
504 1287
504 173
504 1125
504 469
504 496
504 853
504 424
504 1325
504 120
504 724
504 985
504 1037
504 1014
504 396
504 491
504 1076
504 106
504 230
504 901
504 1056
504 1359
504 1019
504 747
504 41
504 214
504 827
504 812
504 344
504 1304
514 1398
514 687
514 1318
514 1252
514 1361
514 103
514 180
514 876
514 1269
514 1239
514 1390
514 997
514 1084
514 1195
514 401
514 900
514 1075
514 35
514 130
514 111
514 527
514 958
514 456
514 109
514 627
514 1196
514 264
514 690
514 544
514 1405
514 587
514 771
514 1047
515 1185
515 327
515 412
515 510
515 547
515 1239
515 731
515 628
515 1321
515 360
515 681
515 1387
515 410
515 732
515 1347
515 440
515 38
515 767
515 649
515 1013
515 80
515 502
515 803
515 196
515 84
515 1205
515 781
517 171
517 1218
517 383
523 344
528 1062
528 340
531 1358
531 1337
531 50
531 1166
531 825
531 1059
531 447
531 732
531 1391
531 194
531 1351
531 344
531 758
531 807
531 1012
531 1405
531 174
531 684
531 1007
531 123
531 82
531 841
531 81
531 1260
531 834
531 829
531 11
531 383
531 587
531 172
531 1155
531 850
531 430
531 765
531 103
531 1076
531 436
531 766
531 743
531 9
531 688
531 1098
531 393
531 6
531 315
531 417
531 1326
531 542
531 631
531 972
531 349
531 54
531 1373
538 941
539 985
539 325
539 1321
539 386
540 1166
541 1358
543 1366
551 61
555 94
556 1285
556 171
564 75
564 1262
564 380
566 419
566 433
566 650
566 1334
571 881
582 543
587 730
594 25
594 1098
594 477
594 1020
594 992
594 1234
594 686
595 700
595 1163
596 25
608 1358
608 632
614 463
614 1366
614 662
614 1300
614 530
614 1248
614 674
614 1144
614 294
614 3
614 386
614 513
614 571
614 668
614 1339
614 1047
614 680
614 306
614 31
614 764
614 653
614 116
614 598
614 123
614 126
614 511
614 964
614 16
614 1070
614 970
614 94
614 853
614 1187
614 14
614 1126
614 258
616 123
617 286
631 604
631 415
631 1369
631 152
631 1129
631 732
631 3
631 1402
631 1061
631 1366
631 1386
631 1321
631 528
631 141
631 514
631 1300
631 235
631 1082
631 1028
631 84
631 324
631 650
631 601
638 1320
638 109
638 1055
640 481
640 1047
641 171
650 138
650 117
650 1006
650 963
650 276
650 12
650 1321
650 886
650 850
650 198
650 1079
650 1015
650 380
650 779
650 195
650 498
650 162
650 1164
650 876
650 1142
650 14
650 688
650 489
650 786
650 1252
650 795
650 336
650 691
650 559
650 186
650 1129
650 440
650 975
650 77
650 373
650 568
650 953
650 803
650 873
650 508
650 1050
650 643
650 1328
650 1063
650 1360
650 500
650 1130
650 785
650 931
650 1390
650 93
650 1030
650 1381
650 721
650 486
650 1002
650 682
650 732
650 1072
650 1333
650 948
650 594
650 238
650 1175
650 1190
650 639
650 340
650 690
650 43
650 964
650 226
650 462
650 152
650 846
650 928
650 1183
650 1139
650 301
650 1090
650 692
650 1307
650 545
650 552
650 54
650 628
650 572
650 1405
650 1365
650 1324
650 35
650 1208
650 381
650 321
650 741
650 1071
650 709
650 1197
650 447
650 461
650 490
650 1239
650 697
650 526
650 647
650 1238
650 404
650 1076
650 817
650 610
650 425
650 514
650 680
650 902
650 969
650 250
650 487
650 1315
650 189
650 180
650 444
650 1191
650 1084
650 356
650 1207
650 1144
650 449
650 143
650 424
650 310
650 1316
650 569
650 456
650 542
650 1081
650 1053
650 958
650 517
650 158
650 1240
650 298
650 582
650 1214
650 1256
650 484
650 185
650 319
650 866
650 556
650 756
650 1187
650 215
650 686
650 1089
650 229
650 307
650 1268
650 705
650 1014
650 738
650 412
650 371
650 503
650 658
650 797
650 11
650 1312
650 6
650 429
650 896
650 341
650 1400
650 832
650 566
650 137
650 530
650 237
650 289
650 394
656 171
659 250
660 381
660 75
676 1390
681 96
686 890
686 1383
686 280
686 984
686 430
686 9
686 1081
691 760
691 383
691 578
691 222
702 398
704 399
704 38
704 3
704 562
704 1366
704 48
704 1208
704 1005
704 892
704 583
704 1134
704 1328
704 1236
704 273
704 953
704 1305
704 727
704 855
704 1014
704 1219
704 517
704 328
704 263
704 1077
704 614
704 572
704 1013
704 27
704 346
704 423
704 54
704 1270
704 480
704 1097
704 548
704 171
704 713
704 116
704 1015
704 974
704 1034
704 1347
704 970
704 104
704 1029
704 133
704 1069
704 602
704 936
704 56
704 1277
704 771
704 881
704 325
704 1041
704 1394
704 14
704 579
704 783
704 513
704 47
704 1283
704 349
704 1375
704 530
704 340
704 31
704 1364
704 764
704 1078
704 486
704 210
718 320
725 240
730 650
730 809
730 1047
730 994
730 1077
730 230
730 455
730 579
730 853
730 1018
736 773
741 301
741 199
741 338
741 171
743 1063
745 54
745 513
745 1000
745 31
745 1014
745 104
745 713
745 277
745 842
745 1101
745 456
745 1077
745 116
745 647
745 970
745 764
745 1222
745 325
745 1005
745 3
745 247
745 1366
745 598
745 1242
745 511
745 958
745 1072
745 614
745 783
745 751
745 214
745 126
745 1124
745 762
745 342
745 340
745 36
745 680
745 295
745 881
745 1406
745 1078
745 687
745 286
745 1029
745 106
745 249
745 572
745 77
745 56
745 1283
745 747
745 543
745 480
745 294
745 48
745 486
745 785
745 636
745 238
745 892
745 1264
745 380
745 491
745 423
745 806
745 463
745 953
745 704
745 136
745 1208
745 919
745 964
745 1263
745 1062
745 446
745 349
745 530
745 120
745 328
747 1144
747 478
747 173
748 1112
749 10
749 638
749 1152
749 127
749 1353
749 320
749 8
758 1181
758 1353
758 1047
758 1155
759 608
765 617
771 578
771 477
771 1333
771 1079
771 980
771 827
777 367
779 424
782 855
782 684
791 948
798 806
798 544
798 238
798 520
798 515
798 51
798 1176
798 489
798 436
798 437
798 275
798 152
798 1248
798 663
798 892
798 1182
798 1071
798 473
798 1197
798 615
798 1238
798 747
798 1287
798 325
798 514
798 129
798 225
798 602
798 19
798 1076
798 845
798 481
798 1162
798 1217
798 809
798 8
803 197
806 250
807 841
807 9
807 194
807 171
807 73
807 494
807 1076
807 890
807 430
807 686
808 447
808 1287
818 1029
834 1397
838 45
841 1081
841 9
841 686
841 366
842 807
847 1256
850 1255
850 1287
850 747
850 1295
850 341
850 375
850 995
853 652
853 1394
853 809
853 964
853 1195
853 39
853 369
853 932
853 713
853 571
853 461
853 687
853 1030
853 910
853 380
853 579
853 1264
853 481
853 1386
853 1230
853 714
853 92
853 1013
853 931
855 782
859 1007
859 455
859 34
859 555
859 1347
859 1074
859 768
859 141
861 403
868 1358
868 102
875 691
875 45
875 410
875 1062
875 499
875 362
875 171
875 264
875 602
875 1281
875 504
875 42
875 141
875 949
875 1404
875 1300
875 971
875 205
888 436
888 134
888 868
888 1285
890 984
890 1353
890 686
890 50
890 9
890 212
890 1081
892 1269
895 1159
895 975
896 6
896 1318
896 171
910 250
926 384
926 276
926 141
931 384
931 892
931 320
931 504
931 141
931 126
931 16
931 1300
931 985
935 594
935 676
942 146
942 1295
942 6
942 980
942 1125
942 1047
942 1218
943 383
944 0
944 550
944 188
944 831
944 94
944 267
964 383
964 668
964 126
964 538
964 1197
964 536
964 1223
964 1119
964 1352
964 692
964 188
964 139
964 1005
964 50
964 611
964 1217
964 386
964 454
964 915
964 665
964 1316
964 250
964 594
964 19
964 875
964 310
964 232
964 214
964 1238
964 1381
964 112
964 852
964 1148
964 861
964 1126
964 616
964 831
964 892
964 1317
964 807
964 295
964 1221
964 1242
964 38
964 1370
964 916
964 8
964 775
964 1062
964 614
964 1036
964 467
964 1375
964 714
964 1280
964 382
964 1084
964 1360
964 1025
964 103
964 943
964 1023
964 390
964 1195
964 705
964 734
964 473
964 663
964 805
964 581
964 400
964 129
964 51
964 941
964 437
964 64
964 1079
964 1076
964 1309
964 1014
964 806
964 660
964 845
964 901
964 1338
964 285
964 379
964 406
964 894
964 344
964 230
964 860
964 1404
964 958
964 669
964 149
964 881
964 376
964 1022
964 1033
964 1385
964 816
964 1176
964 92
964 871
964 968
964 109
964 375
965 62
975 341
975 1383
975 532
975 747
975 1014
975 53
975 467
975 1181
975 979
975 1059
975 1366
975 34
975 608
975 275
975 417
975 1273
975 357
975 540
975 855
975 89
975 631
975 811
975 917
975 691
975 1325
975 721
975 878
975 1217
975 264
975 1113
975 436
975 642
975 520
975 1318
975 45
975 1304
975 1001
975 1244
975 1182
975 831
975 110
975 370
975 717
975 134
975 109
975 153
975 6
975 205
975 449
975 801
975 237
975 716
975 926
975 749
975 1408
975 833
975 381
975 444
975 803
975 557
975 942
975 565
975 832
975 1360
975 647
975 408
975 1305
975 361
975 200
975 1390
975 165
975 1025
975 936
975 18
975 373
975 946
975 78
975 1104
975 1078
975 119
975 868
975 348
975 673
975 570
975 54
975 777
975 326
975 1236
975 738
975 1405
975 785
975 854
975 541
975 1235
975 526
975 1127
975 173
975 605
975 645
975 1230
975 15
975 778
975 846
975 515
975 1404
975 1161
975 522
975 1080
975 301
975 1326
975 903
975 374
975 183
975 148
975 699
975 1108
975 1089
975 940
975 73
975 579
975 155
975 85
975 1164
975 1139
975 1377
975 1177
975 1295
975 250
975 230
975 524
975 661
975 733
975 628
975 640
975 586
975 957
975 379
975 732
975 203
975 462
975 303
975 724
975 139
975 931
975 663
975 20
975 41
975 171
975 475
975 1205
975 412
975 209
975 44
975 145
975 517
975 359
975 1342
975 1098
975 681
975 1155
975 900
975 513
975 111
975 799
975 994
975 907
975 1046
975 396
975 825
975 27
975 324
975 740
975 411
975 336
975 556
975 614
975 981
975 810
975 1255
975 1337
975 915
975 380
975 1262
975 1053
975 306
975 944
975 23
975 842
975 538
975 1041
1009 188
1009 181
1009 175
1009 882
1009 925
1009 487
1009 699
1009 354
1009 1061
1009 932
1009 346
1009 179
1009 150
1009 965
1009 917
1009 810
1013 626
1013 1404
1013 669
1013 221
1013 529
1013 486
1013 653
1013 848
1013 581
1013 864
1013 1298
1013 1193
1013 211
1014 310
1020 594
1025 327
1025 340
1025 1109
1025 1375
1025 681
1025 707
1025 502
1025 958
1025 391
1025 654
1025 795
1025 614
1025 188
1025 1029
1025 853
1025 230
1025 1259
1025 1404
1025 149
1025 582
1025 1293
1025 734
1025 1239
1025 1300
1025 1125
1025 31
1025 304
1025 451
1025 27
1025 738
1025 79
1025 319
1025 1023
1025 589
1025 227
1025 727
1025 1126
1029 309
1029 1025
1029 908
1029 1299
1029 295
1029 116
1029 766
1029 1099
1029 130
1029 149
1029 1305
1029 972
1029 1117
1029 779
1029 247
1029 1186
1029 583
1029 567
1030 385
1030 608
1030 850
1030 975
1030 1227
1030 214
1030 853
1030 277
1030 41
1030 1375
1030 837
1030 1287
1030 230
1030 1258
1030 1126
1030 707
1030 1082
1030 348
1030 36
1030 848
1030 1078
1030 749
1030 1154
1030 1371
1030 594
1030 89
1030 1119
1030 964
1030 1343
1030 25
1030 914
1030 419
1030 250
1030 1307
1030 188
1030 264
1030 681
1030 544
1030 436
1030 344
1030 1016
1030 335
1030 907
1030 1168
1030 154
1030 528
1030 539
1030 998
1030 75
1030 35
1030 99
1030 919
1030 1333
1041 991
1053 122
1053 237
1053 1308
1053 1124
1053 1248
1053 1164
1053 171
1053 1084
1053 436
1053 145
1053 1076
1053 933
1053 412
1053 773
1053 91
1053 979
1053 293
1053 116
1053 1292
1053 363
1053 278
1053 344
1053 41
1053 755
1053 826
1053 958
1053 1375
1058 1293
1059 328
1062 861
1062 830
1062 782
1062 607
1062 1304
1062 1374
1062 149
1062 944
1062 1322
1062 64
1062 1230
1062 875
1062 184
1062 1155
1062 1242
1062 757
1062 1114
1062 141
1062 526
1062 136
1062 1400
1062 745
1062 1254
1062 1371
1062 506
1062 1279
1062 77
1062 129
1062 1331
1062 881
1062 412
1062 528
1062 1071
1062 831
1064 171
1064 78
1066 919
1072 1384
1074 859
1074 386
1074 171
1076 1380
1076 61
1076 171
1076 473
1081 890
1081 984
1081 9
1081 1007
1081 380
1081 280
1081 667
1081 50
1082 1375
1098 1275
1098 594
1098 855
1098 1262
1100 1226
1100 628
1100 36
1100 1107
1100 275
1100 677
1100 726
1100 818
1100 1375
1100 1397
1100 1304
1100 1347
1100 304
1100 1152
1105 1098
1109 294
1118 825
1119 271
1144 1223
1144 109
1144 238
1144 1188
1144 1005
1144 943
1144 230
1144 375
1144 225
1144 188
1144 875
1144 467
1144 1375
1144 941
1144 489
1144 112
1144 1204
1144 1152
1144 1307
1144 1023
1144 141
1144 325
1144 1287
1144 152
1144 693
1144 391
1144 1176
1144 663
1144 1111
1144 845
1144 24
1144 473
1144 916
1144 14
1144 809
1144 901
1152 749
1159 61
1166 1285
1166 540
1166 1065
1169 230
1169 1082
1175 33
1177 1338
1182 129
1188 205
1196 271
1201 433
1203 230
1210 94
1210 662
1210 0
1210 831
1210 342
1210 267
1211 664
1215 931
1218 436
1218 1049
1218 749
1218 46
1218 491
1218 1009
1218 146
1218 547
1218 1332
1218 842
1218 171
1218 957
1218 292
1218 1371
1218 517
1218 953
1218 1219
1218 673
1218 1366
1218 162
1218 446
1218 1342
1218 237
1218 1334
1218 230
1237 9
1241 141
1243 875
1243 194
1243 608
1243 800
1243 1358
1243 134
1244 38
1255 850
1256 477
1256 120
1256 1047
1256 660
1256 263
1256 1375
1256 847
1256 760
1262 1098
1262 673
1262 564
1267 1025
1267 1299
1267 747
1267 885
1267 650
1267 310
1267 608
1267 674
1267 1242
1267 785
1267 20
1267 150
1267 845
1267 410
1267 1366
1269 16
1285 310
1285 533
1285 1003
1285 1374
1285 829
1285 347
1285 362
1285 560
1285 1299
1285 11
1285 643
1285 50
1285 350
1285 165
1285 972
1285 917
1285 765
1285 447
1285 466
1285 875
1285 9
1285 87
1285 286
1285 1230
1285 54
1285 556
1285 349
1285 202
1285 697
1285 194
1285 314
1285 504
1285 800
1285 647
1285 542
1285 319
1285 686
1285 1397
1285 149
1285 344
1285 758
1285 524
1285 383
1285 958
1285 1326
1285 1358
1285 417
1285 766
1285 309
1285 544
1285 393
1285 651
1285 1337
1285 1239
1285 1197
1285 1047
1285 1166
1285 620
1285 311
1285 1012
1285 1082
1285 172
1285 948
1285 807
1285 430
1285 35
1285 103
1285 1252
1285 174
1285 53
1285 743
1285 405
1285 684
1285 1347
1285 1227
1285 1243
1285 250
1285 964
1285 582
1285 1312
1285 315
1285 201
1285 1059
1285 773
1285 1383
1285 825
1285 738
1285 850
1285 1008
1285 760
1285 230
1285 275
1285 888
1285 81
1285 243
1285 1310
1285 1405
1287 171
1287 1030
1287 264
1287 78
1287 45
1287 286
1288 123
1292 1320
1293 432
1294 594
1295 188
1295 1358
1295 1047
1295 278
1295 616
1295 808
1295 171
1295 478
1300 433
1300 875
1300 931
1304 769
1306 250
1306 230
1309 1281
1318 896
1318 95
1318 875
1318 1007
1320 596
1320 250
1320 875
1320 638
1321 230
1321 541
1321 701
1321 834
1321 1358
1321 607
1321 1333
1321 894
1321 183
1326 1366
1328 1216
1348 424
1353 424
1353 23
1353 890
1353 75
1353 280
1353 1281
1356 129
1365 1164
1365 230
1366 249
1366 1102
1366 1172
1366 1277
1366 277
1366 75
1366 210
1366 688
1366 380
1366 295
1366 511
1366 579
1366 1047
1366 1238
1366 145
1366 486
1366 2
1366 1033
1366 1356
1366 1013
1366 1195
1366 1062
1366 636
1366 1264
1366 340
1366 543
1366 714
1366 968
1366 258
1366 931
1366 881
1366 150
1366 1113
1366 103
1375 236
1375 847
1375 25
1375 319
1375 889
1375 946
1375 1001
1375 1171
1375 719
1375 380
1375 487
1375 38
1375 391
1375 229
1375 214
1375 288
1375 713
1375 94
1375 6
1375 1231
1375 849
1375 1307
1375 277
1375 1037
1378 1235
1390 424
1390 935
1390 177
1396 436
1402 1364
1402 32
1402 1056
1402 220
1402 1090
1402 538
1402 1218
1402 156
1402 873
1402 801
1402 387
1402 1317
1402 325
1402 657
1402 136
1402 616
1402 627
1402 1108
1402 845
1402 158
1402 1049
1402 197
1402 899
1402 466
1402 429
1402 272
1402 1233
1402 468
1402 1354
1402 563
1402 41
1402 875
1402 392
1402 1243
1402 715
1402 761
1402 103
1402 1278
1402 515
1402 1039
1402 1296
1402 810
1402 669
1402 872
1402 963
1402 331
1402 744
1402 436
1402 498
1402 1239
1402 1203
1402 807
1402 358
1402 499
1402 1135
1402 777
1402 66
1402 452
1402 138
1402 564
1402 868
1402 141
1402 420
1402 473
1402 631
1402 1110
1402 1086
1402 1314
1402 46
1402 1397
1402 754
1402 570
1402 61
1402 556
1402 1150
1402 83
1402 1047
1402 1009
1402 514
1402 790
1402 1230
1402 517
1402 218
1402 1291
1402 1014
1402 1196
1402 475
1402 1366
1402 681
1402 757
1402 454
1402 101
1402 1253
1402 1124
1402 324
1402 603
1402 565
1402 186
1402 1030
1402 444
1402 818
1402 1262
1402 1010
1402 702
1402 207
1402 354
1402 1240
1402 292
1402 1128
1402 843
1402 665
1402 1340
1402 758
1402 830
1402 1003
1402 769
1402 1320
1402 1077
1402 285
1402 722
1402 153
1402 1382
1402 1138
1402 575
1402 212
1402 476
1402 1286
1402 1076
1402 935
1402 541
1402 34
1402 350
1402 1226
1402 1089
1402 310
1402 1326
1402 1126
1402 152
1402 327
1402 1227
1402 655
1402 1008
1403 950
1403 639
1403 745
1403 824
1403 912
1403 245
1403 52
1403 170
1403 1010
1403 1297
1403 823
1403 507
1403 1269
1403 1360
1403 1064
1403 222
1403 36
1403 250
1403 700
1403 1189
1403 1190
1403 109
1403 24
1403 424
1403 439
1403 1187
1403 17
1403 254
1403 736
1403 365
1403 314
1403 200
1403 140
1403 1142
1403 648
1403 752
1403 391
1403 592
1403 23
1403 583
1403 1030
1403 1059
1403 403
1404 6
