1 406
1 589
1 620
1 311
1 563
1 482
1 639
1 668
1 593
1 790
1 819
1 454
1 427
1 178
1 823
1 329
1 29
4 64
4 446
4 441
4 476
4 41
4 363
4 96
4 300
4 481
4 728
4 387
4 515
4 220
4 496
4 642
4 548
4 370
4 750
4 105
4 186
4 946
4 864
4 128
5 706
14 673
14 534
14 161
14 249
14 591
14 409
14 551
14 752
14 433
14 510
14 672
15 785
15 249
15 280
15 600
15 672
15 945
15 916
15 277
15 858
20 550
20 501
22 362
22 590
22 342
22 623
22 813
22 228
22 627
22 939
22 86
22 892
22 131
22 470
22 534
24 94
24 382
24 4
24 296
24 642
24 137
24 370
24 864
24 64
24 767
24 590
24 481
24 220
24 669
24 41
24 387
24 242
24 363
24 128
24 750
24 441
24 756
24 523
26 522
26 819
26 858
26 888
26 673
26 556
26 368
26 89
26 86
26 804
26 462
26 600
26 616
28 905
28 435
28 471
28 785
28 755
36 114
37 892
37 543
38 936
38 226
38 190
38 499
38 9
38 736
38 290
38 515
38 250
38 213
38 864
38 635
38 64
38 687
38 573
38 30
38 620
38 61
38 610
38 319
38 96
39 709
39 522
39 766
39 249
39 815
39 85
39 26
39 631
39 33
39 534
39 595
39 741
39 556
39 819
39 406
39 87
39 528
39 673
39 452
39 518
39 319
39 470
39 124
39 328
40 676
40 833
40 426
40 64
40 378
40 96
40 386
40 864
40 441
40 226
40 662
40 939
40 233
40 813
40 736
40 362
40 687
40 515
40 250
40 936
40 342
41 475
41 211
41 226
41 681
41 24
41 500
41 786
41 328
41 186
41 276
41 370
41 581
41 496
41 792
41 222
41 190
41 486
41 242
41 128
41 854
41 67
41 216
41 520
41 538
41 4
41 406
41 40
41 499
41 788
41 212
41 387
41 916
41 687
41 736
41 57
41 94
41 864
41 546
41 554
41 300
41 117
41 85
41 901
41 902
41 54
41 465
41 363
41 728
41 634
41 144
41 121
41 112
41 414
41 815
41 343
41 481
41 482
41 476
41 745
41 718
41 198
43 876
43 769
43 736
43 212
43 943
43 506
43 783
43 639
43 493
43 635
43 117
43 625
43 44
43 908
43 184
43 198
43 649
43 819
43 739
43 311
43 882
43 784
43 154
43 919
43 497
43 134
43 239
43 330
43 188
43 650
43 613
43 174
43 424
47 896
47 751
47 700
47 8
47 638
47 624
47 445
47 377
47 779
48 789
54 641
54 465
54 874
54 788
54 22
54 144
54 581
54 749
54 115
54 520
54 41
54 441
54 250
54 470
54 211
54 499
54 515
54 945
54 317
57 864
57 54
57 874
57 233
57 515
57 641
57 662
57 499
57 250
57 475
57 319
57 520
57 147
57 211
57 901
64 96
64 736
64 463
64 41
64 186
64 496
64 94
64 233
64 874
64 901
64 363
64 85
64 936
64 190
64 788
64 319
64 515
64 4
64 40
64 386
64 112
64 520
64 105
64 137
64 477
64 484
64 103
64 700
64 610
64 475
64 226
64 54
64 24
64 117
64 211
64 946
64 242
64 538
64 195
64 370
64 838
64 216
64 67
64 115
64 476
64 864
64 296
64 148
64 220
64 916
64 634
64 745
64 307
64 750
66 486
67 8
67 831
67 700
67 484
67 481
67 374
67 104
67 792
67 441
67 575
67 333
67 41
67 567
67 377
67 303
67 11
67 731
67 96
67 64
67 123
67 751
67 314
67 499
67 624
67 864
67 445
67 815
67 604
69 749
71 249
72 43
72 506
72 245
72 639
72 378
72 424
72 329
72 188
72 282
72 563
72 330
72 29
72 919
72 311
72 784
72 613
72 512
72 172
72 625
72 178
72 493
72 593
72 679
72 549
72 606
72 876
72 819
72 497
72 790
72 174
72 650
72 528
73 294
74 691
74 393
74 249
80 312
81 544
85 916
85 195
85 741
85 556
85 687
85 623
85 892
85 106
85 932
85 905
85 320
85 470
85 876
85 365
85 902
85 539
85 124
85 482
85 528
85 515
85 141
85 254
85 485
85 441
85 311
85 96
85 368
85 838
85 864
85 406
85 319
85 639
85 906
87 600
87 195
87 470
87 364
87 161
87 192
87 560
87 945
87 409
87 510
87 15
87 911
87 583
89 160
89 657
89 858
89 623
89 253
89 824
89 365
89 84
89 562
89 514
89 633
89 600
89 26
89 99
90 278
90 317
96 198
96 38
96 850
96 220
96 242
96 148
96 864
96 750
96 581
96 328
96 838
96 128
96 441
96 216
96 786
96 916
96 465
96 745
96 482
96 481
96 307
96 24
96 296
96 749
96 662
96 642
96 94
96 634
96 211
96 456
96 687
96 901
96 681
96 496
96 64
96 406
96 190
96 186
96 854
96 499
96 387
96 700
96 233
96 610
96 343
96 40
96 386
96 250
96 946
96 736
96 788
96 115
96 475
98 550
99 253
106 85
106 694
106 856
106 182
106 238
106 538
106 406
108 418
108 438
111 447
111 93
112 441
112 104
112 662
112 276
112 801
112 333
112 121
112 477
112 64
112 339
112 779
112 103
112 374
112 554
112 250
112 499
112 700
112 505
112 414
112 319
112 144
112 864
112 96
112 515
112 896
113 720
113 816
114 36
115 96
115 915
115 581
115 656
115 441
115 319
115 515
115 679
115 498
115 64
116 501
116 676
116 711
116 725
118 461
121 8
121 792
121 546
121 700
121 772
121 575
121 815
121 714
121 554
121 212
121 638
121 441
121 624
121 67
121 654
121 365
122 852
124 249
124 182
124 85
124 588
124 39
124 575
124 254
124 623
124 608
124 539
124 932
124 854
125 540
125 365
125 804
125 585
125 469
125 721
127 505
127 382
127 590
127 812
127 41
127 69
127 496
127 314
127 445
127 946
127 441
127 220
128 105
128 481
128 300
128 642
128 370
128 64
128 515
128 220
128 662
128 946
128 24
128 669
128 500
128 387
128 319
128 496
128 94
128 137
128 681
129 379
129 763
129 892
129 424
129 141
129 172
129 804
129 819
129 482
131 22
131 691
131 506
132 657
132 824
133 773
133 676
133 648
133 939
133 461
133 850
137 745
137 41
137 523
137 64
137 600
137 96
137 296
137 750
137 892
137 548
137 186
137 500
137 946
137 220
137 242
137 888
137 515
137 105
137 496
137 924
137 481
137 669
137 387
137 358
137 662
137 642
139 905
139 37
139 854
139 39
139 275
139 351
139 902
139 28
141 249
141 86
141 365
141 482
141 873
141 892
141 485
141 804
141 423
141 29
141 852
141 310
141 129
141 751
141 205
141 85
141 238
141 438
141 888
141 763
141 768
141 752
141 360
141 736
141 539
144 641
144 749
144 477
144 901
144 375
144 41
144 475
144 96
144 515
144 520
144 54
144 864
144 441
146 250
150 225
153 600
153 55
153 604
156 727
156 63
156 661
156 68
156 44
156 739
156 39
156 687
156 154
156 935
156 40
156 239
156 532
157 205
161 945
161 15
161 591
161 87
161 672
167 310
169 310
172 249
172 639
172 679
172 784
172 769
172 485
172 29
172 188
172 892
172 620
172 828
172 876
172 616
172 451
172 589
172 482
177 490
177 271
177 888
182 538
182 106
182 124
182 539
182 238
182 694
182 85
184 679
184 378
184 44
184 608
184 813
184 739
184 882
184 401
184 29
184 783
184 386
184 43
184 625
184 575
184 311
184 117
184 3
184 188
184 769
184 424
184 833
184 348
184 876
184 497
184 911
184 135
184 212
184 40
184 790
184 330
184 265
184 736
184 239
184 307
184 943
184 512
185 676
186 643
186 318
186 64
186 319
186 642
186 797
186 96
186 946
186 523
186 314
186 94
186 220
186 750
186 496
186 242
186 4
186 476
186 669
186 194
186 300
186 41
186 862
186 128
186 541
186 609
186 505
186 864
186 214
186 441
186 363
189 875
189 470
189 794
189 270
190 41
190 250
190 368
190 319
190 470
190 89
190 513
190 343
190 405
190 676
190 374
190 38
190 864
190 850
190 939
190 64
190 703
190 441
195 482
195 560
195 945
195 673
195 672
195 96
195 591
195 433
195 838
195 515
195 87
195 864
195 850
195 409
195 902
195 41
195 14
196 677
196 278
196 243
196 317
196 816
196 824
196 92
196 164
205 906
205 710
205 238
205 298
205 141
205 735
205 746
205 157
205 815
205 124
205 539
205 546
205 556
205 623
205 564
205 30
205 905
205 694
205 254
207 368
207 639
207 556
207 324
208 711
210 406
210 623
211 662
211 901
211 445
211 520
211 144
211 375
211 475
211 112
211 41
211 64
211 441
211 96
211 788
213 573
213 501
213 421
213 290
213 222
213 687
213 38
216 623
216 319
216 782
216 328
216 564
216 482
216 588
216 456
216 406
216 854
216 249
216 834
216 556
216 905
216 365
216 64
216 804
220 186
220 681
220 745
220 728
220 767
220 797
220 864
220 64
220 319
220 363
220 96
220 24
220 94
220 481
220 500
220 296
220 387
220 382
220 590
220 4
220 756
220 300
220 946
220 242
222 386
222 610
222 190
222 233
222 259
222 250
222 38
222 367
222 620
222 687
222 441
222 328
222 290
222 736
222 30
222 786
222 9
222 96
222 421
222 319
222 513
224 550
225 365
225 470
225 892
225 833
225 320
226 250
226 307
226 441
226 662
226 386
226 38
226 233
226 936
226 222
226 64
226 96
226 687
227 129
227 485
228 22
228 243
228 627
228 691
228 758
228 939
228 86
231 470
231 793
231 489
231 225
231 362
231 616
231 89
231 320
233 515
233 307
233 486
233 465
233 687
233 901
233 463
233 117
233 319
233 38
233 874
233 212
233 864
233 40
233 198
233 41
233 936
233 343
233 222
233 96
234 687
238 106
238 9
238 406
238 569
238 205
238 141
238 85
238 482
238 623
238 635
245 427
245 875
245 454
245 293
245 329
245 265
245 639
245 790
245 606
245 796
245 188
245 29
245 625
245 198
245 9
245 783
245 43
245 451
245 784
245 610
245 559
245 563
245 650
245 823
245 828
245 769
245 593
245 841
245 908
245 876
245 807
245 819
245 679
245 424
245 365
245 311
249 15
249 86
249 932
249 575
249 365
249 353
249 362
249 641
249 676
249 564
249 210
249 815
249 888
249 694
249 623
249 74
249 89
249 336
249 22
249 124
249 129
249 320
249 216
249 710
249 834
249 85
249 804
249 269
249 819
249 275
249 14
249 539
249 482
249 752
249 551
249 368
249 751
249 485
249 542
249 310
249 472
249 425
250 936
250 815
250 786
250 788
250 741
250 339
250 634
250 499
250 226
250 146
250 700
250 703
250 64
250 198
250 546
250 54
250 222
250 96
250 874
250 736
250 41
250 307
250 445
250 662
250 112
250 40
250 233
250 190
253 327
253 579
253 633
254 852
254 539
254 694
254 854
254 482
254 623
254 124
254 85
255 854
255 905
255 28
256 310
259 513
259 38
259 222
263 340
267 114
269 676
269 777
269 249
269 920
270 518
270 892
270 793
270 338
271 901
271 375
271 788
271 177
275 556
275 406
275 139
275 892
275 623
276 831
276 441
276 477
276 801
276 718
276 41
277 623
277 688
277 423
277 15
278 90
278 317
278 196
278 320
278 809
278 59
278 399
281 854
281 905
287 328
288 782
288 556
288 461
288 368
289 365
292 36
296 128
296 946
296 756
296 242
296 476
296 94
296 319
296 387
296 220
296 137
296 500
296 300
296 523
296 41
296 105
296 662
296 441
296 728
296 681
297 121
297 8
297 772
297 896
297 604
297 373
297 303
297 751
297 104
297 654
297 377
297 779
298 802
298 514
298 205
300 94
300 41
300 496
300 64
300 128
300 186
300 319
300 96
300 669
300 214
300 220
300 500
300 441
300 24
300 523
300 387
300 476
300 242
300 750
300 515
309 657
309 345
309 556
310 256
310 235
310 659
310 141
310 867
310 365
310 0
310 632
310 930
310 908
310 193
310 622
310 398
310 840
316 942
316 834
317 278
317 394
317 54
317 196
317 90
317 59
317 858
317 342
317 92
317 677
317 362
317 164
319 470
319 902
319 750
319 38
319 864
319 195
319 687
319 363
319 441
319 786
319 226
319 476
319 481
319 831
319 850
319 4
319 445
319 745
319 94
319 523
319 64
319 496
319 370
319 901
319 41
319 212
319 40
319 67
319 669
319 186
319 406
319 137
319 538
319 916
319 54
319 515
319 634
319 936
319 749
319 456
319 233
319 242
319 328
319 198
319 96
319 39
319 250
319 216
319 486
319 220
319 128
319 387
319 874
319 946
319 300
320 231
320 189
320 470
320 482
320 564
320 243
320 518
320 59
320 852
320 85
320 2
320 892
320 365
320 824
320 216
320 793
320 538
320 278
320 394
322 332
322 575
322 174
324 424
324 528
324 876
324 828
324 329
324 427
324 823
324 819
324 451
324 311
328 456
328 64
328 61
328 259
328 38
328 222
328 854
328 319
328 541
328 39
328 838
328 216
328 804
328 858
328 782
331 399
331 616
331 600
331 794
331 470
331 26
332 311
332 397
332 739
332 830
332 378
332 442
332 783
332 833
332 528
332 911
332 29
332 44
332 18
332 772
332 181
332 322
332 625
332 876
332 539
332 247
332 239
332 620
332 134
332 784
332 679
332 497
332 559
332 943
332 245
332 424
332 265
332 427
332 330
332 386
332 307
332 154
332 819
332 635
332 908
332 86
334 836
334 657
334 665
334 556
336 406
336 482
336 804
338 470
338 793
338 518
338 320
339 792
339 441
339 445
339 847
339 864
339 112
339 250
339 824
339 499
340 263
341 739
341 497
341 639
341 813
341 892
341 43
341 635
341 506
341 386
341 117
341 135
341 833
341 911
341 247
341 736
341 154
341 181
341 212
341 943
341 18
341 397
341 401
341 378
341 332
341 482
341 559
341 29
341 876
341 512
341 515
341 239
342 22
342 228
342 691
342 317
342 54
342 627
342 892
342 534
342 939
342 362
342 858
342 249
342 470
343 117
343 406
343 864
343 935
343 786
343 441
343 68
343 61
343 463
343 41
343 374
343 486
343 515
343 499
343 233
343 212
345 556
345 365
345 838
345 824
345 309
346 551
348 620
348 819
348 876
348 424
348 184
348 942
353 425
353 249
354 177
354 735
354 133
354 676
354 461
355 634
358 590
358 382
358 946
358 137
358 496
358 482
359 594
360 141
362 833
362 85
362 231
362 54
362 902
362 22
362 623
362 471
362 694
362 365
362 394
362 892
362 739
362 687
362 627
362 269
362 249
362 939
362 858
362 317
363 94
363 242
363 649
363 745
363 4
363 96
363 862
363 669
363 296
363 643
363 186
363 515
363 498
363 128
363 387
363 24
363 41
363 481
363 609
363 642
363 476
363 137
363 500
363 266
363 946
364 25
364 197
364 137
364 928
364 890
364 46
364 600
364 904
364 351
364 389
364 583
364 821
364 912
364 672
364 558
365 657
365 286
365 190
365 739
365 93
365 86
365 424
365 63
365 706
365 703
365 634
365 639
365 939
365 858
365 846
365 888
365 479
365 694
365 903
365 418
365 216
365 682
365 125
365 824
365 472
365 57
365 368
365 141
365 935
365 288
365 828
365 482
365 736
365 804
365 265
365 741
365 648
365 212
365 874
365 564
365 630
365 207
365 525
365 89
365 758
365 456
365 225
365 819
365 174
365 379
365 650
365 892
365 362
365 528
365 198
365 481
365 465
365 389
365 44
365 620
365 827
365 289
365 351
365 205
365 852
365 687
365 759
365 406
365 320
365 107
365 522
365 722
365 752
365 678
365 940
365 875
365 766
365 679
365 834
367 9
367 213
367 501
367 573
367 620
367 421
368 44
368 89
368 207
368 187
368 85
368 819
368 129
368 763
368 113
368 892
368 365
368 736
368 556
368 485
368 9
368 26
368 249
368 30
370 94
370 500
370 523
370 319
370 363
370 137
370 642
370 41
370 186
370 441
370 745
370 750
370 669
370 220
370 300
370 387
370 496
370 728
370 128
375 831
375 271
375 211
375 665
375 718
375 276
375 144
375 441
375 112
377 624
377 333
377 47
377 604
377 123
377 297
377 481
377 373
377 8
377 303
377 700
377 638
377 103
377 11
377 67
377 78
378 823
378 198
378 497
378 245
378 739
378 265
378 736
378 784
378 18
378 330
378 40
378 679
378 639
378 184
378 29
378 932
378 620
378 919
378 819
378 783
378 247
378 943
378 341
378 882
378 635
378 174
378 608
378 908
378 650
378 424
378 442
378 559
378 833
378 876
378 828
378 401
379 212
379 141
379 368
379 227
379 129
379 819
379 616
379 423
379 804
379 892
379 763
379 651
379 888
382 387
382 220
382 756
382 496
382 358
382 669
382 481
382 803
382 706
386 512
386 319
386 378
386 482
386 332
386 94
386 96
386 307
386 233
386 499
386 341
386 441
386 43
386 406
386 156
386 662
386 40
386 64
386 226
386 117
386 736
386 610
386 181
386 247
387 41
387 758
387 105
387 128
387 127
387 669
387 523
387 481
387 862
387 382
387 651
387 96
387 152
387 505
387 441
387 797
387 515
387 864
387 500
387 649
387 466
387 728
387 296
387 4
387 476
387 194
387 94
387 642
387 363
387 24
393 616
393 793
393 231
394 314
394 90
394 164
394 54
394 677
394 317
394 92
394 59
394 809
394 22
394 362
394 320
398 310
399 152
399 317
399 649
399 331
399 609
399 394
399 90
399 682
401 184
401 212
401 506
401 29
401 559
401 911
401 493
401 72
401 341
401 332
401 247
406 210
406 563
406 485
406 852
406 482
406 96
406 277
406 141
406 178
406 275
406 759
406 182
406 709
406 319
406 636
406 513
406 815
406 39
406 623
406 564
406 190
406 64
406 710
406 85
406 850
406 549
406 212
406 593
406 342
406 515
406 888
406 249
406 254
406 691
406 336
406 205
406 343
406 238
406 878
406 397
406 589
406 423
406 804
406 838
406 786
407 902
410 456
414 477
414 41
414 441
414 831
420 491
420 406
423 722
423 425
423 406
423 852
423 249
423 556
423 482
423 752
423 71
423 141
425 423
425 623
425 406
425 804
426 595
426 924
426 832
426 635
426 40
426 424
426 469
433 87
433 945
433 14
435 85
435 755
435 522
435 905
435 351
435 794
435 888
435 456
435 785
435 139
435 543
435 857
436 448
436 719
436 365
438 141
438 852
438 205
438 569
439 916
441 128
441 370
441 850
441 831
441 486
441 186
441 854
441 815
441 896
441 902
441 339
441 554
441 481
441 786
441 307
441 750
441 700
441 718
441 687
441 634
441 662
441 296
441 85
441 406
441 482
441 745
441 500
441 216
441 300
441 520
441 496
441 515
441 222
441 801
441 641
441 575
441 375
441 4
441 499
441 581
441 41
441 198
441 669
441 445
441 40
441 242
441 144
441 546
441 103
441 190
441 276
441 736
441 328
441 117
441 343
441 137
441 67
441 610
441 656
441 864
441 728
441 333
441 363
441 901
445 441
445 103
445 375
445 276
445 896
445 121
445 575
445 927
445 447
445 477
445 144
445 211
445 96
445 499
445 801
445 792
445 127
445 64
445 779
445 700
445 112
445 641
445 333
445 484
445 250
446 505
446 918
447 445
448 436
452 39
456 64
456 281
456 417
456 892
456 471
456 782
456 905
456 515
456 491
456 41
456 555
456 804
456 365
456 435
456 902
456 139
456 678
456 216
456 319
456 824
456 854
456 96
456 914
456 509
458 819
458 329
458 457
458 650
458 733
458 3
461 354
461 850
461 676
461 133
461 118
461 939
461 735
463 671
463 703
463 935
463 330
463 677
463 634
463 741
463 630
463 239
463 486
463 198
463 117
463 441
463 343
463 332
463 493
463 247
463 864
463 687
463 134
463 319
463 739
463 427
464 522
465 96
465 250
465 499
465 648
465 515
465 57
465 441
465 788
465 271
465 864
465 874
469 539
469 540
469 365
469 710
469 125
469 595
470 107
470 89
470 216
470 54
470 600
470 441
470 409
470 270
470 150
470 892
470 515
470 195
470 154
470 22
470 785
470 87
470 623
470 86
470 190
470 393
470 616
470 362
470 85
470 338
470 482
470 368
470 5
470 641
470 858
470 913
470 857
470 556
470 319
470 189
470 342
470 564
470 687
470 672
470 96
470 160
470 793
470 518
470 734
471 435
471 362
471 456
471 139
471 82
471 491
472 482
472 406
472 249
472 564
475 749
475 319
475 441
475 662
475 641
475 57
475 64
475 211
475 54
475 936
477 276
477 112
477 375
477 257
477 831
477 641
477 41
477 64
477 441
477 484
477 718
477 103
477 864
477 414
481 24
481 242
481 523
481 496
481 319
481 41
481 854
481 669
481 888
481 721
481 128
481 78
481 515
481 896
481 123
481 363
481 745
481 377
481 945
481 785
481 370
481 296
481 387
481 105
481 365
481 642
481 300
481 476
481 220
481 137
481 946
481 662
482 254
482 341
482 336
482 441
482 564
482 528
482 838
482 834
482 277
482 563
482 178
482 815
482 129
482 41
482 216
482 623
482 406
482 379
482 96
482 425
482 850
482 852
482 182
482 593
482 39
482 205
482 575
482 902
482 691
482 864
482 238
482 249
482 141
482 546
482 485
482 876
482 515
482 106
482 589
482 424
482 878
482 397
482 1
482 709
482 833
482 694
485 842
485 482
485 406
485 172
485 751
485 154
485 892
485 538
485 539
485 227
486 634
486 117
486 517
486 212
486 96
486 64
486 515
486 343
486 66
486 441
490 804
490 177
491 804
491 902
491 420
496 643
496 319
496 523
496 728
496 127
496 500
496 152
496 186
496 220
496 387
496 662
496 296
496 649
496 94
496 64
496 864
496 745
496 609
496 411
496 137
496 441
496 481
496 655
496 363
496 894
496 4
496 370
496 642
496 767
496 300
496 105
498 853
498 363
498 656
498 915
498 945
499 54
499 662
499 198
499 736
499 816
499 146
499 67
499 40
499 57
499 687
499 212
499 864
499 463
499 41
499 112
499 815
499 386
499 700
499 546
499 271
499 190
499 788
499 445
499 786
499 515
499 226
499 874
499 936
500 642
500 186
500 300
500 96
500 387
500 750
500 105
500 946
500 728
500 4
500 24
500 523
500 94
500 481
500 296
500 242
500 64
500 319
500 864
500 220
501 9
501 573
501 786
501 190
501 513
501 213
501 20
501 61
501 635
501 30
506 943
506 783
506 790
506 493
506 135
506 919
506 650
506 332
506 401
506 330
506 876
506 882
506 72
506 265
506 608
506 386
506 181
506 198
506 239
506 625
506 247
506 873
506 424
506 463
506 497
506 397
506 539
506 131
506 559
506 833
506 613
506 736
506 43
506 828
506 575
506 932
509 905
512 198
512 117
512 330
512 43
512 741
512 239
512 72
512 424
512 506
512 154
512 188
512 736
512 44
512 493
512 184
514 298
514 393
515 465
515 103
515 328
515 117
515 319
515 341
515 484
515 57
515 786
515 538
515 137
515 441
515 116
515 4
515 642
515 854
515 96
515 481
515 662
515 250
515 300
515 186
515 850
515 736
515 105
515 463
515 864
515 242
515 195
515 520
515 838
515 788
515 745
515 406
515 296
515 916
515 41
515 610
515 128
515 634
515 64
515 370
515 387
515 728
515 222
515 946
515 307
515 190
515 476
515 94
515 499
515 226
515 148
515 475
515 750
518 249
518 320
518 338
518 793
518 556
522 470
522 556
522 471
522 464
522 892
522 600
522 888
522 26
522 39
522 409
524 691
524 362
525 365
526 310
528 888
528 482
528 29
528 892
528 650
528 919
528 736
528 556
528 589
528 365
528 942
528 72
528 635
528 625
528 172
528 324
528 86
528 610
528 174
528 679
528 828
528 784
528 85
528 769
528 275
528 451
528 908
528 376
528 606
528 442
529 732
532 846
532 739
532 239
532 736
532 156
534 22
534 758
534 813
534 342
534 627
534 694
534 228
534 691
538 365
538 469
538 564
538 85
538 141
538 850
538 864
538 96
538 182
538 694
538 320
538 539
538 406
538 485
538 216
538 64
538 195
538 249
538 515
538 902
538 482
539 485
539 406
539 141
539 694
539 254
539 341
539 205
539 623
539 249
539 575
539 124
539 538
539 741
539 932
539 556
539 39
539 456
539 332
539 758
539 878
540 832
540 125
540 595
540 469
541 838
541 588
541 881
541 186
541 456
541 905
541 804
541 585
541 854
542 623
543 721
543 804
543 904
543 657
543 757
543 389
546 575
546 121
546 205
546 249
546 499
546 339
546 815
546 39
546 482
546 792
546 67
546 700
546 112
548 137
549 589
549 593
549 613
549 679
549 152
549 828
549 282
549 649
549 306
549 1
549 265
549 427
549 482
549 676
549 406
549 72
549 606
549 240
549 575
550 98
550 267
550 20
550 551
550 838
551 857
551 346
551 854
551 249
551 14
553 539
554 864
554 803
554 445
554 792
554 363
554 575
554 67
554 623
554 112
554 750
556 539
556 694
556 362
556 541
556 528
556 87
556 205
556 39
556 129
556 29
556 892
556 731
556 461
556 793
556 594
556 819
556 634
556 946
556 687
556 678
556 939
556 334
556 216
556 810
556 616
556 137
556 4
556 379
556 298
556 735
556 905
556 808
556 470
556 207
556 768
556 785
556 888
556 351
556 824
556 752
560 14
560 945
560 409
561 713
561 935
561 239
564 216
564 538
564 546
564 365
564 406
564 834
564 472
564 710
564 482
564 249
569 141
569 538
569 205
569 30
569 365
569 635
569 9
575 589
575 623
575 124
575 112
575 40
575 397
575 546
575 864
575 249
575 676
575 1
575 67
575 406
575 445
575 554
575 441
575 549
575 178
575 184
575 41
575 593
576 496
581 864
581 616
581 926
581 64
581 945
581 515
581 96
581 853
581 115
581 656
582 10
584 644
585 819
585 540
585 86
585 469
585 365
585 426
589 609
589 365
589 894
589 293
589 694
589 178
589 649
589 819
589 549
589 172
589 828
589 1
589 924
589 563
589 505
589 616
590 754
590 358
590 22
590 382
590 669
590 756
590 127
590 946
590 505
590 387
590 24
590 220
594 359
595 832
595 585
595 710
595 469
595 39
595 426
599 310
600 138
600 137
600 892
600 89
600 673
600 435
600 916
600 470
600 331
600 338
600 756
600 320
600 888
600 325
600 364
600 604
600 556
600 365
600 863
600 804
600 741
600 299
600 202
600 879
600 903
600 858
600 153
600 270
604 306
604 792
604 432
604 112
604 67
604 8
604 505
604 123
604 297
604 530
604 638
604 333
604 153
613 29
613 876
613 828
613 830
613 790
613 620
613 606
613 563
613 442
613 679
613 72
613 43
613 306
613 265
613 451
613 282
613 184
613 610
613 819
613 625
613 198
613 908
613 152
614 803
614 669
616 581
616 346
616 498
616 26
616 231
616 945
616 522
616 589
616 379
616 853
616 115
616 393
622 310
623 277
623 89
623 275
623 542
623 22
623 15
623 470
623 564
623 852
623 39
623 365
623 320
623 362
623 254
623 210
623 858
623 804
623 85
623 554
623 863
623 425
623 472
623 379
623 539
623 249
623 238
623 759
623 758
624 481
624 437
624 466
624 604
624 67
624 751
624 297
624 377
624 779
624 78
624 123
624 374
624 373
624 8
624 333
624 505
624 121
624 47
627 534
627 228
627 362
630 687
630 146
630 198
630 512
630 671
630 307
630 63
630 736
630 846
630 13
633 253
636 482
636 732
637 691
638 121
638 772
638 377
638 373
638 779
638 530
638 654
638 78
638 104
638 314
638 8
638 792
638 11
638 47
641 470
641 864
641 901
641 520
641 249
641 456
641 831
641 441
641 64
641 96
641 662
641 445
641 112
641 375
641 788
641 211
642 500
642 662
642 745
642 186
642 96
642 319
642 643
642 64
642 496
642 523
642 669
642 24
642 4
642 681
642 481
642 864
642 515
642 609
642 476
642 318
642 363
642 862
642 220
642 411
642 242
644 584
648 465
648 788
648 461
648 939
648 354
648 874
648 676
651 152
651 643
651 379
651 186
651 194
651 758
651 387
655 756
655 767
655 24
655 803
655 669
655 496
655 714
656 581
656 498
656 915
656 441
656 115
657 824
657 202
657 299
657 470
657 836
657 665
657 320
657 778
657 543
657 25
657 577
657 748
657 892
657 175
657 903
657 365
662 233
662 745
662 901
662 137
662 307
662 144
662 220
662 300
662 363
662 222
662 465
662 226
662 64
662 874
662 499
662 105
662 186
662 40
662 750
662 523
662 319
662 500
662 54
662 441
662 57
662 296
662 936
662 749
662 94
662 24
662 211
662 476
662 610
662 370
662 481
662 41
664 851
666 466
666 4
669 94
669 481
669 96
669 319
669 728
669 767
669 128
669 745
669 803
669 946
669 614
669 4
669 655
669 515
669 662
669 127
669 363
669 382
669 411
669 318
669 24
669 300
669 387
669 642
669 643
669 105
669 864
669 609
669 137
673 339
673 824
673 365
673 945
673 14
673 6
673 87
676 735
676 773
676 148
676 1
676 786
676 133
676 411
676 758
676 856
676 850
676 314
676 118
676 593
676 557
676 406
676 178
676 269
676 354
676 505
676 939
676 387
676 772
676 116
676 190
676 185
678 470
678 616
678 556
678 365
682 399
682 331
682 634
683 746
687 671
687 135
687 41
687 423
687 650
687 515
687 727
687 307
687 134
687 238
687 117
687 198
687 141
687 470
687 30
687 362
687 556
687 38
687 64
687 852
687 174
687 639
687 355
687 222
687 581
687 841
687 441
687 739
687 593
687 44
687 919
687 662
687 824
687 233
687 706
687 386
687 499
687 365
687 736
687 18
687 935
687 819
687 13
687 49
687 212
687 68
687 156
688 854
688 875
689 823
689 620
689 29
689 734
689 906
689 378
689 679
689 232
689 639
689 876
689 427
689 451
689 908
689 739
689 919
689 819
689 311
689 457
689 442
689 239
689 497
689 187
689 174
689 329
689 610
691 608
691 939
691 131
691 362
691 133
691 74
691 637
691 850
691 342
691 794
691 482
692 196
693 824
694 85
694 852
694 228
694 205
694 758
694 86
694 406
694 939
694 892
694 534
694 556
694 22
694 249
694 589
694 254
694 106
700 441
700 864
700 103
700 333
700 8
700 112
700 546
700 445
700 466
700 339
700 499
700 896
700 64
700 96
700 377
700 554
700 121
700 250
703 61
703 406
703 463
703 850
703 250
703 212
703 676
703 816
703 741
703 343
703 365
706 5
706 137
706 319
706 382
706 26
706 407
709 406
709 26
709 39
709 623
710 852
710 623
710 469
710 482
710 564
710 205
710 438
710 306
710 569
710 249
711 116
711 242
711 880
711 725
715 432
718 41
718 445
718 864
718 831
718 477
718 441
719 436
720 249
720 288
721 125
721 543
721 888
721 93
722 213
722 423
722 682
728 411
728 242
728 137
728 186
728 515
728 523
728 476
728 152
728 220
728 96
728 609
728 496
728 105
728 669
728 266
728 208
728 481
728 318
728 864
728 441
728 94
728 803
728 500
728 387
728 64
728 750
728 296
731 319
731 864
731 181
731 911
731 67
731 918
732 529
732 636
732 687
735 556
735 827
735 557
735 607
735 772
735 461
735 850
735 648
735 212
735 314
735 852
735 788
735 874
739 876
739 29
739 212
739 365
739 689
739 86
739 493
739 506
739 823
739 625
739 919
739 341
739 635
739 741
739 362
739 43
739 18
739 247
739 311
739 819
739 784
739 188
739 198
739 463
739 828
739 935
739 332
739 184
739 639
739 687
739 117
739 671
739 841
739 846
740 600
740 138
740 31
741 463
741 888
741 39
741 600
741 156
741 764
741 85
741 212
741 362
741 736
741 804
741 499
741 562
741 198
741 846
741 935
741 386
741 250
745 363
745 496
745 481
745 946
745 864
745 96
745 523
745 4
745 319
745 642
745 137
745 565
745 24
745 64
745 370
746 683
750 500
750 64
750 411
750 515
750 476
750 441
750 242
750 862
750 662
750 728
750 370
750 864
750 649
750 266
750 4
750 669
750 363
750 387
750 186
750 41
750 128
750 642
750 24
750 523
750 137
751 297
751 249
751 8
751 11
751 779
751 373
751 530
751 377
751 485
751 624
751 896
751 141
751 638
751 78
751 567
751 67
752 249
752 623
752 892
752 556
752 485
752 309
752 365
752 823
753 435
753 757
753 721
753 888
755 435
756 590
756 24
756 382
756 614
756 946
756 819
756 600
756 767
756 642
759 406
759 365
760 460
762 861
766 39
766 456
766 365
766 769
767 127
767 756
767 283
767 24
767 669
767 655
767 220
777 920
782 541
782 838
782 854
782 288
782 804
782 216
785 15
785 470
785 892
785 28
785 249
785 280
785 522
786 864
786 319
786 38
786 811
786 441
786 515
786 249
786 406
786 676
786 96
786 222
786 421
786 374
786 61
786 501
788 233
788 271
788 850
788 365
788 874
788 901
788 676
788 319
788 64
788 772
788 856
788 852
788 662
788 475
788 441
788 250
788 515
788 54
788 641
792 779
792 250
792 815
792 377
792 751
792 78
792 896
792 104
792 638
792 445
792 499
792 333
792 112
792 554
792 441
792 927
792 121
792 505
792 575
792 8
792 339
793 470
793 86
793 393
793 556
793 600
793 518
794 189
794 26
794 89
794 435
797 505
797 862
797 651
797 758
797 220
797 318
797 186
801 477
801 864
801 831
801 441
801 718
801 858
802 270
802 189
802 902
802 470
803 220
803 127
803 946
803 382
803 590
803 655
803 106
804 482
804 600
804 26
804 808
804 888
804 753
804 816
804 406
804 556
804 195
804 726
804 423
804 854
804 721
804 543
804 491
804 216
804 782
804 456
804 541
804 177
804 125
804 249
804 365
804 577
808 804
809 933
809 198
809 463
809 278
809 399
809 317
809 117
813 342
813 22
813 40
813 330
813 184
813 506
813 72
813 424
815 792
815 623
815 554
815 482
815 250
815 441
815 41
815 406
815 499
815 564
815 700
815 112
815 39
816 679
816 703
816 462
816 250
816 804
816 888
816 741
822 230
824 687
824 479
824 892
824 288
824 196
824 29
824 365
824 309
824 280
824 673
824 903
824 898
824 778
824 693
824 470
824 665
824 320
824 657
824 175
827 894
827 524
827 850
827 40
827 676
827 856
827 735
831 414
831 144
831 718
831 801
831 127
831 441
831 864
831 67
831 641
831 445
832 585
832 125
832 469
832 710
833 63
833 378
833 310
833 332
833 813
833 239
833 482
833 719
833 341
833 40
833 225
834 470
834 564
834 538
834 316
834 623
834 482
834 406
836 888
836 46
836 748
836 665
838 96
838 782
838 538
838 85
838 482
838 195
838 64
838 541
838 41
838 864
838 850
838 905
838 916
838 854
838 456
840 310
842 485
846 463
846 671
846 630
846 44
846 86
846 63
846 134
846 532
846 736
846 154
846 307
846 741
846 365
846 198
846 891
850 905
850 648
850 676
850 856
850 190
850 827
850 319
850 470
850 64
850 343
850 205
850 902
850 786
850 788
850 41
850 406
850 852
850 85
850 874
850 735
850 133
850 482
850 61
850 691
850 916
851 80
852 834
852 122
852 423
852 30
852 569
852 874
852 238
852 85
852 856
852 946
852 470
852 850
852 687
852 9
852 365
852 254
852 564
852 406
852 265
852 635
852 538
852 710
853 915
853 679
853 498
853 115
853 656
854 281
854 645
854 902
854 905
854 539
854 515
854 541
854 491
854 328
854 678
854 556
854 254
854 64
854 365
854 588
854 804
854 93
854 41
854 319
854 838
854 435
854 456
854 782
856 553
856 340
856 852
856 827
856 850
856 39
856 772
857 888
857 485
857 551
857 550
857 470
857 435
858 394
858 375
858 718
858 54
858 328
858 945
858 84
858 888
858 89
858 362
858 600
858 623
863 623
863 185
863 945
864 328
864 222
864 662
864 24
864 728
864 94
864 319
864 212
864 211
864 515
864 634
864 57
864 220
864 414
864 343
864 112
864 195
864 936
864 96
864 546
864 64
864 198
864 456
864 4
864 874
864 144
864 669
864 854
864 477
864 554
864 946
864 226
864 916
864 642
864 749
864 85
864 838
864 520
864 831
864 581
864 475
864 486
864 41
864 128
864 115
864 745
864 470
864 363
864 718
864 54
864 296
864 500
864 463
864 610
864 731
864 216
864 476
864 242
864 788
864 370
864 375
864 641
864 307
867 310
872 908
874 54
874 499
874 465
874 864
874 365
874 41
874 850
874 856
874 772
874 676
874 827
874 648
874 788
874 735
874 319
878 406
878 482
878 539
878 182
878 85
882 493
882 397
882 506
882 819
882 736
882 401
882 43
882 378
882 181
882 943
888 858
888 331
888 945
888 379
888 857
888 365
888 522
888 550
888 141
888 86
888 249
888 836
888 623
888 425
888 726
888 721
888 470
888 406
888 600
888 26
888 528
888 360
888 804
888 417
888 435
892 824
892 556
892 785
892 657
892 212
892 341
892 141
892 687
892 320
892 423
892 44
892 763
892 86
892 172
892 37
892 309
892 456
892 22
892 187
892 752
892 807
892 29
892 758
892 231
892 228
892 137
892 600
892 943
892 362
892 85
894 589
894 827
894 395
894 387
894 576
894 186
901 54
901 57
901 641
901 96
901 233
901 662
901 365
901 749
901 441
901 41
901 520
901 64
901 144
901 319
901 874
902 362
902 407
902 456
902 195
902 319
902 905
902 441
902 41
902 482
902 491
902 96
902 864
905 551
905 124
905 216
905 541
905 255
905 365
905 766
905 838
905 28
905 281
905 471
905 804
905 914
905 688
905 417
905 782
905 854
905 139
905 645
905 328
905 310
905 351
906 39
906 205
914 854
914 417
914 726
915 581
915 678
915 616
915 926
915 853
916 15
916 195
916 439
916 850
916 945
916 96
916 41
916 441
916 863
916 406
916 64
916 838
920 269
924 426
924 935
924 590
924 463
924 741
924 39
924 589
924 10
924 544
924 365
924 328
926 498
926 945
926 915
926 115
930 310
932 650
932 784
932 174
932 348
932 942
932 181
932 424
932 563
932 639
932 876
932 124
932 212
932 85
932 828
932 819
932 329
932 625
932 332
932 620
932 634
932 427
935 156
935 532
935 317
935 63
935 739
935 924
935 154
935 365
935 463
935 741
935 561
935 687
935 736
935 130
936 226
936 96
936 40
936 662
936 38
936 864
936 41
936 441
936 386
936 250
945 470
945 498
945 581
945 853
945 672
945 176
945 584
945 916
945 54
945 863
945 409
945 616
945 583
945 522
945 591
945 481
945 915
945 560
945 87
945 673
946 481
946 669
946 864
946 515
946 642
946 756
946 476
946 745
946 590
946 655
946 803
946 220
946 24
946 300
946 41
946 387
946 186
946 382
946 523
946 750
946 105
946 127
946 365
946 363
946 500
946 96
946 64
