3 34
3 632
3 379
3 726
4 202
4 656
4 502
4 144
4 482
4 468
4 247
4 169
4 709
10 496
10 776
10 340
10 462
12 96
12 642
12 540
12 358
12 762
12 770
12 332
12 290
12 732
12 120
12 468
12 153
12 373
12 560
12 704
12 713
12 116
12 174
12 27
14 449
14 661
14 236
14 522
14 172
14 312
14 687
14 574
14 86
14 420
14 210
14 753
14 230
14 50
14 346
14 479
14 39
14 285
14 669
14 161
14 333
14 613
14 323
14 228
14 666
14 123
14 384
14 722
14 494
14 585
14 520
15 696
15 562
15 760
15 795
15 319
15 350
15 524
15 139
15 290
15 713
15 482
15 202
19 412
25 79
25 576
25 275
25 685
25 456
25 810
25 791
25 316
25 342
27 642
27 56
27 96
27 290
27 358
27 762
27 116
27 546
27 174
27 141
27 114
27 48
30 770
30 56
30 762
30 290
30 229
30 546
30 48
34 625
34 760
34 247
34 362
34 342
34 626
34 178
34 615
34 726
34 286
34 43
34 3
34 557
34 755
34 775
34 730
34 248
34 202
34 175
34 468
34 451
34 221
34 168
34 729
34 476
34 439
34 307
34 586
34 144
34 276
41 752
42 117
42 248
42 361
42 476
42 327
42 702
43 178
43 730
43 153
43 642
43 696
43 570
43 336
43 307
43 468
43 111
43 770
43 439
43 105
43 332
43 362
43 112
43 760
43 290
43 295
43 755
43 139
43 493
43 85
43 578
43 557
43 120
43 586
43 775
48 587
48 776
48 508
48 114
48 597
48 775
48 426
48 116
48 756
48 120
48 163
48 764
48 290
48 696
48 332
48 354
48 96
48 111
48 30
48 196
48 379
48 240
48 703
48 67
48 56
48 358
48 642
48 247
48 27
48 770
48 600
48 514
48 709
48 546
48 139
48 12
48 174
48 570
48 264
48 739
48 661
48 158
48 540
56 775
56 116
56 30
56 307
56 514
56 48
56 772
56 632
56 163
56 67
56 340
56 354
56 762
56 111
56 379
56 600
56 386
56 524
56 540
56 112
56 264
56 704
56 776
56 120
56 306
56 570
56 770
56 689
56 43
56 27
56 739
56 247
56 483
56 546
56 435
56 332
56 399
56 661
56 508
56 124
56 511
56 105
56 686
58 377
64 426
64 468
64 636
65 241
67 511
67 373
67 332
67 642
67 124
67 584
67 770
67 264
67 240
67 153
67 141
67 56
67 724
67 522
67 703
67 78
67 762
67 756
67 689
78 358
78 67
78 141
78 764
78 772
78 157
78 770
78 703
78 689
78 240
78 739
78 576
78 546
78 508
78 762
78 661
78 153
78 231
78 215
79 615
79 600
79 307
79 336
79 342
79 456
79 672
79 570
79 154
79 402
79 34
79 43
79 468
80 306
89 0
89 248
89 698
89 806
89 632
91 468
91 120
91 247
96 686
96 546
96 435
96 153
96 642
96 358
96 56
96 696
96 399
96 141
96 373
96 332
96 628
96 597
96 174
96 114
101 276
103 180
103 623
111 340
111 546
111 43
111 555
111 514
111 337
111 770
111 56
111 576
111 332
111 247
111 295
111 48
111 776
111 607
111 290
112 340
112 290
112 776
112 43
112 143
112 554
112 642
112 615
112 546
112 468
112 762
112 816
112 636
112 297
112 566
112 770
112 56
114 546
114 597
114 686
114 762
114 174
114 704
114 12
114 48
114 373
114 522
114 399
114 141
114 96
114 435
114 139
114 27
116 153
116 48
116 435
116 546
116 364
116 358
116 27
116 174
116 56
116 373
116 468
116 597
116 762
116 290
116 12
116 686
120 775
120 358
120 307
120 350
120 4
120 642
120 450
120 541
120 248
120 546
120 770
120 476
120 319
120 151
120 625
120 519
120 185
120 762
120 647
120 714
120 502
120 12
120 134
120 124
120 48
120 15
120 696
120 276
120 615
120 524
120 760
120 139
120 91
120 717
120 342
120 43
120 685
120 654
120 795
120 290
121 657
121 248
121 729
130 430
132 779
134 625
134 120
139 600
139 373
139 290
139 597
139 546
139 105
139 43
139 120
139 775
139 332
139 642
139 342
139 704
139 770
139 15
139 762
139 696
139 615
139 307
139 114
139 759
140 660
140 169
140 631
141 48
141 12
141 762
141 756
141 546
141 739
141 703
141 508
141 124
141 358
141 438
141 642
141 290
141 78
141 332
141 306
141 56
141 704
141 264
141 587
141 540
141 764
141 231
144 325
144 560
144 267
144 34
144 247
144 202
146 352
148 731
148 180
149 468
149 379
149 315
149 412
151 378
151 389
151 453
152 449
152 542
152 738
153 399
153 116
153 632
153 772
153 247
153 163
153 373
153 426
153 196
153 56
153 703
153 27
153 435
153 483
153 114
153 30
153 264
153 642
153 696
153 379
153 764
153 240
153 12
153 120
153 540
153 340
153 158
153 776
153 508
153 587
153 78
153 511
153 231
153 43
153 524
153 289
153 111
153 546
153 174
153 686
153 141
153 67
153 762
154 685
154 342
154 468
154 448
154 79
154 791
154 275
154 672
154 456
158 524
158 672
158 717
158 570
158 762
158 412
158 600
158 15
158 247
158 770
158 168
158 139
158 149
158 290
158 795
158 642
158 310
158 34
158 576
158 557
158 153
158 332
158 120
158 755
158 468
159 576
163 112
163 770
163 139
163 642
163 332
163 340
163 354
163 762
163 153
163 290
165 192
165 61
165 274
165 632
165 640
165 124
168 468
168 12
168 560
168 412
168 635
168 149
168 803
168 158
168 726
168 379
168 34
168 685
169 202
169 668
169 482
169 549
169 784
169 468
169 140
174 116
174 540
174 27
174 114
174 56
174 153
174 704
174 358
174 399
174 141
174 48
174 642
175 342
175 615
175 781
175 43
175 767
175 105
175 775
175 34
175 529
178 493
178 760
178 105
178 557
178 402
178 570
178 43
180 389
180 325
185 310
185 696
185 158
185 524
185 760
185 654
188 202
188 324
188 519
188 743
188 812
188 752
188 635
196 488
196 337
196 642
196 632
196 514
196 762
196 290
196 153
196 500
196 295
196 56
196 546
196 332
196 534
201 505
201 236
201 583
201 484
201 356
201 569
201 759
201 746
201 224
201 368
201 753
201 585
201 584
201 420
202 717
202 169
202 378
202 188
202 350
202 105
202 635
202 450
202 482
202 656
202 519
202 549
202 468
202 570
202 144
202 0
202 267
202 120
207 702
208 120
208 792
208 378
209 779
209 323
209 716
209 443
209 801
209 499
214 499
214 508
214 703
215 598
215 78
215 240
218 692
218 542
218 462
218 72
218 776
218 800
221 34
225 386
225 249
225 273
225 507
225 632
225 480
225 478
225 363
225 611
225 796
225 771
225 380
225 633
229 30
229 694
231 689
231 306
231 56
231 78
231 332
231 764
231 153
231 739
231 661
231 772
231 703
231 124
231 264
231 756
231 508
231 240
240 231
240 546
240 373
240 157
240 215
240 716
240 508
240 290
240 642
240 703
240 264
240 78
240 770
240 756
240 576
240 587
240 661
240 689
240 332
246 34
247 502
247 290
247 729
247 267
247 642
247 358
247 188
247 111
247 762
247 539
247 361
247 0
247 625
247 549
247 158
247 806
247 350
247 600
247 657
247 169
247 560
247 709
247 12
247 696
247 332
247 784
247 48
247 15
247 170
247 546
247 468
247 120
248 417
248 729
248 313
248 682
248 657
248 143
248 377
248 89
248 395
248 6
248 722
248 468
248 507
248 429
248 632
248 633
248 473
248 796
248 361
248 42
248 611
248 771
248 84
248 121
248 806
248 117
254 34
264 438
264 576
264 306
264 373
264 546
264 141
264 587
264 332
264 703
264 642
264 48
264 511
264 689
264 770
264 153
264 739
264 762
264 240
265 290
265 402
267 247
267 144
267 560
275 570
275 600
275 456
275 316
275 672
276 34
276 626
276 653
276 672
276 539
276 316
276 570
276 600
276 685
276 91
276 456
276 105
276 342
286 34
289 762
289 332
289 48
289 770
289 704
289 446
289 27
290 628
290 56
290 67
290 78
290 776
290 386
290 30
290 426
290 511
290 696
290 139
290 772
290 686
290 174
290 112
290 764
290 307
290 57
290 508
290 600
290 379
290 576
290 27
290 153
290 362
290 597
290 524
290 15
290 446
290 265
290 599
290 114
290 120
290 584
290 633
290 420
290 514
290 289
290 460
290 739
290 240
290 730
290 709
290 747
290 704
290 373
290 399
290 587
290 12
290 689
290 340
290 358
290 124
290 163
290 756
292 342
292 316
292 647
297 667
297 566
297 112
297 789
297 646
297 362
299 565
299 647
300 546
300 364
300 488
300 695
300 435
306 273
306 770
306 703
306 772
306 507
306 661
306 796
306 363
306 141
306 546
306 373
306 332
306 771
306 632
306 511
306 231
306 80
306 132
306 633
306 480
306 153
306 99
306 576
306 611
306 67
306 78
306 249
306 395
307 175
307 48
307 265
307 105
307 79
307 570
307 439
307 158
307 775
307 43
307 56
307 358
307 139
307 767
307 502
307 600
307 153
307 770
310 319
310 15
310 524
310 120
310 576
310 696
315 158
315 632
315 760
315 379
316 488
316 25
316 154
316 810
316 576
316 362
316 292
316 791
316 79
324 525
324 188
324 466
324 743
325 656
325 668
325 247
325 450
325 180
325 202
328 120
328 717
332 508
332 514
332 247
332 124
332 231
332 587
332 373
332 770
332 505
332 615
332 703
332 413
332 446
332 27
332 536
332 174
332 747
332 756
332 546
332 196
332 687
332 56
332 354
332 764
332 386
332 642
332 739
332 307
332 524
332 112
332 384
332 570
332 762
332 116
332 306
332 264
332 111
332 139
332 340
332 48
332 793
332 435
332 105
332 776
332 426
332 289
332 775
332 30
332 540
332 379
332 153
332 158
336 557
336 439
336 493
336 402
336 615
336 79
336 307
336 470
336 632
336 468
336 34
336 638
339 140
339 660
339 509
340 800
340 796
340 290
340 99
340 776
340 642
340 480
340 153
340 357
340 363
340 507
340 226
340 196
340 56
340 633
340 373
340 395
340 379
340 686
340 771
340 611
340 534
340 786
340 546
340 249
340 111
340 295
340 48
342 159
342 672
342 775
342 468
342 625
342 791
342 276
342 292
342 810
342 636
342 376
342 685
342 488
342 576
342 154
349 623
350 124
350 647
350 158
350 531
350 478
350 699
350 120
354 373
354 686
354 770
354 56
354 112
354 332
354 358
354 153
354 762
354 163
358 570
358 764
358 540
358 762
358 704
358 770
358 514
358 555
358 373
358 426
358 628
358 332
358 508
358 114
358 354
358 196
358 120
358 576
358 111
358 306
358 240
358 386
358 124
358 446
358 67
358 776
358 587
358 756
358 290
358 511
358 661
358 158
358 141
358 307
358 112
358 696
358 775
358 163
358 615
358 340
358 12
358 779
358 48
359 114
362 546
362 448
362 600
362 622
362 770
362 570
362 586
362 576
362 488
362 34
362 493
362 290
362 297
362 316
362 557
364 379
364 632
364 456
364 435
364 300
373 240
373 56
373 772
373 524
373 332
373 30
373 163
373 139
373 141
373 546
373 703
373 12
373 112
373 695
373 686
373 48
373 306
373 689
373 776
373 264
373 764
373 704
373 96
373 67
373 114
373 756
373 116
373 762
373 174
373 642
376 342
376 625
376 635
377 740
377 6
377 183
377 248
377 0
377 429
377 143
377 473
377 560
377 58
378 694
378 453
378 624
378 728
378 208
378 560
378 24
378 429
378 565
378 468
378 151
378 647
378 120
378 377
378 656
383 633
383 555
383 370
383 771
383 363
383 99
383 273
383 379
383 468
383 340
383 182
383 226
383 776
383 395
383 717
383 249
383 502
389 502
389 180
389 600
389 570
390 799
398 570
399 139
399 770
399 56
399 332
399 373
399 704
399 12
399 114
399 358
399 435
399 27
399 546
399 686
399 524
399 628
399 290
402 386
402 178
402 307
402 502
402 816
402 265
402 79
402 632
402 336
402 362
402 636
402 3
402 717
402 615
402 379
408 461
408 816
412 34
412 760
412 221
412 315
412 632
412 19
412 379
412 502
412 168
412 717
412 636
413 85
413 546
413 770
413 56
413 746
413 762
426 153
426 686
426 386
426 462
426 514
426 642
426 332
426 816
426 632
426 646
426 48
426 546
429 55
429 657
429 717
429 247
429 183
429 502
429 378
429 143
429 361
429 31
429 379
429 635
429 0
429 189
429 751
429 199
435 373
435 96
435 686
435 332
435 358
435 290
435 116
435 300
435 399
435 364
435 628
435 153
435 48
439 470
439 726
439 3
439 412
439 307
439 638
439 336
443 587
446 56
446 483
446 770
446 488
446 362
446 289
446 600
446 332
446 546
446 570
446 730
448 362
448 685
448 276
448 791
448 342
448 316
448 79
448 810
448 456
450 635
450 812
450 717
450 560
450 247
450 202
450 519
450 120
450 325
450 565
451 43
451 493
451 615
451 362
455 276
456 154
456 791
456 448
456 810
456 468
456 25
456 79
456 364
456 672
458 120
468 503
468 701
468 758
468 775
468 765
468 560
468 717
468 587
468 143
468 771
468 4
468 99
468 554
468 342
468 638
468 12
468 381
468 796
468 363
468 357
468 156
468 149
468 502
468 629
468 175
468 493
468 510
468 435
468 635
468 379
468 625
468 738
468 19
468 643
468 480
468 656
468 273
468 628
468 514
468 565
468 584
468 811
468 682
468 740
468 646
468 261
468 158
468 661
468 540
468 586
468 508
468 43
468 112
468 597
468 557
468 376
468 813
468 168
468 726
468 402
468 249
470 765
470 439
470 600
470 105
473 0
473 771
473 249
473 363
473 379
473 729
473 480
473 273
473 611
473 377
473 357
473 248
473 796
476 34
476 626
476 600
476 168
476 105
476 120
482 144
482 565
482 202
482 717
482 169
482 15
483 153
483 332
483 109
483 289
483 546
483 48
483 704
483 686
483 770
493 760
493 576
493 615
493 85
493 451
493 468
493 336
493 43
496 276
496 623
496 625
496 685
499 209
499 801
499 508
499 576
499 772
502 412
502 383
502 738
502 34
502 635
502 307
502 625
502 534
502 565
502 729
502 740
502 378
502 775
502 202
502 656
502 510
502 24
502 402
502 361
503 468
503 554
508 576
508 499
508 689
508 240
508 141
508 703
508 801
508 231
508 739
508 56
508 290
508 124
508 724
508 306
508 661
508 756
508 358
508 264
508 770
508 511
508 547
508 78
508 546
509 660
509 140
509 631
511 153
511 78
511 438
511 508
511 124
511 661
511 546
511 764
511 56
511 762
511 290
511 703
511 642
511 67
511 756
511 576
511 358
514 762
514 386
514 686
514 56
514 647
514 379
514 636
514 48
514 295
514 642
514 153
514 426
514 290
514 332
519 743
519 656
519 450
523 172
523 687
523 574
523 312
523 608
523 613
523 434
523 193
523 569
523 492
523 666
523 420
523 576
523 735
523 73
523 505
523 641
523 368
523 380
523 759
523 585
523 753
523 601
523 584
523 567
524 762
524 760
524 654
524 290
524 332
524 399
524 795
524 546
524 319
524 642
524 56
524 120
524 15
528 311
529 799
529 767
529 755
539 319
539 276
540 12
540 141
540 770
540 468
540 56
540 399
540 642
540 153
540 69
540 584
540 364
540 546
540 332
540 628
540 762
540 96
540 300
540 358
541 120
541 458
541 760
544 771
544 507
544 99
544 729
544 811
544 357
544 226
544 480
544 249
544 363
544 379
544 682
544 389
546 576
546 746
546 514
546 413
546 141
546 306
546 12
546 570
546 399
546 289
546 524
546 689
546 114
546 174
546 196
546 446
546 120
546 435
546 112
546 709
546 240
546 764
546 78
546 30
546 615
546 96
546 124
546 139
546 622
546 762
546 332
546 779
546 739
546 587
546 105
546 511
546 373
546 379
546 628
546 730
546 483
546 661
546 600
546 163
546 358
546 231
546 642
546 386
547 508
554 765
554 112
557 586
557 468
557 362
557 775
557 43
557 615
557 158
557 755
557 730
560 412
560 377
560 549
560 429
560 806
560 502
560 134
560 717
560 635
560 794
560 570
560 12
560 168
560 325
560 93
560 267
560 9
560 623
560 600
560 378
562 15
563 631
565 650
565 202
565 352
565 722
565 323
565 299
565 230
565 14
565 635
565 247
565 510
565 274
565 560
565 450
565 327
565 228
565 91
565 383
565 717
565 378
565 520
566 112
566 379
566 632
566 816
566 789
566 667
576 750
576 560
576 587
576 764
576 158
576 773
576 43
576 153
576 595
576 408
576 48
576 499
576 617
576 124
576 661
576 256
576 762
576 67
576 264
576 494
576 294
576 56
576 367
576 154
576 703
576 215
576 342
576 300
576 498
576 724
576 739
576 478
576 306
576 816
576 642
576 25
576 547
576 111
576 493
576 229
576 672
576 510
576 362
576 456
576 159
576 373
576 141
576 214
576 525
576 772
576 16
576 110
576 310
576 309
578 79
578 570
578 105
578 775
578 43
581 775
582 112
586 468
586 451
586 730
586 362
586 615
586 43
586 576
586 493
587 78
587 67
587 443
587 508
587 48
587 45
587 689
587 373
587 756
587 764
587 546
587 56
587 576
587 772
587 240
587 468
587 511
587 290
587 264
595 615
596 403
597 546
597 48
597 762
597 56
597 96
597 399
597 290
597 704
597 373
597 114
598 215
606 570
615 112
615 358
615 762
615 3
615 105
615 557
615 178
615 730
615 586
615 336
615 139
615 85
615 307
615 578
615 770
615 158
615 153
615 600
615 546
615 439
615 362
615 48
615 290
615 775
615 79
617 576
617 499
618 576
622 523
622 570
622 770
622 362
622 600
622 446
623 685
623 560
623 120
623 276
625 379
625 34
625 363
625 226
625 357
625 99
625 600
625 120
625 682
625 395
625 496
625 626
625 480
625 633
625 376
625 476
625 468
625 507
625 42
625 249
626 541
626 625
626 276
628 435
628 468
628 116
628 770
628 695
628 153
628 332
628 399
628 290
628 56
628 642
628 48
628 704
631 140
631 509
631 660
635 120
635 168
635 6
635 502
635 4
635 93
635 468
635 549
635 462
635 376
635 247
635 730
635 383
635 738
635 298
635 806
635 717
635 352
635 91
636 426
636 635
636 632
636 412
636 64
636 717
636 379
636 168
636 342
636 386
638 379
638 439
638 79
638 570
638 632
638 468
640 677
640 274
640 86
640 165
640 379
640 61
642 332
642 307
642 289
642 67
642 48
642 306
642 78
642 764
642 770
642 105
642 632
642 264
642 628
642 661
642 12
642 247
642 362
642 386
642 615
642 231
642 576
642 163
642 776
642 153
642 524
642 240
642 704
642 124
642 772
642 488
642 358
642 597
642 600
642 196
642 43
642 426
642 116
642 373
642 435
642 139
642 120
642 709
642 540
642 56
642 111
646 386
646 632
646 576
646 789
646 379
646 816
646 426
653 276
654 158
654 696
654 760
654 319
654 185
654 120
656 4
656 325
656 784
656 169
656 502
656 519
656 468
656 202
660 140
660 509
661 56
661 48
661 153
661 587
661 508
661 511
661 240
661 772
661 358
661 306
661 14
661 264
661 762
661 724
661 642
661 756
661 689
661 739
661 96
661 704
661 124
667 468
667 646
667 692
667 789
668 325
668 306
668 549
672 810
672 342
672 488
672 276
672 791
672 25
672 79
672 292
672 685
678 650
685 316
685 276
685 168
685 448
685 34
685 570
685 623
685 25
685 496
685 776
685 456
685 600
685 101
686 163
686 139
686 290
686 112
686 776
686 628
686 56
686 540
686 379
686 48
686 770
686 704
686 373
686 514
686 114
686 96
686 546
686 483
689 508
689 231
689 546
689 661
689 141
689 240
689 290
689 78
689 775
689 703
689 332
689 132
689 67
689 642
689 153
689 770
689 576
689 124
689 238
695 628
695 154
695 488
696 105
696 770
696 654
696 56
696 290
696 775
696 15
696 713
696 48
696 202
696 615
696 570
696 158
696 760
696 307
696 332
696 247
696 12
696 546
696 120
696 319
703 764
703 124
703 56
703 332
703 306
703 770
703 724
703 689
703 67
703 739
703 290
703 78
703 546
703 511
703 642
703 576
703 48
703 661
704 540
704 48
704 686
704 661
704 483
704 289
704 597
704 153
704 332
704 12
704 27
704 141
704 96
704 114
704 399
704 770
704 642
704 358
709 247
709 546
709 139
709 202
709 762
709 570
709 332
709 48
709 642
709 290
709 153
713 12
717 378
717 813
717 238
717 188
717 383
717 103
717 412
717 353
717 168
717 565
717 247
717 760
717 429
717 585
717 158
717 726
717 560
717 488
717 732
717 328
717 482
717 752
717 202
717 468
717 402
717 24
717 648
717 120
724 661
724 576
724 772
728 378
728 328
729 796
729 480
729 99
729 507
729 226
729 377
729 121
729 505
729 247
729 379
729 611
729 120
729 468
729 633
729 34
729 363
729 657
729 429
729 273
729 84
729 544
729 357
729 24
730 265
730 615
730 557
730 600
730 446
730 770
730 546
730 178
730 34
730 493
731 379
731 148
732 632
732 699
732 39
732 775
732 12
732 73
732 468
739 332
739 306
739 373
739 56
739 689
739 231
739 587
739 124
739 762
739 67
739 703
739 438
739 764
739 290
739 770
739 642
739 240
739 48
740 377
740 611
740 806
740 34
740 729
742 600
742 528
743 188
743 450
743 519
743 525
743 324
744 671
750 632
750 108
750 698
750 444
750 330
750 379
755 120
755 760
755 685
755 570
755 34
755 615
755 43
755 105
755 276
756 67
756 642
756 231
756 373
756 703
756 739
756 762
756 764
756 772
756 770
756 661
756 576
756 240
756 522
756 546
756 290
756 264
756 124
760 412
760 120
760 175
760 717
760 647
760 696
760 350
760 654
760 576
760 43
760 158
760 557
760 586
760 524
760 149
760 755
760 795
762 57
762 632
762 514
762 332
762 776
762 307
762 56
762 48
762 30
762 756
762 78
762 112
762 340
762 413
762 546
762 264
762 587
762 772
762 124
762 111
762 256
762 386
762 759
762 775
762 289
762 483
762 373
762 120
762 384
762 600
762 379
762 696
762 240
762 231
762 584
762 789
762 764
762 686
762 139
762 426
762 704
762 43
762 354
762 435
762 597
762 153
762 576
762 39
762 306
764 179
764 420
764 642
764 747
764 687
764 523
764 574
764 666
764 39
764 373
764 608
764 290
764 511
764 759
764 536
764 172
764 161
764 48
764 73
764 689
764 236
764 333
764 380
764 703
764 153
764 546
764 585
764 240
764 772
764 661
764 632
764 306
764 601
764 231
764 756
764 302
764 384
764 264
764 669
764 141
764 739
764 368
765 554
765 470
765 503
767 247
767 775
767 307
770 775
770 524
770 600
770 340
770 386
770 686
770 120
770 426
770 174
770 488
770 111
770 776
770 739
770 124
770 379
770 435
770 354
770 12
770 43
770 730
770 597
770 661
770 373
770 483
770 587
770 105
770 141
770 114
770 27
770 642
770 247
770 231
770 196
770 362
770 511
770 158
770 306
770 576
770 358
770 632
770 446
770 56
770 622
770 546
770 30
770 570
772 508
772 661
772 48
772 762
772 438
772 689
772 264
772 373
772 642
772 511
772 231
772 703
772 141
772 546
772 67
772 739
772 209
772 124
772 332
772 764
772 78
772 724
773 280
773 691
773 479
773 687
773 669
773 128
773 39
773 36
773 346
773 632
773 576
773 236
773 484
773 585
773 747
773 759
773 569
773 705
773 184
773 584
773 296
773 434
773 753
773 720
773 601
773 505
773 57
773 666
775 615
775 581
775 546
775 139
775 43
775 175
775 307
775 468
775 642
775 578
775 770
775 717
775 332
775 358
775 600
775 153
775 726
775 767
775 290
775 502
775 732
776 112
776 611
776 555
776 290
776 762
776 10
776 153
776 273
776 357
776 249
776 358
776 534
776 56
776 694
776 383
776 99
776 163
776 685
776 111
776 379
776 48
776 480
776 218
776 373
776 682
776 632
780 468
784 247
789 632
789 402
789 762
789 667
789 297
789 646
795 524
795 158
795 15
795 310
795 319
795 185
800 632
800 99
800 776
800 462
800 10
800 340
800 313
801 508
801 209
801 499
801 772
803 168
806 318
806 783
806 131
806 635
806 377
806 632
806 143
806 357
806 507
806 84
806 395
806 539
806 150
806 383
806 89
806 480
806 811
806 0
806 611
806 549
806 682
806 202
806 740
806 226
806 796
806 668
806 468
806 565
806 183
806 657
806 273
806 55
806 363
806 247
806 378
806 560
811 480
811 544
811 0
811 379
811 647
811 226
811 6
811 611
811 357
811 473
811 377
811 633
811 771
811 468
811 632
811 273
812 188
812 450
816 402
816 566
816 112
816 667
816 576
816 297
816 646
