4 35
4 623
4 894
4 536
4 218
4 795
4 6
8 330
14 343
14 906
14 827
14 573
14 391
14 203
14 536
14 309
14 206
14 757
14 526
14 348
14 229
14 632
19 734
19 467
19 682
21 245
21 706
21 359
24 898
24 788
24 282
24 609
27 177
27 223
27 330
27 121
27 87
30 565
31 241
31 507
31 206
31 97
31 699
31 223
31 698
31 794
31 807
31 33
31 39
31 828
31 213
31 682
31 77
31 330
31 609
31 262
35 125
35 678
35 306
35 513
35 206
35 452
35 651
35 512
35 53
35 606
35 190
35 301
35 553
35 541
35 423
35 797
38 621
40 264
40 365
40 423
40 575
40 95
40 38
40 848
40 618
41 125
42 891
45 884
52 219
57 372
62 320
69 130
69 77
69 765
69 153
69 121
69 507
69 223
69 330
69 152
69 254
69 450
69 3
69 698
69 78
69 317
69 724
69 735
69 678
69 555
69 366
69 92
69 206
74 123
74 580
74 340
74 353
74 450
74 330
74 515
74 794
76 651
77 664
77 270
77 515
77 582
77 385
77 80
77 331
77 514
77 244
77 705
77 757
77 32
77 788
77 775
77 439
77 683
77 584
77 866
77 384
77 801
77 835
77 264
77 863
77 901
77 27
77 286
77 713
77 655
77 481
77 896
77 549
77 75
77 76
77 56
77 596
77 688
77 841
77 521
80 145
81 326
81 795
85 398
85 371
85 81
85 31
85 37
85 776
85 52
85 772
85 192
85 265
85 651
85 463
85 69
85 500
85 489
85 704
85 111
85 23
85 471
85 65
85 101
85 341
85 526
85 88
85 750
85 830
85 565
85 244
85 365
85 585
85 453
85 558
85 588
85 549
85 432
85 143
85 372
85 438
85 854
85 110
85 121
85 742
85 305
85 788
85 392
85 168
85 669
85 648
85 530
85 205
85 462
85 857
85 709
85 150
85 770
85 583
85 330
85 707
85 827
85 523
85 105
85 312
85 12
85 286
85 403
85 41
85 498
85 627
85 517
85 794
85 290
85 581
85 662
85 876
85 221
85 478
85 258
85 22
85 613
85 450
85 552
85 658
85 325
85 890
85 634
85 380
85 885
85 795
85 77
85 730
85 446
85 883
85 889
85 276
85 859
85 513
85 600
85 787
85 64
85 491
85 483
85 690
85 529
85 262
85 609
85 775
85 115
85 618
85 342
85 749
85 860
85 706
85 628
85 271
85 160
85 382
85 274
85 358
85 622
85 402
85 343
85 369
85 385
85 190
85 408
85 425
87 276
87 410
87 85
87 4
87 906
87 228
87 77
87 800
87 613
87 190
87 145
87 896
87 75
87 720
87 541
87 176
87 88
87 528
87 158
87 35
87 290
87 770
87 566
87 599
87 560
87 392
87 81
87 31
87 125
87 469
87 27
87 698
87 135
87 531
87 494
87 330
87 141
87 609
87 548
87 866
87 39
95 330
100 24
102 817
102 330
102 695
102 366
102 732
102 795
102 848
103 369
107 582
110 295
110 612
110 770
110 231
110 276
110 706
110 906
110 41
110 330
110 441
110 97
110 408
110 900
110 150
111 74
117 330
117 410
119 834
121 425
121 87
121 498
121 135
121 160
121 699
121 380
121 74
121 889
121 662
121 509
121 158
121 891
121 235
121 590
121 539
121 785
121 303
121 531
121 262
121 566
121 788
121 609
121 618
121 514
121 58
121 817
121 20
121 877
121 27
121 903
121 117
121 377
121 796
121 125
121 55
121 536
121 528
121 893
121 772
123 483
123 634
123 477
123 889
123 627
123 97
123 651
123 241
123 219
123 46
123 656
123 289
123 496
123 655
123 526
123 518
123 391
123 676
123 841
123 561
123 99
123 75
123 501
123 210
123 249
123 128
123 741
123 287
123 539
123 829
123 830
123 468
123 796
123 669
123 908
123 650
123 255
123 470
123 591
123 865
123 387
123 727
123 861
123 895
123 795
123 517
123 600
123 613
123 41
123 770
123 839
123 818
123 305
123 879
123 528
123 171
123 429
123 307
123 280
123 65
123 441
123 545
123 896
123 134
123 838
123 438
123 800
123 353
123 898
123 450
123 386
123 571
123 207
123 116
123 234
123 780
123 420
123 336
123 864
123 270
123 566
123 284
123 419
123 168
123 582
123 316
123 877
123 738
123 451
123 416
123 719
123 72
124 355
124 841
124 384
124 91
124 276
124 640
124 883
124 713
124 625
124 616
125 85
125 530
125 734
125 170
125 858
125 529
125 380
125 857
125 121
125 212
125 836
125 224
125 644
125 396
125 736
125 384
125 273
125 160
125 261
125 494
125 627
125 41
125 46
125 463
125 578
125 35
125 706
125 393
125 593
125 730
125 528
125 855
125 705
125 276
125 415
125 866
125 862
125 136
125 827
125 300
144 246
145 80
151 871
151 682
151 330
151 282
154 898
160 343
176 609
184 848
184 585
186 862
187 898
199 634
199 890
199 406
199 858
199 426
199 592
199 648
199 152
199 653
202 482
207 193
207 190
207 463
207 37
207 415
207 88
207 219
207 300
207 21
207 77
207 472
207 373
216 325
217 313
217 777
218 544
221 39
221 250
221 831
221 73
221 210
221 44
221 596
221 826
221 741
221 339
221 276
221 374
221 265
221 517
221 380
221 42
221 271
221 344
221 75
221 92
221 640
221 235
221 795
221 772
222 378
223 618
223 504
227 834
227 110
227 459
227 752
227 863
227 841
227 330
227 579
227 229
227 481
227 874
227 450
227 795
227 788
227 455
227 384
227 708
227 296
227 584
227 898
227 489
227 596
227 239
227 500
227 521
227 493
227 396
227 206
227 334
227 123
227 41
227 879
227 48
227 835
227 514
227 801
227 333
227 705
227 87
227 254
227 607
227 377
227 866
227 496
227 121
227 581
227 270
227 76
227 186
227 300
227 80
227 189
227 331
227 32
227 906
227 225
227 290
227 157
227 713
227 580
227 288
227 549
227 800
230 723
235 14
235 223
242 793
242 879
242 116
242 515
242 56
242 455
244 523
247 741
261 121
261 87
261 282
261 862
261 788
263 834
263 186
263 862
264 616
264 763
264 542
264 95
264 698
264 383
264 216
264 505
264 744
264 506
264 832
264 774
264 569
264 417
264 9
264 518
264 22
264 474
264 75
264 384
264 53
264 353
264 782
264 638
264 356
264 556
264 231
264 685
264 555
264 35
264 513
264 568
264 898
264 709
270 372
273 889
273 891
273 125
276 795
276 843
276 21
276 450
276 632
280 121
282 331
282 262
282 24
282 261
282 553
282 845
282 891
284 690
284 548
284 599
284 713
284 336
284 141
284 861
284 41
284 423
284 382
284 367
284 384
284 406
284 223
284 385
284 98
284 581
284 763
284 541
284 617
284 739
284 14
284 452
284 176
284 467
284 829
284 722
284 306
284 465
284 760
284 158
284 680
284 78
284 378
284 543
284 6
284 118
284 825
284 456
284 433
284 391
284 199
284 190
284 569
284 777
284 536
284 342
284 330
284 111
284 849
284 156
287 542
290 520
295 651
305 273
305 223
305 161
305 544
305 306
305 634
305 415
305 450
305 125
305 391
305 507
305 429
305 269
305 724
305 695
305 365
305 749
305 603
305 152
305 726
305 591
305 536
305 154
305 462
305 114
305 732
305 17
305 644
305 484
305 384
305 402
305 433
305 907
305 77
305 508
305 337
317 190
320 627
320 785
320 826
327 626
330 150
330 301
330 271
330 266
330 188
330 445
330 489
330 509
330 655
330 43
330 496
330 31
330 826
330 568
330 151
330 456
330 350
330 35
330 335
330 586
330 484
330 290
330 651
330 326
330 665
330 101
330 184
330 881
330 429
330 134
330 585
330 485
330 77
330 884
330 239
330 227
330 207
330 498
330 896
330 829
330 770
330 223
330 800
330 793
330 436
330 730
330 774
330 467
330 56
330 63
330 427
330 640
330 698
330 85
330 81
330 410
330 599
330 795
330 4
330 516
330 30
330 441
330 898
330 45
330 901
330 130
330 216
330 544
330 483
331 795
332 744
340 509
340 116
340 455
342 549
343 154
343 398
343 53
343 539
343 87
343 406
343 625
343 415
343 467
343 384
343 721
343 400
343 890
343 226
343 335
343 30
343 427
343 218
343 14
343 497
343 374
343 361
343 459
343 254
343 474
343 35
343 683
343 548
346 190
346 158
365 891
365 544
365 873
365 881
365 40
365 121
365 482
365 169
365 377
365 384
366 448
366 371
366 807
366 585
367 130
369 599
369 795
369 103
369 615
369 330
369 384
369 638
371 798
371 864
371 807
371 102
371 223
371 889
374 356
374 795
374 807
374 741
377 228
377 56
377 482
377 665
377 554
377 848
377 365
377 121
377 378
377 190
377 890
377 130
377 627
377 620
378 531
378 253
378 698
378 35
378 829
378 365
378 335
378 268
378 760
378 160
378 680
378 0
378 781
378 144
378 817
378 158
378 6
378 377
378 888
378 512
378 88
378 560
378 87
378 543
378 76
378 113
378 536
378 337
378 292
378 173
379 788
380 795
384 891
384 396
384 753
384 29
384 121
384 78
384 721
384 836
384 389
384 747
384 795
384 377
384 30
384 261
384 103
384 378
384 154
385 318
385 76
385 236
385 906
385 173
385 582
385 621
385 130
385 682
385 30
385 553
385 529
385 361
385 160
385 3
385 335
385 847
385 340
385 623
385 394
385 696
385 393
385 471
385 516
385 804
385 223
385 528
385 95
385 522
385 176
385 599
385 77
385 724
385 75
385 555
385 152
385 266
385 396
385 752
385 890
385 622
385 486
385 126
385 317
385 676
385 42
385 80
385 689
385 197
396 384
402 205
402 383
402 779
402 403
402 469
402 624
402 601
402 523
402 384
402 713
402 160
402 123
402 497
402 883
402 378
402 718
402 709
402 435
402 317
404 330
404 377
406 433
406 39
406 891
408 415
408 107
408 891
408 47
408 893
410 384
415 494
417 46
421 828
423 826
425 484
425 86
425 365
425 553
432 275
433 187
433 200
433 396
433 406
433 19
433 317
439 613
441 609
448 299
450 305
450 276
450 846
450 741
455 580
455 56
455 242
455 631
455 879
459 295
462 262
462 788
468 121
482 881
482 377
482 202
483 81
483 626
484 425
484 366
484 544
485 866
485 300
485 74
485 334
485 835
485 286
485 455
485 489
485 688
485 906
485 450
485 515
485 32
485 41
485 384
485 514
485 713
485 521
485 75
485 765
485 87
485 757
485 726
485 377
485 331
485 863
485 797
485 775
485 80
485 857
485 264
485 76
485 270
485 801
486 565
489 523
489 121
489 628
489 270
494 831
494 433
494 880
494 695
494 543
494 456
494 722
494 467
494 190
494 512
494 14
494 777
494 763
494 908
494 452
494 86
494 553
494 98
494 541
494 158
494 620
494 657
494 87
494 415
494 739
494 367
494 146
494 176
494 150
494 573
494 199
494 429
494 262
494 173
494 861
494 760
494 336
494 236
494 6
494 188
494 78
494 690
494 445
494 35
494 569
494 584
494 544
494 444
494 303
494 581
494 301
494 18
494 678
494 330
494 516
494 295
494 826
504 223
506 741
509 258
509 542
509 562
509 627
509 582
512 40
514 873
515 580
515 242
515 631
517 119
517 542
517 428
520 227
520 290
520 891
520 865
523 585
523 257
523 121
523 351
523 489
523 244
524 741
526 14
529 705
534 327
539 662
539 802
539 221
539 276
539 480
539 320
539 621
539 361
539 855
539 547
539 137
539 44
539 125
539 132
539 143
539 542
539 154
539 441
539 123
539 462
539 232
539 762
539 262
539 772
539 549
539 721
539 148
539 649
539 732
539 534
541 512
542 360
542 188
542 144
542 110
544 651
544 218
544 648
544 661
544 409
544 170
549 342
553 110
553 591
553 59
553 281
553 156
553 463
553 313
553 11
553 169
553 335
553 305
553 777
553 651
553 848
553 705
553 423
553 173
553 644
553 642
553 474
553 528
553 154
553 541
553 410
553 121
553 566
553 221
553 450
553 571
553 779
553 393
553 890
553 425
553 53
553 402
553 612
553 873
553 269
553 319
553 153
553 87
553 429
553 667
553 31
553 433
553 135
553 424
553 898
553 12
553 726
553 94
553 418
553 549
553 276
553 152
553 746
553 196
553 292
553 592
553 685
553 35
553 306
553 74
553 536
553 505
553 262
553 109
553 412
553 351
553 862
553 192
553 795
553 495
553 690
553 508
553 58
553 892
553 92
553 282
553 176
553 365
553 343
553 626
553 285
554 262
554 900
554 365
565 486
566 682
569 53
569 536
569 38
569 406
569 373
569 303
569 777
569 423
569 826
569 553
569 651
569 223
569 502
569 389
569 445
569 268
569 467
569 141
569 548
569 66
569 153
569 236
569 100
569 313
569 763
569 393
570 748
571 553
573 705
578 903
578 217
578 190
578 777
578 621
579 372
580 455
580 116
580 242
581 674
582 509
582 107
582 775
585 845
585 582
585 167
585 523
585 78
585 708
585 679
585 683
585 69
585 626
585 898
585 691
585 366
591 261
600 330
605 891
606 609
609 14
609 805
609 543
609 254
609 389
609 558
609 35
609 520
609 905
609 761
609 560
609 24
609 169
609 433
609 791
609 553
609 313
609 606
609 795
609 441
609 729
609 508
612 433
613 898
613 404
615 898
618 235
618 706
618 796
618 121
621 38
624 447
624 248
624 100
624 171
624 176
624 182
624 370
624 776
624 890
624 19
624 155
624 907
624 536
624 676
624 622
624 415
624 123
624 384
624 286
624 377
624 339
624 314
626 114
626 540
626 483
626 498
626 317
626 206
626 53
626 693
626 667
626 327
626 673
626 588
626 651
626 616
626 663
626 683
626 257
626 389
626 541
626 330
626 47
626 254
626 433
626 898
628 299
628 135
631 455
638 889
642 759
648 484
651 513
651 76
651 337
651 541
651 500
651 295
651 144
651 626
651 35
651 406
651 141
651 40
651 121
651 78
651 199
651 548
651 602
651 268
651 0
651 627
651 452
651 795
651 158
651 300
655 77
655 330
655 227
655 331
655 898
661 544
663 826
663 788
663 795
663 66
663 553
663 231
669 121
674 581
674 863
676 121
682 274
682 542
682 282
682 667
682 547
682 358
682 390
682 769
682 611
682 110
682 884
682 512
682 152
682 10
682 793
682 790
682 656
682 687
682 367
682 861
682 41
682 420
682 713
682 444
682 899
682 753
682 116
682 634
682 434
682 300
682 40
682 181
682 712
682 487
682 730
682 897
682 566
682 709
682 70
682 124
682 90
682 574
682 905
682 31
682 678
682 839
682 79
682 369
682 273
682 351
682 302
682 229
682 256
682 883
682 490
682 844
682 284
682 739
682 28
682 166
682 111
682 385
682 504
682 800
682 236
682 658
682 471
682 627
682 703
682 470
682 363
682 537
682 254
682 213
682 360
682 337
682 795
682 47
682 334
682 405
682 495
682 593
682 19
682 875
682 304
682 346
682 577
682 237
682 401
682 87
682 381
682 185
682 764
682 809
682 831
682 596
682 239
682 787
682 330
682 151
682 250
682 534
682 328
682 11
682 317
682 417
682 696
682 486
682 72
682 150
682 862
682 595
682 13
682 97
682 801
682 561
682 22
682 221
685 60
685 389
685 694
685 857
685 726
685 276
685 415
685 609
685 463
685 529
685 156
685 343
685 858
685 856
685 160
685 75
685 582
685 198
685 21
685 384
685 152
685 380
685 306
685 136
686 433
687 330
687 544
687 313
695 866
695 102
695 325
696 121
698 169
698 87
705 378
706 795
706 494
706 618
706 21
706 245
706 842
710 87
722 678
729 121
730 365
732 27
737 378
741 378
741 450
741 247
741 263
741 374
741 903
741 742
742 741
748 570
761 795
761 3
762 21
762 777
762 424
762 113
762 903
762 86
762 505
762 377
762 169
762 336
762 723
762 406
762 335
762 114
762 557
772 121
772 242
772 891
785 85
785 221
786 527
786 881
786 211
786 695
786 343
786 337
786 53
786 651
786 317
786 634
786 776
786 682
786 392
788 553
788 829
788 759
788 261
788 330
788 462
788 663
788 379
791 121
796 121
798 483
800 330
801 167
805 221
805 493
805 609
805 158
805 77
805 269
805 173
805 169
805 898
805 365
805 450
805 837
805 152
805 300
805 508
805 484
805 110
805 507
805 746
805 788
805 276
805 907
805 87
805 566
805 591
805 634
805 156
805 695
805 855
805 153
809 118
815 41
828 484
829 788
829 889
834 119
834 862
841 244
845 282
846 262
846 313
848 420
848 682
848 377
856 491
856 336
856 415
856 47
862 677
862 834
862 186
862 263
862 261
862 52
865 660
866 695
866 325
866 27
866 774
866 269
866 835
866 102
871 108
877 121
879 515
879 455
879 580
879 242
879 116
881 378
881 40
881 795
889 273
889 829
889 566
889 166
889 891
889 638
889 111
889 135
889 146
889 228
889 727
889 77
889 498
889 460
889 609
889 651
889 207
890 857
896 561
896 682
896 365
896 468
896 396
896 524
896 288
896 383
896 488
896 452
896 537
896 136
896 277
896 587
896 749
896 10
896 123
896 221
898 613
898 626
898 406
898 330
898 377
898 258
898 154
898 264
898 890
898 462
898 317
898 227
898 652
898 187
898 743
901 330
901 660
901 732
903 591
903 695
903 305
903 269
903 153
903 176
903 365
903 578
903 907
903 415
903 313
903 402
903 766
903 592
903 484
903 644
903 27
903 276
903 566
903 634
903 569
903 450
903 384
903 741
903 746
903 777
903 169
903 319
903 121
903 38
903 898
905 663
907 95
