343 540
421 720
569 356
866 543
366 267
896 543
69 490
569 14
441 205
809 162
27 423
247 275
515 170
154 265
117 701
396 646
786 312
729 257
772 480
890 462
741 146
423 624
222 129
450 294
518 465
69 348
578 534
542 372
150 87
222 365
841 434
605 732
890 842
677 147
896 2
207 734
541 664
408 14
430 643
74 809
512 113
247 431
19 99
16 174
4 615
613 647
185 443
539 319
441 318
528 631
81 484
809 564
331 75
270 750
379 728
682 313
146 301
900 762
509 144
650 878
343 633
219 853
41 568
366 165
579 633
785 538
242 767
629 502
897 130
489 142
230 383
295 396
805 772
585 6
20 304
489 644
732 217
287 431
384 229
247 721
805 437
682 253
35 248
573 380
261 755
898 681
263 58
95 211
57 336
80 199
199 69
528 255
856 783
800 286
186 484
626 739
581 48
217 519
800 574
877 333
687 437
800 457
110 253
820 281
280 529
103 547
219 764
762 383
843 197
31 254
529 615
227 299
365 100
593 124
553 684
514 231
4 903
570 283
544 768
202 653
796 139
565 526
273 794
95 182
514 210
722 499
35 775
4 594
561 70
455 139
484 607
103 865
686 534
330 308
365 356
57 821
295 699
160 408
788 683
282 303
542 785
261 420
842 830
91 117
896 497
585 15
455 302
523 709
494 115
366 650
441 433
585 862
732 639
222 438
77 319
77 390
628 487
117 592
34 658
108 589
280 368
331 316
898 185
618 661
565 529
57 672
247 676
261 363
125 523
669 718
539 228
618 80
648 269
482 427
384 161
117 378
509 734
648 777
686 881
629 720
441 675
95 725
841 619
330 347
81 895
846 236
108 668
785 102
514 354
554 776
280 128
575 464
687 706
450 859
907 829
674 647
865 535
8 591
175 777
593 93
150 154
605 858
144 747
613 565
428 785
504 529
828 472
761 56
121 452
441 574
566 300
638 266
612 161
705 167
722 320
841 459
569 361
290 21
579 675
317 901
881 492
45 500
856 463
648 540
91 184
483 113
433 66
342 731
686 52
629 728
896 850
643 776
651 833
796 87
385 89
628 362
439 909
820 287
57 489
845 697
539 9
327 732
528 764
207 414
145 86
100 157
834 811
829 399
421 557
686 248
575 239
820 366
514 361
41 684
107 814
569 888
202 177
223 217
650 824
217 377
541 880
300 610
901 318
585 158
396 77
542 825
722 586
687 234
845 278
417 227
30 569
21 788
14 493
287 883
282 622
433 653
21 86
261 633
141 319
417 463
85 479
141 300
905 887
515 231
235 197
151 772
879 40
585 446
900 305
199 564
57 323
526 26
663 476
366 521
327 400
628 891
150 118
515 249
678 657
842 769
621 476
417 346
482 260
77 208
842 735
154 713
74 117
517 750
125 891
367 21
517 589
378 41
629 540
374 799
455 852
154 287
320 611
38 634
898 194
585 93
587 444
235 349
785 449
61 465
729 311
901 143
284 710
682 53
845 509
187 895
571 266
677 55
881 176
798 148
609 452
504 525
87 470
698 172
575 322
798 311
569 233
185 44
890 476
515 457
565 601
107 841
772 364
798 378
817 163
235 475
591 825
377 145
582 756
865 711
276 8
396 61
247 279
842 24
216 346
695 280
881 357
761 784
417 476
408 59
367 151
57 282
695 38
515 847
280 242
415 263
4 376
506 84
594 613
346 541
176 112
800 593
455 906
103 637
227 105
801 558
160 682
108 892
150 689
380 397
346 433
235 728
218 606
517 775
518 843
330 565
879 140
366 485
360 421
621 644
486 813
484 907
786 814
199 747
889 569
247 439
273 414
77 16
151 860
542 445
80 822
330 395
638 548
518 436
4 137
846 378
343 626
150 464
566 861
843 827
643 505
549 906
428 32
842 666
383 32
125 362
506 534
24 695
62 734
282 640
327 80
19 831
202 630
685 447
150 30
185 321
674 841
524 139
343 358
30 130
21 791
261 485
103 842
439 851
591 708
124 482
433 474
367 891
263 696
408 275
121 764
384 667
907 579
553 246
430 853
748 155
300 31
879 337
223 888
517 76
369 665
834 45
117 3
862 29
20 263
903 99
566 377
287 366
342 697
141 250
648 144
805 608
742 840
842 500
798 455
571 781
651 532
569 880
722 64
650 460
524 100
504 824
514 444
786 802
21 309
581 876
221 453
62 571
628 479
199 64
284 719
284 274
187 764
346 583
154 813
45 118
8 348
370 419
462 316
663 428
261 166
593 31
638 773
65 409
817 30
178 215
483 603
42 723
579 565
186 707
428 484
62 830
366 339
517 254
327 369
685 373
670 520
678 798
87 907
385 533
841 870
674 800
21 174
582 145
295 547
441 768
618 136
107 114
710 535
865 671
75 234
8 134
343 658
273 25
102 851
154 745
124 402
91 79
247 701
31 502
706 371
484 376
631 230
371 411
221 664
615 447
123 80
221 900
450 705
91 104
327 601
199 646
330 286
650 508
791 898
722 89
486 19
817 696
504 267
377 664
571 732
117 813
890 668
585 335
494 34
331 388
897 596
898 83
842 354
676 720
439 164
903 567
34 657
486 685
24 857
862 771
629 86
369 434
730 456
371 885
571 421
57 380
45 695
674 532
270 74
518 717
685 193
655 339
848 539
423 23
524 179
410 121
678 64
786 581
685 773
300 68
462 874
107 219
110 800
379 780
404 15
103 806
534 192
685 182
798 859
578 479
284 563
881 616
798 682
35 132
346 515
207 125
31 450
343 221
85 419
677 187
517 826
31 12
330 236
585 216
280 81
889 842
845 553
223 159
439 582
593 753
705 49
846 853
360 866
517 104
85 903
264 810
791 687
417 220
219 308
801 482
273 285
433 520
509 241
31 214
430 543
428 225
695 215
219 877
643 656
81 20
141 72
670 338
317 250
494 292
34 565
340 765
600 146
223 134
553 813
678 111
287 849
91 455
729 117
871 54
579 44
494 392
295 566
737 581
845 649
661 430
305 303
650 158
482 456
561 226
227 675
566 45
80 90
396 349
76 481
369 887
593 637
8 382
225 852
651 550
655 380
151 545
31 73
594 222
705 299
87 762
103 320
150 550
631 707
618 757
343 690
655 609
415 621
809 149
423 135
628 403
346 184
529 251
845 420
494 773
21 250
515 865
895 606
612 126
222 74
861 98
898 241
554 191
225 706
244 601
732 168
710 282
365 874
144 498
615 277
594 807
35 557
242 468
612 1
65 118
146 429
529 398
433 107
554 511
263 121
184 352
176 270
378 539
305 546
235 849
729 565
651 441
42 445
30 184
612 471
103 24
227 357
141 314
865 538
842 511
100 234
696 303
430 709
433 400
423 872
385 165
518 895
561 260
221 435
360 908
107 648
682 156
785 430
176 68
370 604
877 642
227 164
591 422
579 157
123 671
371 891
41 713
45 868
295 542
483 462
489 735
160 673
317 663
217 656
631 533
696 890
342 412
544 114
573 722
317 565
890 896
27 289
87 825
526 34
141 464
219 856
370 228
24 17
38 86
31 597
534 32
800 364
889 505
330 713
370 527
677 406
772 386
643 569
199 102
290 724
34 871
678 869
415 350
31 263
369 95
762 899
280 668
365 470
594 765
722 319
685 162
178 616
554 559
408 227
124 859
539 34
528 746
108 795
528 34
76 370
801 708
650 394
20 659
841 507
897 414
575 444
178 873
514 265
846 168
320 842
579 277
636 788
102 136
199 807
225 883
865 301
796 124
609 440
139 816
504 575
579 74
897 353
486 110
432 365
19 586
528 674
410 451
817 569
423 20
139 336
20 75
573 579
111 635
626 237
631 268
526 659
330 676
417 125
638 802
722 556
820 569
317 315
494 131
423 401
450 422
650 530
618 330
710 240
549 293
81 194
384 856
539 737
125 55
380 698
629 693
542 525
65 713
581 22
618 283
879 698
541 637
785 153
862 37
890 771
624 758
566 47
674 263
360 651
374 256
663 403
404 215
600 397
346 265
320 230
674 385
710 650
624 833
121 722
553 293
900 596
38 11
485 530
320 244
150 732
786 594
549 317
21 374
539 295
305 211
621 598
247 248
624 504
686 17
187 123
624 263
650 267
594 879
24 170
76 784
615 803
648 506
207 170
103 342
896 630
65 298
222 623
761 489
121 835
263 345
606 528
544 537
117 128
817 628
539 560
218 853
524 135
8 198
150 645
856 343
571 292
111 803
523 591
76 91
184 522
100 159
433 455
340 546
517 461
219 207
379 714
856 351
144 527
624 71
145 541
41 693
579 209
14 124
905 179
221 484
748 8
441 492
805 704
230 224
371 657
580 285
905 747
898 157
796 359
862 899
655 84
139 48
730 317
788 594
264 359
848 822
202 40
661 253
410 225
845 265
890 60
786 901
732 253
729 713
160 650
110 587
526 870
732 191
119 161
244 40
486 119
41 651
16 844
284 244
207 218
430 678
415 763
624 98
21 528
38 8
631 717
330 365
421 209
539 548
606 383
600 230
433 226
284 540
846 603
581 741
187 556
154 689
686 72
628 262
575 23
815 816
629 798
905 625
791 343
772 805
636 139
287 207
21 338
539 329
613 113
31 106
367 691
402 838
524 431
91 478
45 281
907 504
432 204
216 413
626 881
74 422
829 807
244 333
594 906
485 751
621 86
219 407
842 112
35 167
710 421
111 791
317 187
119 825
638 80
146 221
889 297
40 850
484 579
612 157
570 463
801 869
661 404
593 169
866 665
103 293
549 731
385 62
786 454
643 336
544 155
879 670
800 139
843 627
343 124
687 81
809 600
139 759
16 395
494 805
423 263
615 474
524 372
425 900
800 24
19 569
710 94
87 842
146 664
788 83
57 456
730 866
534 424
706 148
216 811
404 528
378 28
125 25
642 22
722 487
772 691
815 323
815 59
360 643
150 652
587 407
661 34
629 448
367 0
202 262
842 269
273 530
74 689
489 661
561 112
34 437
741 670
439 204
553 780
264 334
178 179
227 698
889 10
710 241
222 34
184 795
791 739
600 93
290 886
61 596
861 572
199 559
651 647
523 445
509 610
801 434
638 609
378 310
121 741
74 715
454 304
24 781
144 826
648 77
81 641
842 95
221 876
69 665
565 908
648 774
730 682
889 692
817 379
815 790
575 384
772 780
761 839
862 483
150 22
674 733
448 809
371 718
222 292
175 67
523 253
895 893
762 843
569 585
448 684
111 191
613 449
410 4
862 16
798 35
327 351
121 583
737 65
154 299
454 78
462 457
582 315
428 65
628 475
425 315
730 598
230 740
280 87
450 489
523 58
541 566
432 61
415 5
489 366
686 58
290 289
270 291
642 365
504 472
366 2
587 677
629 760
305 86
384 431
102 198
217 788
462 846
300 345
651 448
468 141
154 78
40 730
834 292
843 190
573 113
154 187
881 865
273 649
676 444
786 885
119 670
19 658
638 598
31 310
77 171
223 394
185 230
100 377
677 902
676 220
628 731
402 257
817 373
670 576
408 31
187 525
87 24
95 847
146 876
282 533
366 75
184 103
432 378
176 859
580 897
87 757
544 221
145 488
428 617
365 119
591 212
406 531
514 368
686 840
117 518
360 488
534 35
841 326
651 697
103 56
124 534
905 72
85 393
494 850
123 170
674 86
383 534
16 809
820 698
534 538
890 787
606 408
377 700
383 606
332 805
842 865
374 771
587 14
441 294
380 713
117 505
866 217
150 564
370 711
900 500
81 522
65 472
515 160
261 410
889 481
100 841
571 111
40 672
698 162
244 649
185 442
674 907
748 647
225 651
677 425
512 85
207 811
561 688
674 550
796 96
561 819
95 412
798 143
217 63
30 108
14 423
150 575
549 400
242 825
842 414
638 779
626 608
332 192
145 453
865 682
845 448
695 485
796 128
175 602
889 336
788 95
518 93
74 348
330 55
907 827
340 575
696 839
38 865
186 429
119 101
566 533
903 786
371 76
638 708
38 454
877 43
415 251
485 593
295 98
788 72
276 125
594 271
417 69
16 601
408 309
890 319
121 755
517 405
856 212
425 730
184 156
428 62
377 189
809 811
34 50
462 377
406 21
585 383
415 448
433 497
801 720
509 229
526 420
484 823
207 52
146 754
108 678
613 304
509 433
61 605
624 60
587 59
421 614
432 875
785 649
108 581
423 369
748 624
687 791
125 385
686 639
820 703
80 246
582 905
225 662
618 606
544 873
20 641
151 667
828 745
448 351
612 667
123 38
796 455
629 136
578 399
506 456
670 568
144 871
494 207
594 847
428 75
805 528
225 394
834 160
139 390
365 746
897 552
900 630
748 130
504 349
377 566
514 33
433 522
698 241
202 467
41 607
433 335
881 568
102 280
144 156
441 313
581 556
489 291
40 662
581 869
565 546
544 334
102 124
628 871
742 352
737 464
643 592
408 279
829 7
539 222
425 85
865 629
581 495
280 717
330 761
331 212
450 385
509 907
175 517
695 756
110 869
856 593
235 844
871 199
848 708
861 193
366 193
829 426
216 133
222 590
423 328
74 249
554 154
430 865
95 830
579 187
24 370
439 51
207 441
698 777
575 112
31 870
146 222
762 168
788 531
366 280
896 792
676 82
489 567
805 295
729 853
276 748
178 414
223 619
16 688
423 602
459 869
380 276
613 547
788 409
636 782
244 424
866 899
846 11
100 273
110 404
729 540
247 129
669 589
631 98
225 4
621 633
529 234
284 845
834 767
21 812
643 599
107 85
573 243
42 839
509 908
448 731
580 395
655 673
846 346
541 446
553 159
185 180
247 204
65 243
729 607
846 787
732 362
41 261
371 618
75 440
741 221
549 33
741 353
506 807
829 575
817 194
52 224
360 853
340 583
207 604
600 460
225 629
27 367
663 33
686 268
300 213
861 88
791 163
553 383
762 909
69 250
896 99
216 475
30 778
40 538
515 529
264 272
805 127
185 31
517 49
638 293
828 148
263 162
578 540
729 206
383 783
877 416
509 545
566 755
524 796
369 853
462 360
732 495
677 324
705 248
107 133
618 788
828 633
300 348
38 717
695 270
613 194
432 905
901 404
506 639
455 859
722 851
273 368
374 158
842 374
661 68
340 152
154 197
648 173
845 588
518 82
20 871
581 795
439 714
494 120
441 508
861 630
682 885
801 593
578 845
834 146
175 770
895 892
459 330
845 882
483 361
544 353
761 469
573 77
185 362
612 48
571 150
225 192
117 323
820 630
554 256
61 574
225 10
242 871
100 684
565 573
871 792
448 262
4 394
809 182
40 736
580 541
772 289
705 647
103 147
300 901
385 9
295 300
561 599
280 891
287 70
489 507
187 837
629 44
340 792
282 761
820 328
729 850
103 729
150 685
340 71
459 514
121 34
119 420
81 786
417 558
154 468
417 683
565 372
230 837
455 447
176 416
785 734
636 12
605 235
677 532
534 840
30 886
609 892
655 347
820 660
305 400
433 166
612 241
102 59
408 58
202 57
515 541
280 463
742 211
696 620
331 888
175 426
594 843
34 707
380 882
371 674
69 325
144 76
890 516
489 304
19 89
423 858
102 885
284 299
512 567
686 30
903 199
661 636
484 632
848 279
553 193
809 494
459 229
517 487
415 370
742 757
69 513
650 844
820 263
514 668
369 724
346 683
450 161
678 219
244 117
24 376
428 188
518 170
578 355
593 535
677 639
600 81
225 816
385 760
432 811
367 849
85 619
100 478
8 464
534 274
485 730
287 72
624 498
178 122
75 646
896 163
123 118
150 655
91 171
800 825
798 176
526 209
346 394
103 647
30 465
626 872
102 77
123 86
677 818
216 900
85 198
642 14
871 294
900 473
175 655
524 491
737 578
494 572
663 186
842 891
367 808
103 163
761 289
425 81
651 430
504 336
428 346
761 607
682 318
828 591
897 462
139 35
786 124
575 890
433 886
877 110
154 569
202 812
834 214
45 61
737 789
408 573
489 633
569 197
406 490
828 398
742 374
187 3
897 544
648 672
81 742
273 518
404 871
441 625
494 892
383 95
74 212
553 249
423 473
327 790
317 141
282 276
504 318
517 401
571 755
230 341
570 614
785 457
695 827
529 424
600 786
642 749
383 505
35 696
145 93
722 471
111 555
843 249
65 104
670 746
110 637
415 200
432 426
421 46
282 370
504 564
378 465
698 727
520 105
14 400
186 512
4 730
661 805
605 377
741 730
569 106
504 395
111 902
742 698
30 286
618 154
151 200
512 157
380 121
187 89
486 165
432 97
384 362
108 813
121 907
600 637
221 97
629 788
65 452
575 175
199 773
761 328
748 752
528 43
346 179
61 77
788 540
16 810
217 348
455 151
455 278
218 698
406 201
486 129
327 434
35 751
468 763
605 624
365 707
80 534
123 712
366 801
509 838
261 525
846 373
861 298
570 466
518 683
856 696
898 716
594 611
218 546
95 461
406 286
222 211
69 718
638 704
396 368
615 65
737 500
284 837
565 665
580 790
612 56
317 186
871 95
628 413
638 742
612 863
342 417
14 290
332 862
111 586
848 272
871 445
87 205
815 516
628 7
587 888
377 351
219 774
670 242
154 211
539 666
61 453
489 664
687 279
687 610
877 449
534 235
594 324
609 468
81 775
14 525
862 790
276 789
300 794
221 486
61 359
30 685
796 148
506 905
520 364
772 478
865 16
578 85
553 347
117 785
264 487
520 216
377 870
160 486
80 689
287 673
706 417
594 44
698 583
820 194
287 139
57 339
38 661
21 3
244 627
396 615
591 78
366 302
901 187
385 458
730 619
370 104
24 834
110 235
421 210
648 681
517 620
687 746
529 878
150 8
520 796
578 767
184 693
905 557
346 118
263 182
146 650
905 801
263 757
284 602
553 2
748 735
695 309
425 259
748 262
905 77
8 845
561 584
346 150
218 188
187 517
732 105
85 650
761 17
20 31
796 201
287 293
686 132
91 862
518 697
57 549
417 409
580 44
263 541
62 877
642 697
150 327
509 722
898 105
682 196
905 728
87 365
600 236
235 308
421 33
151 691
61 418
30 721
295 906
613 84
566 352
439 52
606 546
517 294
95 842
573 226
117 555
515 712
14 782
124 477
384 539
643 109
605 544
843 318
650 157
91 344
370 614
107 762
682 480
223 461
504 260
785 895
377 39
845 119
365 300
404 90
486 642
585 155
154 748
609 359
178 675
468 656
848 163
698 315
8 653
103 567
441 783
549 717
706 466
187 392
729 41
421 881
343 350
585 643
459 380
186 26
651 467
871 43
370 182
877 813
320 273
69 682
895 285
676 711
27 846
327 636
378 89
280 488
494 491
223 26
520 756
648 283
528 331
494 503
674 24
539 374
264 808
848 530
108 494
732 841
65 75
61 597
42 57
402 772
320 236
35 542
674 869
244 502
581 813
871 641
881 235
544 444
264 31
417 767
841 111
618 2
842 130
4 338
483 263
284 525
41 849
119 810
663 642
732 74
290 311
905 748
809 743
76 291
108 210
606 520
280 472
879 881
843 168
890 119
483 110
123 584
528 620
710 845
367 552
741 782
877 59
81 345
676 134
187 287
512 826
801 227
631 272
14 695
862 317
570 438
879 452
549 281
524 690
305 361
428 1
506 280
369 525
489 681
829 400
544 585
903 604
38 705
14 226
76 582
52 721
202 785
877 773
772 438
871 236
65 505
366 408
264 818
41 429
45 134
841 268
900 724
896 138
202 464
360 740
380 624
613 614
798 221
650 27
346 430
61 809
103 287
19 793
91 152
287 387
877 148
605 96
862 305
582 163
410 545
102 735
829 280
146 635
95 553
110 693
788 870
631 262
587 903
185 854
222 692
484 222
176 678
907 118
263 701
518 899
371 314
52 812
506 652
218 244
580 117
38 900
108 187
698 42
678 23
845 724
141 420
761 160
19 606
290 189
670 530
69 837
895 642
369 838
123 481
342 12
331 520
74 50
529 754
123 589
235 219
628 461
801 672
871 176
695 311
102 420
187 909
81 603
346 707
748 363
895 805
16 196
903 597
606 272
539 190
629 455
380 510
207 861
817 27
225 264
408 696
494 555
482 792
247 628
218 680
95 30
895 582
178 743
430 434
24 723
331 128
230 63
111 190
8 171
146 474
242 360
785 883
244 549
520 392
685 671
247 410
670 687
581 56
52 595
710 890
202 272
862 567
430 144
61 407
14 136
176 459
544 322
801 280
698 608
110 204
865 803
145 855
809 770
529 327
421 564
448 717
365 639
242 404
612 391
695 540
842 803
862 276
624 68
862 60
185 358
695 337
650 799
340 231
509 449
512 733
865 733
430 776
628 128
579 811
579 103
332 542
404 851
27 859
730 626
524 261
295 33
108 35
528 506
450 812
737 796
27 376
820 748
485 614
77 13
80 527
895 116
848 277
515 12
117 784
541 904
117 216
428 46
593 511
340 272
371 428
222 425
415 611
450 162
263 46
379 648
151 844
261 659
650 848
729 300
805 297
638 45
77 318
396 115
903 438
432 500
628 539
846 402
415 177
674 521
643 434
798 697
415 148
669 694
483 192
907 575
482 546
856 475
343 819
798 258
843 260
383 277
523 231
378 575
687 879
187 292
862 860
247 880
650 414
541 126
791 2
801 835
187 608
85 476
42 741
261 581
320 663
176 103
571 552
57 135
221 441
897 13
360 827
569 198
579 36
317 679
459 188
383 120
524 735
682 737
378 496
581 307
606 906
696 265
489 498
901 426
762 143
848 767
27 843
609 209
809 100
798 458
845 825
801 341
631 389
866 101
8 210
655 659
217 885
430 476
815 546
276 523
528 860
631 363
74 367
485 459
631 83
225 843
898 224
865 607
270 863
898 65
524 803
848 492
332 783
185 888
87 148
541 64
62 401
705 238
651 816
862 231
834 72
788 838
843 489
890 837
287 541
280 700
486 562
160 338
791 303
20 270
276 668
722 856
896 570
631 633
111 493
661 758
219 798
38 204
615 623
553 328
515 350
791 887
621 652
815 134
176 858
895 570
509 713
154 535
834 669
187 365
450 222
828 383
383 7
396 691
295 452
514 814
748 407
74 336
486 903
218 849
515 728
705 749
74 426
529 697
270 85
454 631
815 476
383 247
526 745
737 150
365 207
606 53
402 103
805 226
674 200
580 130
710 849
526 637
698 35
670 75
102 239
609 666
151 522
383 759
366 268
433 830
629 96
8 221
123 680
732 508
227 118
895 179
903 870
38 359
4 481
423 322
554 789
380 707
796 223
606 328
587 214
421 870
524 112
901 117
686 794
21 820
40 255
678 102
669 171
642 471
45 856
330 750
585 579
87 550
879 788
890 819
52 200
450 108
788 544
730 207
430 528
581 709
791 656
624 16
139 593
417 250
276 644
890 484
432 15
287 901
485 712
829 256
544 228
144 634
42 387
529 503
575 302
674 679
506 614
65 245
242 27
661 385
600 344
615 815
61 334
761 287
342 646
455 875
582 883
748 412
796 367
504 305
897 474
677 25
528 672
877 359
207 285
796 36
45 17
542 722
221 396
621 907
575 456
441 602
14 50
524 206
848 810
561 305
19 209
528 572
369 316
369 98
722 652
216 19
433 109
95 400
879 647
578 289
80 588
815 9
107 4
371 599
706 317
4 36
866 79
320 125
305 33
417 631
320 540
509 650
615 45
102 533
791 563
417 724
8 307
553 904
900 639
815 72
696 291
482 784
20 443
515 882
722 83
682 140
433 268
841 427
544 506
317 729
225 392
895 74
570 24
509 666
150 511
582 126
125 98
280 808
57 481
515 22
175 10
34 275
75 473
207 603
439 570
529 813
544 760
643 763
834 344
264 91
587 675
40 892
45 511
696 139
624 593
642 99
287 160
433 130
107 136
8 360
295 252
141 649
4 810
244 677
730 15
569 431
378 282
605 433
119 135
441 235
732 578
483 422
270 112
75 34
509 565
290 635
613 64
866 723
327 216
809 382
889 631
591 623
102 20
305 160
320 377
606 105
80 491
526 705
384 260
566 192
861 277
385 886
404 909
247 612
828 597
24 686
897 62
820 402
514 269
141 877
484 731
698 616
629 153
300 810
441 672
261 383
154 469
566 547
509 575
618 208
518 713
900 562
580 681
846 466
366 638
861 741
366 662
34 356
144 429
485 809
282 716
117 721
748 205
287 734
455 774
805 399
235 606
8 720
76 792
846 664
828 152
439 20
898 776
45 55
785 327
244 23
626 146
77 434
346 398
154 450
594 832
544 658
76 239
581 73
151 328
566 655
828 418
402 347
383 459
512 5
628 806
282 677
346 750
788 120
524 269
34 267
421 548
698 759
737 319
462 707
828 517
150 785
729 528
222 77
282 242
87 441
512 812
433 734
624 306
270 455
219 845
900 786
591 844
52 392
643 672
370 498
762 599
184 541
879 42
16 536
417 70
45 493
150 617
378 520
829 441
609 596
222 482
282 538
14 518
686 423
290 149
371 647
216 251
38 288
57 679
235 280
186 904
772 198
385 462
506 658
417 411
509 383
534 183
410 648
606 768
455 899
247 421
360 476
896 410
554 688
30 381
829 381
404 710
504 143
340 763
528 299
732 470
378 813
65 4
737 886
123 198
385 61
889 236
655 713
380 599
421 783
45 888
102 529
371 24
706 776
396 534
468 223
772 748
895 438
900 95
202 828
102 56
450 80
62 95
732 746
515 423
578 282
898 651
423 156
903 459
834 468
651 50
380 368
107 494
160 447
227 35
643 285
600 292
385 815
150 141
38 761
432 91
636 869
331 30
146 501
273 574
655 814
798 536
144 99
580 298
16 752
820 739
30 373
580 610
482 340
121 644
571 573
287 235
624 698
468 138
600 703
585 595
800 135
20 201
676 103
41 422
290 355
144 829
218 331
615 560
903 546
788 132
20 27
146 168
360 745
575 875
40 57
222 17
144 51
877 39
846 773
678 154
526 801
676 537
150 46
273 181
360 547
425 866
100 683
829 90
80 477
439 471
578 548
151 731
901 867
798 765
682 515
119 610
263 512
615 390
571 70
219 245
45 606
150 470
417 478
898 822
380 636
65 826
762 252
415 122
178 206
8 120
270 554
421 99
573 906
796 720
383 81
454 79
626 864
21 769
587 366
748 136
582 468
843 333
295 341
549 188
509 493
24 900
628 658
585 279
846 414
524 150
729 482
108 152
661 731
402 301
862 211
729 690
809 81
845 422
561 175
108 511
216 621
270 110
613 117
81 303
871 535
76 710
45 562
378 554
175 769
655 286
856 796
542 453
566 260
218 390
484 166
406 872
585 692
290 555
218 800
486 673
624 479
504 667
103 626
263 767
221 45
762 428
786 570
300 206
175 2
643 843
141 93
235 650
890 235
221 269
139 428
217 706
52 601
815 784
856 679
432 49
290 509
581 259
661 379
221 704
367 655
571 342
485 605
518 92
903 324
506 78
896 354
642 741
489 427
14 472
881 185
534 407
85 204
35 648
117 110
121 863
367 557
515 680
366 622
52 5
406 245
529 819
809 303
829 767
34 591
861 414
618 853
264 52
486 393
87 567
628 907
331 745
554 153
805 724
367 507
678 327
785 620
62 901
223 727
144 187
111 199
62 489
843 93
69 500
264 271
468 784
549 641
370 718
305 628
448 766
798 135
762 85
494 50
284 93
185 671
800 591
829 764
696 261
898 746
295 165
186 819
433 224
331 236
594 208
575 281
396 101
670 823
327 581
517 776
695 277
175 823
663 259
907 715
685 836
75 804
772 211
895 357
31 249
264 512
247 800
626 218
42 18
842 362
606 208
748 500
528 597
221 404
554 228
877 306
199 73
890 872
270 746
539 163
613 880
327 296
35 442
494 289
175 52
423 616
408 786
290 740
889 180
571 611
482 182
650 876
624 400
378 615
729 843
121 114
554 581
817 181
378 823
77 637
798 188
42 230
425 46
150 33
360 348
287 279
75 680
483 475
455 588
80 337
75 166
247 317
834 322
905 727
85 559
848 697
578 72
415 310
542 439
244 749
834 680
14 464
722 375
907 609
100 851
52 547
526 856
907 5
280 305
439 440
841 226
569 780
52 761
65 101
441 426
146 819
402 714
410 248
87 355
514 735
523 765
841 610
569 285
108 489
40 607
80 804
430 893
509 446
40 138
408 749
24 444
565 844
42 666
439 270
378 62
624 410
332 879
575 776
581 469
486 322
570 77
402 783
732 444
305 608
670 725
890 770
20 351
889 516
539 90
613 214
730 487
16 866
40 716
554 221
539 457
441 51
486 461
141 413
19 520
686 703
24 532
223 297
216 276
539 290
178 60
594 571
600 682
423 484
107 163
145 628
370 191
842 732
791 569
244 299
512 302
24 225
805 63
119 426
687 203
828 150
800 450
41 253
524 450
370 320
295 558
40 879
580 728
123 622
178 205
517 4
176 567
74 211
520 667
895 736
905 617
369 801
91 92
805 811
20 551
108 89
791 118
539 583
710 450
698 288
628 175
102 850
52 764
455 605
698 207
856 729
371 506
520 640
900 325
729 21
123 409
144 839
861 526
785 662
62 691
185 13
841 638
575 81
494 393
408 108
221 763
227 53
100 518
523 429
772 713
379 597
19 129
570 699
65 616
695 509
263 518
459 300
402 327
61 678
379 442
346 800
41 831
410 668
77 94
509 851
455 756
34 84
415 890
223 639
216 798
651 542
448 419
624 324
585 297
482 555
52 83
861 676
489 586
367 42
542 588
483 115
638 224
515 315
91 144
284 575
108 80
871 83
805 42
123 444
428 104
587 435
367 395
187 891
815 856
785 479
65 239
506 278
865 567
565 73
696 469
276 252
450 96
905 722
223 889
417 867
506 707
396 600
273 662
468 238
185 209
430 182
903 100
615 430
85 543
145 783
340 114
900 564
841 22
606 79
85 635
370 330
895 359
682 747
111 714
800 818
81 781
184 11
509 127
41 563
282 400
107 695
30 591
295 806
216 99
235 162
343 547
534 501
369 790
834 432
185 839
663 112
448 273
396 4
890 849
677 872
19 777
367 473
41 870
290 244
841 571
222 810
145 491
879 600
385 797
124 305
459 680
108 224
677 22
74 258
895 217
636 93
280 71
618 12
468 794
643 854
651 349
331 567
287 501
124 579
526 662
377 435
21 684
383 17
150 233
417 111
408 854
383 793
523 88
123 853
845 85
800 754
828 175
346 671
579 621
75 542
801 547
565 869
141 608
91 239
332 504
176 461
276 903
518 435
370 32
384 207
561 454
650 582
605 748
655 95
729 631
379 105
290 372
655 831
76 723
145 84
202 815
374 354
791 335
369 117
585 861
483 812
40 334
901 908
74 531
486 64
450 302
801 661
108 262
643 494
575 127
682 847
737 390
95 868
150 423
515 365
761 765
385 799
454 764
650 177
631 827
263 207
785 428
796 788
346 344
404 213
242 399
573 552
331 907
14 382
670 91
95 775
506 661
612 535
276 578
217 515
843 664
61 572
235 893
629 792
615 658
786 690
119 539
748 171
370 628
897 733
4 649
650 407
820 653
896 333
561 610
482 751
661 369
31 444
570 250
146 695
295 756
484 338
408 449
87 272
154 415
587 317
494 679
514 909
678 608
663 715
125 414
346 99
742 300
207 330
218 570
732 61
566 829
848 715
121 124
367 524
788 189
907 264
484 453
87 847
663 370
890 744
61 663
695 508
38 367
820 282
379 614
175 123
674 824
284 398
287 467
468 697
225 145
417 612
378 320
207 478
554 476
741 636
591 864
523 52
340 738
581 103
900 861
489 564
65 81
247 797
828 84
8 530
686 147
737 611
110 415
230 137
402 413
34 44
796 467
410 768
123 104
295 444
841 168
295 665
87 388
600 319
185 452
570 177
742 247
119 837
125 477
305 253
123 177
621 315
661 518
377 539
21 431
801 896
186 247
85 702
903 345
600 32
76 461
45 94
565 705
261 789
468 505
732 555
484 92
52 355
396 460
729 894
340 882
539 489
650 231
27 619
175 597
433 271
80 760
861 265
425 563
80 173
184 45
565 359
791 447
677 444
284 811
732 831
4 590
150 765
343 96
678 485
242 401
366 778
841 2
896 854
110 527
539 429
300 783
221 128
19 175
732 250
343 255
828 638
642 711
455 476
638 282
421 623
580 663
454 591
526 750
561 569
178 741
247 100
722 579
230 344
542 28
786 380
484 385
14 482
468 172
219 765
121 665
34 4
421 554
686 825
898 232
520 775
379 879
117 144
76 200
74 699
618 30
613 623
905 296
842 752
729 694
862 846
178 161
160 339
801 292
678 165
845 619
454 758
729 150
861 156
235 517
581 159
439 512
613 680
542 317
408 119
38 878
841 502
202 766
861 287
582 776
561 227
430 13
38 268
380 468
523 814
566 717
27 302
383 879
144 650
585 707
486 227
370 879
27 549
663 44
515 452
612 456
788 382
454 102
14 901
62 838
45 826
578 838
636 160
282 766
523 905
669 774
896 462
896 106
520 74
223 250
340 325
380 1
615 671
218 157
178 51
534 58
489 556
517 229
91 445
439 286
515 478
217 320
669 677
696 748
866 699
687 415
146 443
21 448
31 702
544 860
450 171
145 401
374 340
881 707
408 33
202 211
526 605
846 88
861 647
408 208
121 205
370 43
642 845
737 103
856 605
628 89
677 215
638 305
698 492
408 664
305 291
317 719
45 218
202 550
482 846
670 429
748 613
433 325
327 697
542 119
581 274
554 401
732 131
439 733
367 819
526 906
512 736
648 363
462 44
74 248
270 464
801 659
370 824
404 590
494 28
877 313
369 621
332 190
571 743
199 703
541 856
217 842
273 476
383 258
901 259
184 842
425 361
75 69
406 292
534 139
618 750
587 544
331 122
160 750
144 468
483 764
218 4
151 443
154 805
61 822
150 21
670 221
862 295
178 303
270 812
273 702
553 546
549 253
661 294
900 777
486 52
582 908
4 645
524 81
526 279
570 357
561 546
61 720
517 214
261 382
95 67
331 741
866 127
801 63
396 776
31 596
417 28
4 353
509 766
402 151
415 650
612 689
829 633
396 292
81 111
737 213
428 305
621 186
881 455
430 876
57 702
678 837
638 185
682 32
270 412
439 226
230 329
865 565
35 711
423 190
900 165
791 455
145 475
573 339
504 497
809 62
367 318
772 70
408 45
903 625
484 182
483 754
636 571
160 898
482 243
674 85
242 51
176 892
62 26
489 609
290 850
421 622
222 740
494 854
741 842
613 458
685 460
846 518
107 450
841 715
575 712
24 368
483 709
340 206
290 563
841 557
459 8
761 539
788 580
404 729
62 42
609 417
848 194
636 503
227 221
483 241
244 725
35 137
621 789
484 463
670 55
593 524
222 79
331 568
408 253
722 406
575 232
570 60
579 65
541 275
655 762
638 195
207 715
145 431
706 318
223 106
485 105
895 377
729 613
674 758
504 60
264 865
270 560
417 14
31 315
582 301
270 589
566 632
613 88
425 719
762 36
459 99
762 432
524 625
642 724
371 366
263 691
741 412
425 879
455 67
125 93
674 159
509 591
554 346
202 116
107 733
230 427
655 823
264 327
327 503
624 78
636 378
421 270
587 176
529 137
185 806
801 223
848 550
367 831
370 341
176 264
186 513
509 466
369 545
729 523
332 317
276 570
581 512
485 662
290 597
541 656
710 898
331 53
4 492
160 95
678 299
20 661
565 666
828 185
4 779
661 138
845 896
612 502
40 280
141 437
263 822
41 653
534 705
263 240
222 62
150 404
31 82
439 32
378 738
788 288
594 896
280 120
800 558
145 762
454 35
154 634
575 150
77 617
651 373
879 28
380 37
643 863
280 530
494 702
124 717
223 408
518 420
685 368
587 815
565 476
593 692
523 241
327 413
45 209
402 502
748 908
541 811
141 209
342 451
100 186
77 875
374 506
877 76
244 357
154 392
207 668
706 405
518 493
788 59
280 658
80 744
846 889
75 179
317 479
648 535
895 64
520 764
263 560
225 447
146 143
705 774
834 125
901 719
594 901
146 180
638 703
820 174
554 193
380 96
670 870
20 29
705 679
515 155
75 249
772 634
842 133
482 801
655 175
235 625
515 757
455 820
415 421
150 720
674 725
52 37
176 253
732 743
670 633
27 762
69 855
895 897
871 578
119 382
242 319
242 439
593 742
225 510
553 139
895 424
549 770
404 711
678 788
448 645
648 280
124 469
123 357
441 607
618 670
898 806
145 18
514 637
907 719
877 32
139 437
217 445
695 838
52 850
380 536
227 762
730 605
585 801
264 873
305 370
705 506
865 604
367 352
366 437
828 18
879 427
40 13
788 323
146 263
221 113
468 668
761 525
553 228
820 518
154 358
628 756
898 168
176 900
343 138
124 866
762 704
459 386
124 847
861 165
618 513
742 314
425 238
843 64
798 321
742 423
396 707
360 603
529 361
432 106
890 609
591 816
903 601
332 465
21 20
217 670
676 387
609 356
629 92
230 558
102 27
651 58
160 869
340 906
202 198
890 669
788 535
582 408
178 584
141 730
455 369
178 671
417 360
14 65
462 55
486 794
585 888
486 612
842 13
264 756
384 75
809 280
52 106
14 459
222 268
677 607
796 360
218 334
42 576
676 290
570 723
178 18
593 584
16 535
515 360
512 670
462 756
81 229
730 606
898 221
809 471
154 669
41 311
186 606
648 263
77 261
800 114
687 94
494 811
340 253
178 720
175 13
737 664
896 85
901 324
615 884
42 239
636 823
897 867
544 313
670 239
16 693
609 12
512 440
841 564
788 867
223 677
284 578
468 331
217 823
8 839
741 854
705 800
841 826
261 664
881 538
102 187
581 119
450 818
151 666
615 353
432 256
631 217
117 7
61 767
80 799
579 897
903 543
235 600
696 315
222 81
534 100
417 740
901 874
483 834
638 753
585 45
119 897
150 395
585 468
261 303
494 614
815 310
119 310
280 872
117 59
895 790
605 438
65 48
788 408
890 244
123 179
565 788
186 221
636 460
300 504
21 472
207 518
331 134
549 597
119 252
141 524
150 538
38 163
669 762
430 206
290 71
729 291
515 425
124 411
454 805
687 700
146 505
578 468
621 523
430 179
663 655
486 327
862 744
276 201
450 584
554 609
573 891
38 326
729 543
732 821
207 866
425 868
31 225
809 285
370 417
85 808
670 660
722 757
154 62
207 693
35 252
541 343
408 50
385 191
788 453
235 100
103 866
378 820
896 658
791 135
896 14
890 803
638 560
569 497
342 870
459 533
528 710
369 355
642 644
800 879
676 29
518 10
280 548
865 65
485 555
35 169
332 545
828 73
676 64
512 418
905 308
615 624
340 389
549 453
549 737
379 218
581 317
264 668
669 693
570 649
512 624
651 828
421 15
651 262
554 229
594 263
901 88
396 705
121 905
573 492
124 862
270 133
518 248
669 7
504 894
160 399
14 4
856 229
761 759
317 664
609 848
263 53
151 408
523 847
686 724
199 271
900 173
843 83
62 548
685 684
615 351
879 567
742 433
561 632
676 691
820 205
385 803
504 534
900 543
879 454
16 595
145 542
433 530
897 729
570 768
732 393
21 148
404 231
670 198
31 516
374 332
406 878
695 548
75 563
539 246
428 145
384 141
650 592
91 826
618 605
609 495
509 385
332 814
678 803
730 419
895 165
144 752
549 313
45 167
575 675
881 549
52 631
74 198
483 242
247 632
606 286
786 853
578 416
523 610
87 829
520 505
732 524
706 613
175 791
247 693
594 219
264 701
483 155
342 752
31 759
462 156
4 617
374 468
890 798
877 832
561 735
569 534
805 191
512 6
539 419
441 435
900 125
877 537
613 483
655 145
230 607
95 900
484 121
786 260
396 856
417 124
110 242
900 257
332 212
263 538
468 189
509 547
425 560
207 676
450 169
332 105
430 318
518 233
4 102
402 9
404 336
468 742
14 643
600 123
85 700
534 552
31 531
342 548
125 908
77 770
125 142
820 334
626 501
737 87
19 133
16 569
651 350
741 363
605 10
45 392
843 716
76 317
462 347
396 105
31 675
629 833
791 546
907 310
16 698
796 660
222 347
580 590
462 122
305 543
520 385
320 609
144 418
877 801
225 72
504 277
489 812
121 464
31 431
846 228
895 186
901 102
100 522
425 132
541 123
280 509
801 401
578 293
45 89
889 308
441 827
798 778
343 197
710 12
16 57
100 199
748 747
772 59
425 460
428 530
520 249
366 601
741 787
615 469
406 437
526 681
896 105
52 324
890 121
871 363
69 61
648 243
800 345
219 270
139 325
737 272
423 881
8 860
642 700
342 497
21 166
905 514
119 219
343 553
805 557
544 670
139 272
612 388
834 114
402 892
423 246
225 56
340 376
202 156
77 274
524 196
534 322
454 482
34 66
828 874
896 751
31 377
448 629
107 521
741 260
896 466
600 429
186 265
244 790
454 602
384 47
729 591
141 534
587 395
223 835
732 828
100 708
61 435
65 753
742 717
151 621
186 538
575 37
523 205
732 719
186 909
524 875
295 400
544 779
544 262
862 407
642 651
227 154
124 729
506 796
406 183
732 675
123 611
674 786
817 605
621 839
80 816
829 59
282 473
52 290
785 784
524 758
638 64
65 1
800 693
732 452
242 690
284 587
439 346
539 406
593 303
828 822
121 864
331 771
569 348
417 500
655 329
300 89
606 186
554 312
242 906
881 374
594 758
569 330
575 887
175 344
900 796
280 583
385 530
176 25
785 724
154 836
698 119
450 579
76 8
21 78
40 866
223 433
678 54
14 635
261 271
176 425
741 400
221 700
698 303
800 434
674 559
91 728
518 426
737 897
587 78
430 168
856 175
287 680
573 429
907 74
786 497
571 862
222 433
509 758
199 387
261 722
27 682
225 605
8 517
591 19
520 761
593 611
606 508
534 278
430 852
615 419
524 375
65 752
628 444
539 452
276 82
280 550
678 121
410 617
100 294
687 407
696 295
554 406
235 256
119 591
526 788
62 677
626 441
160 659
423 583
287 507
842 231
103 283
606 247
227 210
69 510
244 835
263 475
889 487
609 65
612 25
111 775
428 347
16 660
462 118
534 780
889 292
580 239
553 70
327 655
57 298
621 263
14 658
27 821
406 629
865 313
661 466
230 18
834 836
145 23
244 356
77 335
569 840
573 500
686 548
687 891
898 906
160 544
651 45
573 564
439 269
8 21
327 266
846 392
421 237
861 505
454 611
276 866
61 757
454 33
879 682
421 181
123 275
242 781
615 1
65 418
330 452
520 655
85 418
786 604
621 148
396 461
509 814
565 356
871 331
76 528
62 549
178 739
815 706
494 1
682 545
877 20
402 822
785 388
454 466
107 370
648 130
454 297
91 897
815 617
642 694
900 489
42 816
230 479
772 104
264 135
805 563
571 789
31 792
42 67
433 43
290 627
371 205
111 804
366 5
402 23
327 618
290 255
230 707
340 729
270 122
371 686
817 614
796 886
160 129
402 492
509 524
643 550
613 216
579 189
423 17
110 624
889 523
119 358
385 747
468 623
327 200
815 65
791 107
30 640
529 267
459 185
655 205
843 369
748 265
366 528
14 176
829 189
207 845
676 76
861 205
141 647
504 117
485 763
898 518
290 794
247 457
581 761
655 871
509 13
695 100
378 797
370 157
534 774
119 510
287 115
515 372
862 154
468 361
176 392
523 119
455 406
517 423
901 692
815 418
805 458
570 843
144 198
146 30
77 81
273 46
459 530
489 77
565 492
284 363
415 859
618 92
587 632
669 820
374 323
317 313
370 451
581 766
655 560
629 386
242 358
186 123
512 852
862 779
772 397
828 693
542 806
861 710
108 86
587 90
737 873
331 821
861 548
421 242
571 265
377 501
796 127
798 201
626 660
263 809
42 249
439 201
698 178
95 882
14 698
842 159
629 3
687 480
517 636
528 885
504 154
423 821
225 496
433 443
871 349
651 72
580 711
843 286
907 662
682 510
624 151
24 78
222 384
178 604
408 868
897 707
669 42
523 552
423 452
76 706
441 76
121 778
402 852
367 860
408 310
580 670
506 535
581 426
509 896
263 367
900 620
629 660
482 165
441 146
621 67
582 475
791 11
154 858
828 115
650 485
581 280
575 47
111 788
141 669
242 542
801 892
221 55
698 65
871 186
865 508
154 383
35 398
380 191
145 784
468 606
606 745
14 38
615 464
834 153
371 606
762 448
651 102
408 127
544 706
20 475
841 711
483 659
515 801
125 134
384 670
737 244
273 23
282 592
566 513
600 871
907 868
160 317
741 855
805 37
661 4
903 681
772 372
369 377
77 796
570 195
737 122
330 817
710 903
340 689
428 672
685 760
468 585
621 584
526 907
423 813
31 744
331 342
448 415
512 699
889 456
430 703
380 738
284 21
108 535
31 163
881 109
242 734
263 859
468 776
798 615
788 124
841 512
187 809
841 109
485 571
542 19
175 796
729 1
848 743
146 431
367 823
706 233
638 212
432 759
642 78
247 122
591 842
526 533
732 39
34 334
450 26
317 697
526 770
14 122
615 200
430 547
591 6
866 814
300 329
75 47
600 704
261 472
685 31
280 283
643 183
541 435
638 694
685 209
582 99
21 108
366 863
186 59
439 813
34 511
370 867
404 24
62 386
809 221
459 570
676 213
371 313
829 870
154 793
523 31
108 173
244 687
110 280
678 28
40 250
618 590
380 819
176 659
615 375
682 699
95 238
366 615
219 400
441 300
371 616
677 835
798 550
741 304
230 234
615 724
549 526
20 624
8 437
486 692
877 708
218 813
800 447
410 400
377 348
484 328
295 564
695 871
454 113
896 302
141 773
685 181
40 567
655 58
670 122
280 36
41 446
454 628
332 63
121 137
554 50
377 167
905 411
682 685
178 549
575 52
520 106
227 873
290 452
613 60
107 383
40 275
380 423
890 909
276 79
459 761
674 783
871 730
160 569
20 897
561 860
146 907
506 837
144 39
515 441
280 90
862 442
484 197
829 822
534 254
223 298
648 415
661 70
553 441
809 682
111 328
581 272
594 514
455 870
846 61
861 39
817 591
317 165
415 486
367 374
151 812
575 79
674 634
366 715
40 165
570 531
788 492
186 292
578 140
529 86
235 259
235 671
669 291
856 727
454 345
561 132
600 126
42 737
526 297
34 595
270 707
38 870
468 66
741 234
160 185
367 621
518 491
669 8
742 633
846 882
75 791
848 566
520 510
117 2
244 46
670 711
290 578
244 589
686 520
587 818
218 810
605 830
19 368
8 84
593 638
280 372
187 423
384 605
331 197
520 806
529 34
448 595
343 102
468 395
221 802
509 579
150 44
124 547
579 652
141 519
542 345
263 420
102 223
402 880
834 539
889 234
907 416
898 683
327 325
737 260
300 418
185 118
648 554
856 371
8 436
4 427
580 441
862 516
230 566
605 274
866 368
846 713
618 884
371 571
631 9
225 608
468 699
65 602
396 5
613 236
81 300
862 794
305 177
300 149
506 296
710 469
52 196
24 109
330 740
379 460
517 225
817 897
230 403
520 277
587 678
69 362
284 832
848 850
370 644
342 419
242 62
696 849
402 778
553 270
454 370
539 482
433 243
553 885
263 863
282 558
80 283
385 896
52 666
119 738
685 261
85 146
459 696
742 242
696 530
748 501
486 888
676 12
624 691
901 647
404 140
846 391
331 279
686 450
244 463
410 180
35 277
805 891
57 195
517 404
809 297
648 737
80 577
582 709
331 767
42 300
150 162
798 142
772 465
290 132
454 285
553 555
788 830
565 790
300 685
371 159
384 312
154 452
343 430
834 552
374 92
360 204
21 88
441 682
76 685
282 649
432 581
263 737
585 730
263 516
30 26
896 438
320 476
385 6
287 634
21 822
730 629
504 296
798 196
141 456
69 358
459 789
360 188
834 316
69 435
483 531
798 444
38 753
866 810
805 88
121 567
300 434
483 620
515 558
139 651
573 263
16 252
65 38
81 871
367 484
415 29
35 133
69 747
455 474
377 252
468 183
866 869
585 103
629 332
542 300
809 350
144 729
526 735
185 576
486 261
454 824
482 142
569 881
509 351
91 864
459 38
624 613
24 363
643 128
638 897
81 813
332 522
34 556
218 762
305 476
903 559
612 634
448 639
895 735
579 500
320 878
300 405
52 775
829 775
542 869
117 431
202 144
187 16
340 168
207 407
517 702
674 675
871 235
222 685
242 824
379 447
378 114
506 134
638 613
788 550
517 343
40 51
605 248
809 148
433 441
141 446
124 322
432 170
585 751
534 146
817 770
762 310
261 878
417 268
866 534
655 572
295 740
529 465
612 884
121 383
4 561
100 544
242 203
450 578
865 274
45 790
280 123
582 105
842 627
404 680
217 642
900 839
273 492
360 738
369 304
483 807
270 883
108 319
539 431
629 291
360 241
65 609
678 307
643 870
124 902
542 36
594 497
160 668
565 694
108 789
506 81
34 61
879 206
786 224
410 644
8 385
737 114
184 299
223 545
648 233
484 391
512 429
534 432
100 81
340 562
600 865
421 415
287 278
125 888
605 26
729 26
346 23
791 905
629 795
663 111
742 582
145 154
575 185
901 552
125 382
879 536
108 793
342 633
523 96
410 220
320 305
378 606
748 445
848 867
369 309
65 678
722 189
366 230
539 373
247 563
145 284
687 409
384 140
102 511
843 1
791 819
686 541
61 60
365 371
670 166
842 480
383 438
305 179
80 227
35 612
370 637
35 895
609 744
380 26
40 321
489 37
270 531
423 435
16 706
80 508
485 536
57 424
408 855
423 21
573 246
482 211
561 235
524 783
761 422
327 731
119 877
785 726
486 326
343 68
273 481
38 465
331 490
489 274
618 376
626 39
421 657
871 279
661 804
57 349
383 27
468 78
669 339
320 414
636 372
218 832
160 535
125 238
123 299
600 437
408 447
515 288
76 302
42 436
284 835
785 601
91 188
896 702
609 260
76 286
485 271
8 782
178 63
270 730
217 56
402 578
276 905
856 129
801 542
569 491
282 250
117 759
459 827
585 487
380 309
742 34
722 231
706 416
24 397
219 254
235 297
871 4
729 580
523 551
280 439
102 741
244 662
199 243
448 72
139 666
290 542
19 168
448 156
676 744
801 879
284 103
42 27
628 56
809 772
571 26
578 89
642 584
482 74
642 311
801 312
710 338
276 874
199 98
30 800
378 279
815 307
81 136
207 520
4 697
695 876
866 328
330 853
705 651
360 556
856 609
340 81
554 305
569 796
674 902
20 328
371 388
242 836
862 694
907 858
144 575
549 628
276 269
687 705
450 284
144 335
762 126
579 506
786 618
509 451
587 405
76 467
385 764
421 508
570 396
247 899
834 331
669 877
565 572
432 524
273 885
748 430
14 302
528 761
367 375
685 897
515 814
74 48
585 247
406 471
42 310
706 116
845 401
796 185
482 311
482 655
439 272
705 176
91 906
379 334
218 875
528 464
648 770
45 169
425 755
75 257
676 784
785 344
732 869
605 329
383 201
111 313
184 120
263 205
817 590
580 550
809 194
828 637
613 189
871 131
494 834
410 777
520 610
377 703
565 432
360 466
76 849
841 243
34 479
331 244
737 32
517 273
423 251
669 233
621 768
621 537
901 428
57 468
698 339
219 86
561 676
650 708
843 759
523 816
554 350
549 529
520 145
428 570
62 417
871 34
834 848
439 550
482 803
606 277
506 442
828 749
791 471
406 478
520 553
569 281
69 847
636 149
222 787
455 6
145 205
176 465
27 650
383 194
65 558
834 621
629 7
506 887
696 785
761 695
16 21
30 158
820 89
494 189
448 751
144 114
273 651
612 631
218 104
144 637
800 579
270 905
225 300
897 896
570 432
342 719
817 707
791 304
796 725
542 595
705 114
223 192
682 419
230 875
482 848
342 844
305 81
365 715
276 826
524 605
264 803
877 90
125 156
374 244
317 885
897 528
110 114
685 390
406 132
897 834
187 261
729 127
342 248
91 681
698 177
506 900
219 546
729 222
539 727
695 445
175 443
360 202
698 130
14 161
578 564
523 183
554 661
408 587
895 720
186 562
801 264
287 92
678 346
829 572
141 803
219 545
199 774
459 78
571 254
710 177
686 522
905 376
579 60
76 114
834 85
674 203
901 816
176 564
907 803
360 551
410 615
276 230
124 750
27 328
305 881
327 451
41 488
871 375
486 303
406 91
482 677
290 304
612 786
643 372
110 309
544 459
371 343
772 154
91 843
235 627
483 376
385 482
732 73
494 798
415 499
581 867
686 705
38 44
829 631
223 154
379 853
410 464
441 326
242 452
482 71
244 680
514 466
331 790
903 617
489 230
534 3
462 3
489 544
698 31
121 774
187 673
661 823
360 301
343 711
566 363
801 476
415 3
374 45
486 577
687 718
81 733
907 828
663 284
52 889
582 674
330 181
287 553
199 537
674 611
141 542
103 838
462 294
327 825
600 13
244 520
124 135
423 875
678 813
901 295
27 196
331 563
377 516
907 228
81 57
42 270
650 221
685 548
698 706
676 383
820 91
332 720
432 356
100 303
748 617
674 696
185 276
520 719
423 221
406 66
846 189
102 174
360 584
77 511
801 581
585 734
618 888
512 765
512 405
468 780
462 70
772 758
566 504
861 123
674 436
705 145
123 783
227 353
76 905
366 356
628 604
805 263
378 481
146 435
108 639
123 827
772 224
553 381
69 551
151 290
40 258
820 907
247 1
615 890
217 423
573 442
225 29
905 106
371 474
117 783
871 465
102 363
512 322
186 357
300 182
742 226
509 150
343 622
631 803
423 133
428 233
406 393
549 616
512 767
62 77
796 255
772 855
677 358
455 256
786 23
686 595
585 791
489 574
642 623
102 156
102 618
809 647
423 163
651 56
895 23
384 110
809 661
526 280
570 102
905 471
432 74
677 293
866 511
801 128
843 306
81 841
737 586
678 239
19 186
655 394
184 555
600 440
218 897
638 42
685 722
421 640
371 182
549 443
897 259
669 106
509 684
561 407
613 612
377 513
151 602
642 433
330 103
371 900
91 524
482 371
591 322
369 827
628 821
332 256
834 392
676 192
820 683
448 54
621 726
27 618
433 176
655 698
566 351
788 709
384 456
425 438
573 608
862 742
877 719
261 6
119 603
682 612
600 484
900 157
176 851
42 779
119 17
154 82
618 159
504 407
263 537
696 762
907 491
19 562
160 206
685 509
566 750
828 407
247 724
331 806
366 517
121 414
643 529
732 741
834 419
383 599
207 894
506 744
686 186
108 780
369 612
541 81
21 639
45 403
612 730
31 337
578 860
732 86
762 423
722 90
27 338
737 307
459 594
796 340
371 134
705 350
216 598
45 555
145 615
571 831
340 418
276 242
38 180
151 396
796 507
581 529
317 83
581 277
670 334
150 770
244 517
643 802
879 416
580 813
484 211
176 396
677 733
430 606
877 494
367 513
415 355
663 271
379 827
905 213
450 131
615 87
800 304
542 323
674 254
222 376
650 491
587 794
151 900
340 516
698 127
111 358
879 430
566 401
139 81
517 746
877 679
800 855
569 280
514 365
125 686
305 109
529 92
628 778
841 84
862 458
528 740
800 229
696 214
549 456
340 39
218 429
317 274
462 894
280 800
669 303
290 836
889 315
408 601
506 322
42 107
439 291
877 300
905 231
38 485
514 526
706 732
367 785
20 63
730 840
448 214
340 854
202 284
587 718
585 270
74 313
845 741
569 119
219 76
628 465
809 536
380 21
569 362
366 152
494 12
21 671
772 649
320 454
430 533
612 72
16 461
108 37
145 599
217 314
605 611
332 531
81 552
125 761
541 288
900 766
539 632
815 786
377 667
441 750
877 747
199 214
896 608
788 160
815 118
423 451
24 199
585 715
663 609
450 565
81 135
346 876
216 675
119 822
606 871
805 393
579 349
571 47
706 885
798 395
761 497
613 294
798 269
520 228
327 30
881 469
263 778
80 677
85 850
741 767
544 639
903 465
439 849
287 311
95 358
111 708
489 748
332 759
651 472
230 489
565 664
520 207
624 632
524 433
591 824
441 814
146 703
482 298
866 97
102 610
594 761
77 6
772 504
378 203
300 275
907 842
845 608
178 537
402 417
406 184
895 398
247 162
263 157
618 868
380 513
367 215
881 772
606 238
613 727
184 159
861 567
199 599
218 725
343 172
877 531
482 480
613 185
523 619
30 769
340 532
439 1
40 79
626 895
448 342
593 162
651 856
682 454
877 516
841 186
843 209
846 744
651 880
800 99
621 594
21 18
415 551
772 75
541 857
100 208
441 871
534 265
817 615
34 706
581 404
125 110
235 549
31 674
462 618
343 136
327 819
626 539
785 770
815 761
722 355
670 574
848 864
4 200
573 644
591 432
628 505
369 834
741 316
16 79
332 188
907 587
103 895
410 893
184 168
45 608
866 841
185 17
408 51
742 541
317 464
38 297
515 837
845 434
454 291
69 516
585 699
40 835
534 362
404 864
30 504
631 134
61 546
791 831
176 780
103 157
705 525
430 665
877 558
415 698
742 897
820 592
504 128
482 374
678 894
242 844
282 124
729 535
786 59
24 702
430 229
75 108
247 265
628 44
663 32
524 871
218 99
378 224
280 378
517 9
366 314
295 527
284 633
34 260
417 660
696 702
900 586
889 535
482 24
4 57
14 111
655 306
609 342
187 879
520 9
843 206
879 732
889 309
829 662
881 470
139 153
581 551
230 183
85 397
587 627
663 589
526 781
517 592
865 262
139 218
415 606
346 653
593 315
817 555
45 156
710 216
520 55
856 413
21 615
800 900
264 339
76 122
846 629
841 371
4 349
573 114
845 105
650 868
889 649
841 59
20 777
327 404
459 518
820 352
178 335
247 314
242 769
805 676
247 198
523 669
554 163
542 43
903 760
176 118
125 726
160 397
772 435
139 350
103 164
107 411
861 332
396 394
748 301
573 79
377 853
650 907
263 71
544 818
800 566
74 82
119 275
160 137
482 303
761 729
45 901
185 50
575 687
421 699
865 837
91 574
628 625
340 113
651 216
371 170
593 640
877 352
430 344
342 657
636 500
176 446
417 702
905 816
569 263
107 355
669 889
217 175
365 871
415 114
369 4
494 22
199 695
52 651
217 3
618 211
468 628
591 246
366 561
642 506
593 147
439 413
410 47
512 819
31 146
798 186
76 889
526 474
290 387
566 729
578 722
227 871
385 907
81 231
553 597
650 681
575 672
284 422
123 167
117 364
80 200
230 374
261 579
573 297
371 441
581 372
380 807
828 436
678 543
861 284
184 52
871 28
895 21
615 21
61 606
417 92
628 402
417 230
80 635
523 107
175 751
103 548
216 394
515 327
742 723
75 453
796 385
843 892
569 161
800 394
762 320
184 628
575 498
866 837
24 660
139 537
223 31
663 239
615 290
263 347
450 412
881 798
24 232
737 392
845 110
19 539
346 733
111 882
761 190
594 87
842 439
669 464
618 509
628 560
879 605
144 641
651 207
369 839
202 165
834 412
202 657
343 630
31 275
528 858
642 342
365 684
331 328
841 671
748 601
805 720
861 576
696 67
41 743
901 610
108 890
371 234
663 837
366 476
230 636
484 109
865 463
110 625
448 386
225 84
890 525
898 257
305 430
698 577
571 52
815 238
367 892
539 787
432 47
408 374
261 80
686 660
517 692
176 748
295 361
542 219
817 829
541 823
331 12
377 690
796 597
41 59
385 13
425 371
628 835
121 829
569 700
809 603
541 840
587 219
125 57
19 460
374 854
890 224
670 211
327 837
638 200
146 171
202 629
663 887
235 41
40 225
682 853
506 490
145 22
27 408
621 715
865 547
402 591
494 344
123 372
484 364
295 553
402 91
75 198
650 904
80 825
221 368
77 280
575 447
566 813
450 749
621 200
218 469
520 391
889 720
575 665
186 453
247 20
284 872
650 302
484 843
95 551
801 902
788 722
187 643
100 737
669 871
365 474
454 697
317 713
417 688
430 669
280 444
889 820
300 318
901 826
903 468
817 324
682 598
402 543
542 694
578 493
494 206
578 577
638 336
295 851
369 680
529 271
16 24
585 453
529 29
865 235
554 817
506 549
483 681
95 340
367 191
287 865
110 111
76 490
612 579
585 190
219 457
342 557
686 727
820 354
509 846
305 563
591 41
244 241
340 674
565 392
817 740
273 205
417 160
77 104
225 390
146 336
287 128
805 50
178 804
515 361
178 561
593 314
19 225
483 216
761 774
580 42
901 884
856 464
529 830
369 368
482 517
815 746
87 304
730 291
901 487
748 662
280 622
571 645
378 77
737 880
801 625
244 743
346 835
121 606
374 279
227 400
489 200
566 628
139 661
582 325
594 175
141 329
441 833
877 457
34 222
305 761
578 181
74 294
591 567
185 386
327 63
95 321
69 597
786 100
146 12
371 714
529 122
284 792
518 588
485 272
772 648
865 378
91 555
455 472
698 124
273 13
360 430
600 791
722 364
591 260
907 707
742 414
385 795
730 17
643 181
866 854
677 488
554 432
585 402
227 69
439 175
121 587
404 424
829 617
139 806
606 786
890 824
898 191
61 283
19 260
900 732
202 413
410 457
796 573
655 771
642 823
696 152
561 685
199 824
663 24
340 579
676 780
897 205
515 495
706 442
580 633
796 530
410 462
80 700
549 361
587 714
62 429
80 370
486 43
151 663
76 40
579 29
178 525
815 593
371 816
454 292
219 443
871 31
615 894
151 770
80 532
404 400
613 831
111 411
31 216
785 225
801 288
732 888
606 636
160 170
40 889
65 371
772 338
685 718
317 610
145 781
377 322
110 635
20 239
284 723
741 291
686 198
489 563
366 575
186 730
146 44
432 834
829 198
273 757
600 27
290 275
542 157
202 240
230 543
468 650
523 691
895 879
677 7
468 835
287 174
489 642
448 836
907 489
8 855
77 357
575 111
677 852
695 303
65 251
448 542
579 527
459 506
896 51
30 173
468 569
629 858
40 152
484 89
514 366
678 423
119 828
705 434
737 469
561 895
791 442
295 287
273 570
628 198
841 295
856 207
14 615
146 697
454 570
801 816
385 836
761 547
57 70
160 300
221 738
410 479
594 608
284 310
663 664
27 113
729 529
428 783
284 104
100 696
459 25
468 171
798 766
31 345
843 857
686 816
889 786
185 354
150 512
695 48
384 193
489 601
8 20
544 66
798 64
605 113
317 412
455 210
648 303
100 896
287 161
655 835
178 636
52 202
57 604
76 579
151 419
741 776
433 73
871 216
374 153
227 727
651 469
175 185
371 297
378 3
21 763
16 823
360 883
762 441
4 815
30 736
609 326
21 167
523 313
483 837
402 692
327 82
587 138
103 790
327 609
593 431
468 522
123 60
518 875
219 659
340 15
287 718
202 753
553 620
710 730
678 418
686 345
786 145
61 324
678 62
425 720
554 480
580 380
108 514
225 657
483 470
670 782
219 288
222 895
40 374
421 677
506 471
42 907
342 382
889 822
890 492
454 769
897 392
244 656
408 252
284 273
517 553
34 539
75 277
111 631
69 354
518 38
661 654
146 194
185 364
62 270
40 418
529 82
305 343
856 780
263 153
217 534
514 94
515 623
24 164
881 493
462 550
222 521
642 80
484 241
370 304
146 91
896 146
40 261
100 671
146 504
579 398
27 586
636 354
661 188
606 780
695 407
524 830
263 536
300 131
41 845
661 626
244 176
273 834
41 824
263 61
698 455
69 402
865 362
222 320
871 346
383 226
484 88
687 790
80 589
202 167
606 736
801 469
805 100
554 703
74 490
14 372
38 119
606 144
817 505
404 439
695 151
244 539
217 438
489 575
710 902
591 272
264 533
187 547
21 515
366 736
748 429
626 153
284 568
346 768
450 633
30 302
40 477
100 499
483 556
415 18
722 363
549 88
42 22
385 457
430 823
175 620
605 588
834 526
842 126
695 536
282 831
433 249
737 345
384 854
111 62
809 615
385 587
230 291
462 113
223 582
34 881
897 88
34 345
85 796
829 107
223 42
542 763
295 688
385 515
87 6
741 585
370 694
102 473
729 192
379 432
678 865
517 528
280 699
4 583
549 270
332 414
605 25
828 871
75 479
788 828
340 574
561 535
685 814
631 525
890 16
742 849
52 722
613 806
110 436
785 875
365 163
485 719
843 449
621 577
417 756
230 472
384 867
798 430
594 475
377 840
305 573
901 474
678 194
606 693
218 84
748 589
509 294
27 826
145 502
462 820
369 251
187 501
628 724
19 518
41 267
618 477
618 823
898 307
786 330
539 224
384 798
542 354
663 411
518 710
20 496
199 362
295 106
320 334
642 446
111 431
651 318
421 658
890 814
889 690
482 270
730 661
685 883
676 296
544 372
384 880
655 532
578 410
187 548
706 63
432 729
439 33
227 767
383 857
907 517
80 302
21 650
468 811
61 475
661 135
270 873
367 585
327 168
520 286
186 783
600 882
87 810
483 880
4 610
42 890
677 635
523 751
686 591
385 461
626 401
862 389
566 552
570 666
380 175
45 120
379 154
87 14
455 900
798 362
202 103
710 324
439 57
459 837
541 766
737 648
454 77
428 438
515 1
879 389
280 667
593 458
785 65
580 640
139 140
903 250
14 384
566 586
881 656
686 109
605 68
650 456
566 429
786 536
76 827
628 394
573 452
877 392
14 908
504 505
528 370
877 304
320 622
889 361
606 356
222 879
31 879
45 175
578 3
146 184
565 822
621 391
742 632
340 412
494 561
732 784
524 577
663 541
61 855
425 170
218 735
582 649
570 87
396 393
848 93
687 272
631 279
178 497
571 684
523 337
371 291
396 611
871 141
609 812
19 11
571 308
410 621
462 603
609 800
643 120
151 492
871 137
484 606
242 512
81 127
222 664
742 106
384 197
650 265
553 725
829 12
682 293
834 638
705 760
52 270
367 705
544 163
81 728
877 739
430 447
907 114
877 369
881 767
841 665
117 386
706 225
587 432
514 346
569 382
8 716
889 416
331 546
846 653
696 662
154 163
594 708
678 412
342 876
553 558
761 804
244 700
565 587
698 568
176 605
178 148
380 236
638 550
582 639
514 85
615 897
175 288
441 177
31 574
600 456
897 288
468 392
75 872
848 135
30 655
87 402
889 714
600 287
748 271
631 831
261 800
762 464
520 139
332 703
402 513
748 441
566 634
710 233
489 341
612 465
580 92
75 315
125 798
8 579
415 279
732 76
184 620
785 831
485 219
512 532
483 99
629 543
518 40
317 819
16 811
669 420
686 620
518 644
509 412
518 603
629 518
38 411
504 344
605 207
218 818
371 682
489 779
730 829
146 583
506 579
606 557
523 307
585 689
606 397
600 809
862 478
276 395
636 214
199 419
144 103
561 657
331 231
235 863
455 77
613 334
848 860
897 776
69 696
365 581
509 432
570 903
796 596
225 480
549 146
185 95
862 700
75 363
582 404
800 26
217 134
661 121
343 240
612 380
365 430
615 36
571 279
216 40
520 91
331 260
732 185
748 141
670 691
591 745
628 352
367 445
486 265
187 839
280 687
16 327
404 200
244 426
404 384
871 244
57 714
631 599
34 92
202 855
579 142
218 194
417 155
553 291
729 321
696 749
300 552
905 705
31 255
76 548
462 753
606 737
27 705
705 261
207 44
484 708
573 411
100 520
295 723
111 885
898 834
571 906
600 494
580 185
907 184
107 440
74 229
24 813
264 202
638 810
270 573
682 432
75 600
121 763
529 410
605 514
117 640
729 154
110 67
57 708
539 748
74 484
898 565
19 709
410 707
52 845
408 67
866 481
151 168
815 606
261 417
489 95
91 815
235 586
121 872
534 388
730 516
62 124
687 315
896 718
842 349
682 808
52 280
282 19
87 49
549 431
791 164
861 842
45 472
791 790
264 609
223 445
651 433
117 385
21 48
534 767
661 114
629 251
748 394
16 741
103 446
439 474
365 198
877 309
432 360
19 205
290 901
571 383
582 12
705 121
202 391
815 354
107 783
450 47
34 508
534 714
729 249
828 210
154 458
117 124
95 526
199 756
423 791
520 416
455 578
402 268
877 737
515 727
428 425
371 390
91 534
761 175
624 660
648 738
862 907
580 481
31 63
676 797
14 87
242 723
74 49
580 128
504 853
222 839
687 0
415 544
865 615
866 237
612 732
448 665
185 445
295 752
829 731
528 713
141 276
605 646
722 517
199 26
31 69
805 655
791 101
846 125
829 711
737 617
124 784
761 246
544 122
276 666
895 544
676 109
235 646
710 210
542 867
524 596
91 286
441 59
110 570
218 661
365 285
594 851
377 175
554 738
421 85
512 821
871 67
706 674
385 307
678 236
428 759
85 826
788 395
629 261
287 85
178 167
687 85
85 161
698 70
369 628
270 298
613 511
221 54
742 536
227 387
788 619
729 551
729 738
432 269
14 147
828 904
242 349
661 520
841 807
600 725
578 268
75 773
848 413
650 825
486 836
638 179
154 393
761 599
100 742
895 668
121 406
687 653
218 471
144 606
817 4
520 338
20 261
21 278
896 247
881 261
663 167
650 598
587 779
20 550
151 166
24 202
905 78
317 358
327 644
900 585
506 142
230 898
365 328
41 114
160 30
145 592
284 322
80 596
175 198
482 524
905 176
506 514
144 271
686 425
216 892
117 562
27 447
748 492
219 119
676 881
77 122
16 718
655 788
384 841
184 832
21 100
459 581
889 520
542 361
121 805
512 235
494 138
462 632
897 539
402 381
38 79
144 652
123 724
432 676
732 730
62 311
890 569
615 705
230 793
151 30
141 394
385 282
582 565
455 240
486 506
404 540
484 457
102 107
517 293
119 847
95 811
218 812
482 615
103 257
609 644
360 783
895 830
360 457
786 327
27 83
504 204
581 371
600 179
247 560
730 219
896 653
729 356
227 253
185 336
682 874
57 377
41 630
139 137
462 62
62 12
898 740
761 529
264 509
160 410
494 249
75 139
638 737
261 615
282 52
549 551
80 741
430 197
809 144
207 619
34 207
523 238
365 43
613 692
340 185
284 264
482 164
402 627
151 554
554 120
30 155
554 88
441 25
798 756
600 475
186 502
729 710
441 635
102 431
295 344
483 174
817 331
261 778
423 828
798 249
20 520
669 609
514 297
81 332
108 544
587 204
365 726
185 759
553 518
621 334
145 754
742 46
737 536
280 231
900 132
121 744
154 164
618 887
615 545
273 749
199 598
742 562
374 478
526 201
125 349
579 488
300 817
202 164
742 49
582 331
581 638
80 611
579 686
244 806
655 586
450 674
526 366
175 537
629 895
866 635
570 92
866 577
410 181
408 327
76 209
629 119
176 457
523 802
677 752
402 263
202 462
494 239
866 872
772 490
621 78
815 651
439 802
410 821
517 894
154 273
202 142
678 117
8 435
75 159
651 859
695 746
31 499
566 138
370 807
406 809
385 54
705 441
788 220
594 346
428 611
421 299
124 696
820 138
881 748
108 759
69 68
35 7
385 15
8 272
377 266
417 362
829 515
861 264
541 363
264 845
587 884
366 704
383 306
615 101
621 873
455 419
295 335
340 826
514 22
618 891
144 453
428 639
626 290
385 29
317 218
300 297
676 708
235 97
378 780
75 787
529 840
455 414
330 798
785 288
61 796
218 817
404 4
677 776
575 352
877 409
433 722
221 833
52 397
609 604
454 518
433 95
817 267
534 899
455 186
613 43
900 780
861 755
871 664
554 182
578 38
139 440
141 725
123 900
366 840
186 333
517 455
580 293
643 533
524 824
41 459
856 638
674 877
76 362
360 906
320 60
379 846
27 317
223 431
30 156
300 317
573 46
661 403
615 692
706 488
4 742
539 155
580 22
642 470
542 71
862 385
628 191
52 151
280 781
365 111
235 340
117 878
270 636
27 210
871 872
900 878
905 470
287 277
828 133
385 105
35 659
900 87
276 803
448 443
529 527
539 204
606 891
856 635
290 288
791 746
151 353
439 224
606 796
367 113
459 700
117 792
809 799
85 821
144 472
841 656
605 222
585 41
828 82
504 789
785 480
529 722
587 680
698 179
346 585
829 653
593 44
176 177
638 698
14 554
817 725
221 693
669 771
518 796
366 92
439 239
518 314
119 751
676 472
638 54
848 863
486 414
85 144
582 385
650 812
670 86
410 9
730 559
176 854
842 322
815 650
19 707
185 691
828 819
379 638
628 311
898 424
879 614
856 234
526 168
710 907
788 654
273 656
729 200
737 806
512 283
235 193
62 376
594 236
865 871
573 410
225 214
732 385
218 406
687 450
75 717
843 647
865 251
151 280
484 770
895 32
642 81
801 202
566 609
606 815
385 131
146 565
722 444
331 859
441 909
160 226
710 701
628 181
594 757
406 726
244 101
509 333
110 465
570 494
24 652
626 487
366 10
52 484
38 788
432 552
631 367
879 302
889 73
430 884
877 344
561 115
624 436
371 813
569 743
360 726
219 58
145 105
907 802
20 800
896 286
380 27
417 437
729 364
696 663
534 459
62 660
217 279
729 262
730 684
379 1
450 784
856 883
218 499
331 301
593 907
145 287
61 326
378 643
402 4
139 221
340 85
828 764
890 5
42 884
439 427
626 583
705 95
369 162
199 794
40 382
581 743
380 567
383 565
571 710
539 638
19 689
199 317
600 208
879 73
331 737
762 298
406 274
606 474
569 317
788 797
897 787
509 886
378 443
907 555
674 537
761 143
184 750
57 401
677 403
396 506
881 589
219 530
788 21
843 745
433 121
661 825
454 480
227 560
695 645
631 220
761 314
343 808
374 320
879 641
384 851
103 524
737 693
367 459
484 105
486 526
742 272
75 730
242 632
317 355
785 64
455 752
585 816
216 102
207 611
798 462
340 416
280 412
696 83
907 369
642 424
151 907
820 395
877 319
748 81
369 115
430 296
841 814
384 79
579 895
219 375
638 170
748 669
421 121
369 412
80 43
618 150
730 795
571 497
75 189
862 639
16 812
121 212
40 547
425 383
651 140
421 592
515 331
247 648
737 38
186 677
103 718
377 336
330 752
573 595
448 907
95 52
74 42
504 827
176 49
123 754
606 694
276 561
371 78
705 763
605 652
77 105
139 792
506 344
815 312
459 66
146 694
685 745
524 528
30 738
287 285
829 538
642 328
648 188
710 758
300 313
31 364
483 495
669 333
187 241
569 797
65 440
81 154
517 314
761 284
61 702
408 738
612 745
21 202
273 52
160 731
686 803
108 507
524 756
305 753
91 386
593 696
217 495
512 271
396 518
430 251
898 729
621 365
798 659
578 781
428 519
542 1
14 329
520 662
651 563
223 815
57 384
365 582
199 624
41 388
110 888
741 699
151 888
834 643
38 579
42 356
676 183
369 774
820 896
186 758
216 596
828 471
848 33
482 603
698 388
489 117
710 852
796 901
41 351
154 780
85 116
772 550
141 832
907 269
729 666
509 171
176 91
81 359
581 712
41 178
741 289
898 464
805 211
110 219
383 61
80 545
468 879
485 174
35 704
722 593
332 758
366 37
432 117
410 706
866 255
187 10
580 581
468 397
900 290
371 346
506 119
280 351
710 280
396 42
77 694
280 713
506 45
141 291
320 365
628 310
903 721
798 437
402 37
317 169
591 637
244 55
815 74
786 702
432 847
290 341
125 353
74 339
468 96
404 357
579 167
722 825
160 714
706 186
710 739
791 470
613 654
494 337
290 170
651 425
515 859
103 793
504 25
247 514
722 105
549 151
448 83
613 894
698 642
605 79
828 201
629 362
125 763
61 188
14 840
230 418
591 877
518 294
41 750
261 430
202 24
367 320
146 229
408 489
796 619
865 485
638 821
788 418
575 878
642 487
534 551
145 460
31 405
154 553
515 775
613 660
544 377
65 350
77 304
430 875
459 664
45 595
606 58
582 787
674 755
843 189
524 806
843 129
108 746
185 413
889 510
706 477
396 44
655 558
573 613
410 748
8 802
541 301
24 43
227 792
273 706
485 158
378 803
21 42
145 128
534 450
896 832
24 700
27 521
76 872
317 18
663 3
184 538
187 50
34 681
579 713
35 175
674 3
439 26
216 623
841 699
670 267
748 302
897 583
606 739
423 375
879 377
612 505
100 296
320 833
125 161
276 598
489 3
526 29
374 635
102 165
187 863
729 885
890 430
369 588
504 0
571 198
151 785
24 880
450 518
534 739
544 805
425 480
820 427
230 235
77 401
897 697
151 127
366 405
340 136
80 440
369 657
686 631
320 861
612 89
866 203
898 160
62 36
648 392
621 96
705 146
626 795
631 801
202 327
61 544
629 367
75 434
40 317
342 253
433 414
494 668
865 558
670 861
741 405
415 48
432 391
430 767
40 691
100 489
317 42
95 160
529 831
184 75
331 366
14 179
843 450
554 478
300 341
582 169
848 446
705 555
655 476
178 253
828 854
378 36
305 323
139 749
439 253
378 746
439 297
374 232
861 129
57 810
87 808
406 467
585 9
107 271
539 408
102 543
879 369
483 285
815 628
235 823
544 33
300 36
594 664
722 104
651 111
342 72
605 465
801 907
428 513
674 101
486 753
425 608
125 354
417 81
748 255
219 225
695 471
230 851
695 770
621 437
284 558
786 111
219 737
486 543
785 189
222 162
483 304
571 734
514 450
433 727
514 197
454 768
798 895
580 883
16 605
669 353
102 904
897 369
383 900
360 39
561 295
459 873
565 472
384 148
569 864
295 682
295 861
815 201
648 64
631 644
290 202
225 242
834 765
263 65
406 61
225 241
151 174
331 739
340 294
529 60
77 430
482 73
494 430
41 184
518 780
331 201
342 505
788 342
523 214
221 725
384 732
820 222
117 850
154 363
151 430
76 315
342 131
52 20
879 92
518 380
242 612
676 242
685 798
378 15
594 343
270 820
24 372
24 762
366 414
686 34
19 438
207 443
685 896
221 893
402 531
80 790
207 908
287 637
504 890
890 3
24 108
650 230
223 163
300 372
772 581
219 887
154 229
75 742
800 410
14 723
856 251
462 812
582 2
786 781
846 570
218 602
117 318
432 908
261 171
762 511
663 699
512 517
305 725
594 685
877 566
829 135
820 618
879 181
612 453
378 522
529 889
737 33
631 225
809 588
486 674
762 504
21 704
674 543
544 68
631 401
415 565
217 558
732 85
575 294
798 127
144 691
907 713
526 598
76 168
544 61
19 790
815 481
520 626
613 491
687 856
636 673
828 455
901 169
410 720
512 850
842 275
76 98
506 373
514 723
202 732
52 453
217 360
242 891
76 153
61 696
404 618
509 643
139 100
222 722
798 503
903 12
710 353
549 823
111 756
541 80
642 454
222 249
549 133
366 125
320 17
34 57
377 568
484 251
360 733
730 822
509 711
722 226
636 720
856 416
741 558
732 189
544 447
216 864
483 734
687 162
494 481
575 670
8 614
514 307
580 516
565 231
40 23
360 771
100 640
565 206
370 456
261 263
788 136
216 662
178 691
383 394
800 502
287 84
295 769
573 95
225 140
280 182
748 654
903 712
523 306
504 611
31 355
842 445
404 59
879 94
415 513
176 877
579 379
151 631
199 124
284 518
199 528
609 820
187 400
428 715
591 882
287 530
534 745
865 550
788 116
216 288
4 361
669 217
907 660
730 742
534 719
21 71
682 811
571 462
65 517
305 538
877 767
737 640
202 544
722 680
340 88
856 853
218 821
815 5
805 682
24 12
710 656
202 761
612 348
624 362
484 560
19 201
30 618
800 301
421 746
227 672
52 671
371 269
696 519
145 841
748 336
772 36
581 41
670 603
504 72
123 612
581 590
676 586
287 270
581 906
655 208
462 367
606 225
512 759
670 67
270 359
889 448
61 688
682 211
512 394
80 351
146 489
687 243
903 730
402 550
848 898
674 222
788 385
786 671
408 502
674 70
287 512
573 512
506 662
439 589
762 859
515 312
636 90
139 498
626 621
406 512
626 491
76 232
346 447
178 347
579 674
685 825
741 429
801 495
448 337
124 504
845 264
861 78
544 418
360 28
587 47
380 550
561 402
669 703
624 164
846 146
410 739
61 447
448 294
696 267
20 287
38 87
145 689
748 75
901 471
879 438
439 837
670 871
14 399
462 826
408 498
609 36
685 572
582 334
687 908
175 776
895 184
317 595
600 748
284 556
295 840
628 521
331 441
57 464
587 477
600 49
615 297
569 178
52 92
40 173
62 607
369 445
674 433
144 143
430 187
290 12
468 353
320 157
845 155
581 767
280 333
69 589
178 474
428 260
506 813
187 335
549 374
331 397
612 98
184 561
300 682
569 429
154 179
669 479
225 715
514 103
682 446
378 487
38 232
661 803
762 65
573 66
222 455
57 828
273 32
383 563
676 709
484 684
761 411
841 270
698 293
404 524
404 496
404 78
332 614
110 762
732 63
798 772
81 858
529 107
16 332
8 663
879 186
19 618
276 425
468 375
290 443
330 538
216 449
732 709
541 745
791 592
834 515
317 157
95 411
698 105
223 533
615 60
866 249
648 715
865 54
565 161
582 619
895 636
264 314
459 55
62 665
425 207
732 156
686 842
605 84
459 72
65 169
145 815
843 279
561 338
862 573
448 373
374 294
609 295
741 749
695 560
520 162
263 793
845 137
730 815
638 441
788 771
45 505
796 227
31 1
185 430
65 399
613 882
542 856
57 501
677 815
223 85
594 825
512 75
512 897
276 484
486 458
642 906
539 642
722 544
439 476
21 605
829 240
687 66
517 324
626 769
85 872
866 815
282 398
117 316
41 339
320 64
613 588
35 101
593 231
433 210
848 459
123 803
270 374
139 128
187 386
698 681
514 338
796 705
800 859
287 692
528 222
553 604
261 718
642 375
184 428
529 279
19 58
235 759
282 355
573 195
729 234
877 478
529 731
486 549
628 627
332 573
528 718
573 260
280 286
264 140
69 669
146 575
235 356
786 342
35 245
331 125
591 45
791 520
242 316
85 275
871 15
175 199
103 716
380 796
901 141
889 196
618 714
145 163
524 489
282 701
509 27
483 561
346 676
144 90
151 152
526 173
320 907
896 246
761 151
441 252
144 873
410 544
512 856
566 145
561 228
402 130
52 878
549 302
489 280
524 181
485 693
575 194
300 239
862 401
263 794
748 712
871 564
741 752
330 804
798 673
842 214
247 360
862 509
342 848
879 583
16 167
841 340
542 887
529 745
638 612
230 26
553 151
178 567
385 718
219 63
829 364
222 894
369 390
175 251
263 585
124 827
270 490
575 295
636 695
218 704
383 664
186 38
4 360
261 426
834 875
846 369
686 683
686 782
160 340
423 892
441 467
890 623
785 846
244 654
506 12
185 573
102 147
696 704
370 208
432 523
30 226
663 282
31 583
384 902
761 155
486 718
772 468
682 289
856 497
485 142
34 270
430 70
295 842
346 173
261 534
573 651
655 372
741 638
27 750
605 493
406 673
663 189
244 569
346 353
582 313
817 290
227 373
76 246
280 843
20 166
612 3
482 511
585 512
706 520
573 514
263 59
41 755
800 137
900 826
57 104
848 544
841 40
561 117
509 298
100 691
404 365
430 317
365 129
57 527
539 595
524 429
571 726
384 590
613 712
705 144
280 460
600 375
439 555
594 549
30 351
834 480
455 845
317 891
605 580
103 38
862 377
468 526
676 765
786 858
890 612
626 611
459 718
282 817
520 70
454 441
762 572
903 797
222 172
881 68
685 220
247 464
225 445
282 805
524 118
809 875
223 147
365 193
330 316
624 91
448 537
643 310
730 786
609 703
569 907
676 552
512 518
866 360
523 127
848 134
518 637
448 735
544 492
14 241
222 449
890 898
686 808
669 759
35 682
606 492
199 565
890 701
539 807
696 877
650 838
685 496
35 654
841 599
103 569
282 807
678 810
222 314
594 484
485 718
410 383
207 736
360 266
677 144
695 507
430 642
141 890
107 829
569 653
430 782
421 825
587 457
459 731
19 146
889 894
410 733
871 579
600 380
621 163
367 532
459 338
817 117
877 230
408 459
871 377
45 283
378 612
459 683
515 772
430 610
119 816
100 69
705 644
430 373
199 614
423 390
612 883
580 702
216 553
125 235
227 849
216 439
677 600
677 643
247 337
881 551
541 103
280 878
378 270
579 810
669 419
509 640
366 444
199 810
462 364
631 875
877 403
52 726
125 369
842 611
682 623
69 420
587 891
76 353
541 784
242 29
678 21
219 264
81 669
772 419
842 150
512 310
4 140
862 751
587 217
600 198
696 95
330 351
144 338
154 23
263 1
216 327
432 216
861 349
678 80
176 35
69 660
287 333
423 65
370 709
187 676
384 310
566 711
365 549
42 742
565 683
4 886
370 279
486 386
575 391
798 392
772 285
31 332
184 840
410 241
903 102
45 618
377 28
38 241
554 2
145 200
710 492
636 801
871 354
485 556
377 415
385 251
52 570
581 793
696 163
317 177
542 68
651 95
605 242
330 482
244 681
264 483
332 764
573 168
669 75
861 553
35 687
263 388
34 723
549 649
512 513
100 401
841 768
600 537
761 842
518 342
360 316
417 175
430 82
710 44
441 166
184 357
91 509
748 250
594 310
247 618
742 856
290 745
282 403
549 215
199 136
242 888
534 305
367 488
430 700
186 104
263 435
544 464
380 268
235 85
178 308
798 49
791 798
520 314
582 146
788 551
682 540
61 274
38 611
225 328
235 366
591 256
517 473
896 511
124 744
317 343
612 172
141 358
615 193
178 106
95 162
377 448
380 63
21 178
613 55
834 79
74 94
369 311
585 479
91 462
91 244
40 271
108 607
34 548
415 386
52 110
117 897
518 180
100 254
421 76
618 129
791 842
369 180
119 909
722 401
685 125
75 630
404 772
730 371
218 691
898 133
74 352
663 475
631 392
184 265
305 801
235 357
332 381
402 341
346 236
485 324
52 757
110 824
450 882
737 703
517 91
523 517
732 95
185 566
742 612
817 292
901 47
102 573
4 823
628 259
541 11
524 323
87 870
805 506
40 806
582 14
737 366
290 544
202 258
580 686
631 736
786 142
280 779
217 785
861 472
613 367
686 103
762 105
217 593
235 857
207 747
369 416
785 407
107 467
218 247
402 50
524 107
663 19
524 728
454 76
483 682
290 714
842 804
343 778
862 456
651 827
150 324
103 221
517 174
290 785
284 10
585 111
800 665
809 747
629 112
483 93
761 159
612 242
705 753
42 713
320 162
606 588
8 687
330 387
631 14
102 155
371 815
4 428
21 311
235 843
879 431
772 875
638 692
848 828
342 393
801 135
330 191
618 902
261 641
489 590
834 640
370 476
834 824
450 107
514 264
396 822
877 648
110 781
561 543
636 412
404 142
8 196
722 730
175 380
330 622
698 776
843 274
20 179
705 20
636 775
287 177
730 811
676 540
141 410
678 313
242 735
706 243
52 418
843 238
404 905
230 387
340 172
565 304
185 337
730 392
820 445
845 275
791 657
4 270
504 665
484 393
300 726
890 455
31 322
903 774
287 361
40 182
235 331
371 565
843 558
695 800
124 127
722 453
80 764
570 168
242 246
263 453
52 820
687 384
663 605
270 801
396 228
433 49
379 654
674 626
573 311
695 374
290 789
332 312
242 212
366 474
506 362
834 569
748 633
905 741
554 840
370 862
415 646
417 215
494 681
371 306
225 772
14 162
432 250
346 641
406 423
223 905
100 247
218 741
459 902
402 800
638 849
903 563
901 859
901 871
282 317
462 801
317 880
432 206
484 741
383 86
900 772
561 857
103 506
575 89
360 110
485 880
178 881
575 204
842 304
8 277
370 594
524 453
342 651
798 169
374 826
217 1
377 463
798 628
408 484
732 905
448 158
514 12
95 217
514 286
21 11
624 630
686 69
219 715
762 356
282 516
430 457
65 457
332 329
284 63
462 145
722 47
273 76
151 832
636 559
121 157
861 444
218 312
184 404
244 737
483 158
117 185
175 528
340 794
829 863
865 796
670 19
65 70
52 765
24 425
186 733
16 227
737 277
151 895
897 657
761 674
430 694
408 773
772 385
879 14
119 61
57 396
903 95
524 630
144 544
42 886
648 92
235 660
121 909
370 345
710 533
494 729
631 293
305 752
320 9
21 473
674 788
762 48
16 313
95 876
509 826
365 761
542 620
695 617
222 223
515 299
593 466
280 639
761 425
569 786
145 203
34 65
484 875
890 815
34 107
600 567
529 578
621 57
150 306
433 473
45 686
430 812
300 271
207 182
791 126
565 663
571 896
529 63
569 67
377 511
579 314
628 236
223 690
369 172
609 436
123 214
901 782
742 432
587 711
145 201
123 439
569 51
897 339
582 250
648 334
270 499
371 353
843 347
27 3
895 820
378 636
676 812
186 658
150 804
123 558
366 569
242 355
342 42
575 214
696 632
834 410
631 310
270 878
581 563
219 102
103 322
698 268
554 375
417 637
468 854
737 745
846 809
631 718
30 326
865 595
202 199
900 513
468 283
42 843
346 767
24 478
111 650
455 612
897 723
38 881
261 365
677 224
483 172
216 293
613 6
605 538
741 573
676 647
80 407
423 788
534 61
415 607
459 829
618 355
561 581
686 254
517 436
785 219
430 724
587 530
263 244
42 564
117 406
629 881
102 331
235 294
517 514
788 39
549 773
186 573
185 639
21 815
544 586
450 309
384 35
741 496
273 226
506 112
369 720
320 569
408 273
406 218
100 43
524 902
483 198
42 399
428 373
732 194
569 321
483 232
218 851
371 38
371 639
732 907
579 120
512 356
91 82
482 334
828 722
594 478
423 678
669 797
150 788
75 569
160 167
370 264
187 237
74 545
482 717
150 719
729 805
879 720
87 611
573 880
406 758
139 200
523 908
695 371
280 757
320 382
408 888
482 136
865 545
788 719
843 315
273 442
74 708
40 702
638 148
247 189
828 546
61 136
621 680
901 140
800 444
636 76
450 4
655 239
907 39
100 236
415 203
107 481
815 608
651 63
300 905
565 477
433 215
261 733
842 897
615 826
439 363
217 472
276 156
695 310
544 415
581 737
74 155
441 156
244 890
605 225
432 610
761 466
21 128
581 298
384 245
235 664
117 616
139 94
900 145
8 639
801 427
270 493
218 367
605 135
145 184
730 159
371 880
379 682
111 280
553 857
650 578
587 622
421 176
103 832
542 554
582 296
621 214
57 794
30 570
280 113
785 697
561 176
897 752
76 466
573 790
423 419
380 825
761 490
459 642
175 392
698 180
877 105
124 176
621 242
843 508
421 841
207 673
21 112
69 381
95 523
895 194
366 598
384 654
901 856
69 772
542 233
710 251
815 900
798 761
247 377
468 860
346 561
485 322
606 131
841 54
327 254
549 103
219 520
154 153
509 906
365 659
76 74
494 460
410 831
111 581
110 228
423 314
866 712
651 540
580 388
31 410
648 347
741 172
800 480
800 731
591 380
107 306
638 567
378 598
222 105
705 276
856 331
729 709
103 358
710 403
651 516
786 726
648 430
423 665
280 200
762 229
561 384
331 889
402 861
95 285
631 277
696 7
600 313
484 674
569 210
581 481
280 629
432 372
287 904
890 514
124 83
187 783
573 22
35 154
14 542
903 229
542 276
485 44
81 448
61 54
235 71
80 394
117 647
695 150
430 636
889 239
877 831
696 484
448 749
663 460
8 412
741 744
695 472
676 699
722 896
741 476
889 214
809 751
605 289
553 113
651 164
102 277
805 470
484 408
578 719
16 206
796 191
642 338
160 802
396 886
636 444
150 808
154 739
110 766
199 523
834 225
425 407
139 192
65 288
14 595
16 232
526 392
141 376
448 106
575 613
636 866
861 662
612 130
581 54
485 802
631 720
35 114
150 490
223 167
553 440
523 227
108 877
529 638
549 746
520 0
489 778
423 571
786 48
160 273
762 107
865 793
423 342
643 757
117 503
176 59
75 290
95 556
69 369
705 758
809 402
65 267
529 172
216 61
300 571
117 64
377 618
317 370
903 750
669 112
534 102
371 799
566 580
383 435
561 307
866 574
580 637
27 605
87 197
111 360
815 794
35 463
905 723
230 397
428 3
506 27
674 670
710 578
518 661
687 288
186 108
636 840
380 837
454 777
573 623
820 825
580 267
108 683
31 259
108 496
705 512
686 562
342 150
270 855
800 675
379 69
151 749
650 883
21 54
670 456
484 847
40 681
146 461
346 524
730 568
160 251
280 887
343 628
52 79
69 27
579 511
199 116
742 62
151 805
817 82
518 310
305 785
77 344
377 257
629 655
606 5
282 140
710 205
842 285
42 289
280 521
374 44
332 273
151 463
317 128
468 907
139 23
199 401
247 405
651 860
791 458
862 36
626 552
154 540
52 847
570 64
276 72
722 53
221 778
244 409
848 304
247 191
506 429
841 307
895 428
841 385
202 737
365 76
242 121
144 548
111 204
459 855
380 127
877 895
305 675
518 510
670 820
565 465
119 621
282 25
642 817
655 696
842 264
520 173
217 433
24 116
52 551
591 125
176 106
879 193
176 520
737 825
380 626
154 373
42 269
613 651
178 475
276 326
42 43
374 41
117 14
432 711
110 568
514 270
378 83
730 672
455 807
896 469
186 575
678 592
651 517
160 398
423 471
385 497
242 610
650 375
896 756
482 787
218 477
125 790
317 79
20 526
261 191
276 313
897 582
865 226
705 714
61 63
370 635
263 427
270 688
549 593
877 298
772 214
881 408
698 551
21 310
618 526
591 622
185 144
661 57
378 676
482 669
425 830
846 849
895 405
34 406
618 487
907 474
898 342
218 496
575 770
674 598
270 72
504 73
202 805
121 478
8 164
430 880
484 786
69 674
178 327
282 712
856 779
529 103
282 727
905 216
448 12
834 436
762 427
176 441
742 200
410 377
631 795
371 278
207 852
222 363
575 129
423 176
593 718
225 601
483 367
151 316
591 385
663 357
890 21
24 344
141 56
31 900
846 540
609 501
581 684
69 760
396 719
374 660
119 387
221 301
222 343
815 765
520 693
650 601
798 211
674 286
565 563
570 379
95 248
410 105
374 897
737 403
729 403
544 140
287 131
517 94
346 529
42 661
332 488
570 669
459 325
798 318
801 9
186 340
187 151
785 677
489 109
330 630
609 827
428 341
670 584
199 420
504 886
581 430
35 146
529 407
534 5
905 220
150 740
124 24
219 625
102 879
343 399
107 623
571 718
841 147
76 767
218 590
223 221
846 775
896 184
178 151
554 630
65 706
263 482
62 654
578 501
144 381
553 132
669 523
486 588
107 605
489 898
343 214
242 637
669 441
227 798
761 65
871 264
685 878
594 681
24 871
146 779
842 886
895 89
621 423
677 739
624 347
468 267
669 501
506 160
385 68
642 280
425 429
512 559
578 482
661 658
111 547
861 489
509 757
330 903
670 504
677 14
897 728
628 671
506 758
786 870
643 664
742 363
317 422
829 45
176 565
609 423
541 623
862 608
579 856
570 489
561 617
541 720
722 798
504 122
879 172
805 389
722 109
585 403
489 694
331 868
580 26
160 199
8 240
235 495
856 486
730 818
710 564
670 71
406 85
42 687
454 877
119 54
430 180
290 749
331 705
585 729
817 431
907 629
549 837
216 107
593 703
378 11
331 293
517 407
877 36
154 359
346 196
486 636
450 778
687 216
462 281
448 487
898 598
103 580
462 165
686 350
331 715
677 730
24 361
103 483
346 127
34 159
605 542
523 275
815 527
570 346
866 230
504 796
141 452
685 299
144 744
247 201
410 497
520 98
834 522
582 297
600 414
569 288
612 220
905 669
20 618
898 2
881 226
340 6
202 350
14 452
710 112
829 525
486 667
141 192
687 370
801 487
264 195
648 780
187 718
856 389
890 415
534 537
626 12
377 649
820 762
178 666
343 187
593 76
594 258
462 280
903 351
410 292
202 842
737 524
729 94
809 896
528 694
515 31
450 793
62 895
441 265
570 189
695 740
856 838
805 133
483 742
629 483
439 770
573 588
374 411
696 266
45 312
207 876
877 418
575 299
606 552
650 678
450 854
151 574
62 506
504 156
332 415
145 337
518 499
81 426
549 804
144 258
176 273
21 68
77 374
866 754
100 457
706 230
871 317
889 186
24 790
544 172
848 17
587 369
484 248
385 643
185 51
20 595
343 479
154 758
534 238
199 713
828 897
151 884
593 752
761 640
732 230
661 708
385 204
103 284
881 259
517 41
199 485
643 211
280 861
145 610
506 580
605 232
77 350
216 242
706 74
369 437
218 242
108 757
176 0
141 905
221 556
578 672
580 398
670 501
263 658
74 122
484 795
761 527
41 501
800 409
102 893
624 214
482 627
287 705
346 339
494 372
380 455
901 160
261 272
732 793
621 417
423 301
866 811
235 886
225 441
569 580
454 121
587 99
528 189
74 731
184 169
280 864
861 128
817 603
379 264
369 861
569 240
670 458
261 182
846 102
866 20
433 526
785 238
455 788
626 413
801 138
121 155
526 229
732 472
365 899
263 79
421 772
145 381
628 421
554 750
38 175
110 504
529 762
626 738
865 393
377 261
565 524
484 906
905 332
489 622
264 132
539 62
69 467
541 49
69 361
829 476
685 850
686 867
261 843
483 351
346 200
573 463
287 145
377 512
785 755
217 861
676 111
900 871
145 158
526 492
175 260
433 432
317 323
848 790
686 334
141 8
741 77
518 547
340 494
184 10
650 900
686 159
199 895
14 326
520 687
661 113
459 665
370 316
829 879
178 468
534 101
40 88
21 647
663 89
862 423
506 635
207 606
107 176
242 33
606 500
300 82
648 707
661 350
8 756
865 775
448 136
486 318
52 189
365 224
41 837
247 610
320 245
549 843
150 578
69 656
809 314
518 409
77 852
685 531
117 738
19 906
482 625
223 99
327 496
629 58
433 529
785 682
485 30
121 897
455 54
820 832
805 189
741 517
317 392
117 887
468 146
655 36
330 803
87 220
737 729
331 228
520 536
370 165
81 413
786 160
176 727
385 702
730 51
842 10
585 44
415 764
898 89
223 1
75 410
24 896
342 707
674 164
202 343
541 652
87 695
489 797
570 266
462 495
569 211
494 732
448 58
636 283
300 310
706 296
100 536
541 477
722 121
587 364
748 627
526 691
144 794
815 180
103 618
865 163
618 4
695 724
669 163
605 227
150 460
184 100
889 695
184 473
514 241
404 304
365 858
280 763
176 479
524 762
786 316
185 864
276 428
139 504
762 440
425 413
889 351
410 505
820 389
871 47
428 419
379 598
421 620
52 190
571 275
80 125
800 303
570 794
378 340
817 802
119 902
103 181
287 224
722 686
483 899
621 369
674 302
117 859
638 162
648 359
705 181
861 34
585 454
41 106
455 187
448 648
609 273
890 557
569 908
462 264
263 412
87 660
52 683
846 92
705 832
75 710
661 663
62 92
77 7
520 104
661 276
722 567
270 760
16 392
722 272
77 842
425 737
160 698
432 124
670 900
889 731
669 511
661 672
591 58
732 103
529 164
580 821
295 230
685 901
618 549
264 733
317 558
566 899
151 91
834 329
651 815
455 513
102 714
626 364
651 617
862 812
219 521
861 610
798 781
305 846
504 351
631 729
14 69
674 391
102 87
642 864
841 468
423 61
378 291
331 581
111 321
663 651
379 102
643 333
843 118
235 191
21 408
366 31
651 636
264 600
772 381
575 733
150 822
605 617
365 664
848 126
107 871
643 764
494 673
881 202
829 725
178 514
561 104
742 379
107 128
593 760
175 27
579 589
151 533
433 420
430 136
119 307
404 212
624 486
367 422
609 884
76 907
65 164
150 130
829 448
27 188
881 430
42 373
593 442
468 594
539 65
273 365
593 359
123 240
687 785
571 243
541 2
87 398
809 367
423 830
77 148
417 832
80 247
141 834
35 481
650 135
408 43
217 347
663 684
384 810
74 250
433 278
801 437
223 753
41 434
77 8
685 699
35 251
642 204
483 24
862 124
695 319
111 504
685 586
881 729
370 806
202 772
706 159
796 666
585 128
565 28
862 326
534 499
202 314
423 848
579 673
566 324
27 429
184 737
879 716
903 522
862 188
730 144
796 368
100 581
439 209
186 737
785 835
587 426
295 198
340 40
512 573
219 148
42 89
439 221
21 663
801 700
798 825
486 564
900 354
225 583
146 523
19 57
454 726
468 749
638 317
263 387
841 640
151 906
686 750
881 513
515 487
901 287
459 15
69 742
74 457
145 455
643 542
38 448
287 358
77 748
222 540
615 713
580 613
504 95
448 894
482 171
494 440
65 605
57 786
900 268
176 165
828 584
772 262
219 797
651 884
606 709
842 837
674 412
618 343
638 18
244 154
242 685
34 848
176 383
618 344
273 229
4 605
489 11
379 253
643 635
800 876
284 198
370 11
383 248
235 546
506 136
151 514
287 639
14 232
360 253
57 541
415 435
27 40
121 526
897 846
244 620
77 903
441 77
217 640
439 456
553 673
506 476
219 388
528 546
897 419
342 304
30 394
809 306
544 357
842 485
247 52
624 489
75 821
75 341
41 159
52 51
244 572
91 557
674 337
881 120
439 325
520 291
300 523
889 321
247 417
642 352
273 684
432 268
800 464
186 139
593 227
110 401
636 327
785 260
287 86
21 741
483 120
788 500
571 281
600 286
141 67
897 856
593 8
108 346
862 545
270 134
528 492
276 614
512 145
890 285
300 663
117 401
582 759
698 903
230 402
370 315
222 736
896 714
261 203
674 565
365 99
796 54
425 256
585 254
415 771
587 136
896 241
638 256
62 200
621 498
842 438
425 472
247 649
34 1
19 314
856 667
561 17
817 329
154 348
805 800
663 679
374 481
282 887
103 733
207 380
227 706
263 63
685 268
638 540
578 360
642 733
881 368
506 352
722 623
579 587
360 758
628 459
91 777
222 161
144 314
841 647
202 323
643 9
108 594
42 643
573 723
669 571
145 96
609 1
606 227
509 458
629 730
796 823
57 508
76 821
528 881
674 664
42 617
75 533
342 356
20 380
374 182
687 528
185 670
366 708
845 31
14 20
514 854
553 797
216 843
383 397
626 320
842 331
146 566
103 412
244 606
81 161
846 569
176 18
8 140
85 148
41 701
585 464
459 701
290 907
581 477
642 632
626 49
687 681
146 817
526 369
669 637
327 143
483 685
185 226
186 371
829 479
506 230
877 596
676 235
600 795
38 735
865 428
16 250
408 745
685 37
69 761
729 46
121 670
636 441
846 633
677 814
40 793
327 658
123 831
216 433
374 61
638 141
729 542
678 314
369 489
526 530
748 22
365 736
221 462
227 783
587 591
862 387
834 701
81 480
223 671
801 4
384 404
578 526
618 377
877 58
346 363
561 755
846 474
415 413
845 29
227 799
585 628
282 787
785 297
175 346
124 142
270 136
24 27
565 137
423 243
561 672
846 425
593 594
295 561
575 283
626 110
871 210
529 637
801 381
462 197
820 862
554 526
554 649
85 422
841 313
219 152
108 311
124 518
650 342
698 373
820 530
305 427
710 385
570 47
441 288
626 544
636 443
16 512
817 258
843 188
4 513
441 460
581 428
624 617
897 100
406 421
52 505
369 710
102 708
121 93
218 899
342 235
124 597
273 105
144 847
100 245
8 646
621 455
230 561
417 1
108 687
119 548
290 126
455 209
284 409
553 404
651 735
4 390
380 768
235 665
710 542
247 865
618 862
520 365
829 600
30 250
85 547
154 753
31 776
342 706
817 100
881 720
695 432
848 630
69 406
383 785
270 212
866 499
384 255
35 97
843 875
862 72
346 313
573 538
670 205
698 814
729 399
529 863
273 862
515 816
87 759
468 517
494 508
889 855
218 498
425 210
123 639
722 381
121 441
184 91
482 153
235 343
34 470
384 332
176 387
227 312
483 886
705 550
454 647
889 182
524 192
27 399
20 397
441 850
515 467
587 91
678 384
612 110
762 309
518 568
402 203
160 526
24 798
320 267
881 824
21 847
91 41
791 595
669 510
890 313
31 815
432 93
276 669
741 345
377 357
264 532
65 260
454 543
903 848
247 685
642 431
340 909
139 684
263 100
199 901
785 151
578 813
737 902
284 221
570 732
340 223
448 624
276 289
737 850
432 878
273 638
903 670
16 20
111 637
729 889
178 231
846 67
52 708
425 496
677 171
629 298
178 572
788 579
593 687
270 908
45 356
52 583
643 417
295 370
184 267
235 221
798 436
565 382
578 706
801 93
187 862
534 759
856 855
421 819
454 481
729 347
124 393
219 68
862 256
42 378
331 575
846 666
360 637
150 815
786 607
230 700
612 798
247 359
582 64
378 601
907 804
242 413
378 792
369 832
591 429
117 849
483 586
406 73
687 373
791 612
151 375
845 717
879 668
772 473
856 397
448 482
305 225
421 431
62 138
485 447
450 516
580 885
19 435
52 509
41 87
651 754
534 785
423 327
549 264
534 694
524 197
139 908
569 129
385 774
27 751
327 512
75 685
151 108
846 519
242 884
35 60
737 188
866 770
651 582
52 142
566 802
524 456
544 384
815 277
591 649
85 237
14 758
710 250
4 798
415 94
247 869
379 680
554 830
459 166
582 155
65 396
670 330
682 879
365 182
605 600
629 122
216 180
87 862
509 888
509 406
815 579
834 96
729 146
450 754
433 726
791 419
890 434
815 488
866 183
587 621
371 654
439 595
61 22
621 844
428 210
762 808
801 208
561 725
549 93
512 871
222 627
332 692
621 168
905 880
848 736
674 724
439 218
669 18
845 695
609 659
107 52
415 454
462 302
31 736
154 596
123 291
139 451
648 886
871 607
462 624
110 878
889 850
798 773
907 493
459 372
638 387
730 553
907 296
565 224
606 574
175 463
30 318
628 157
612 840
35 828
468 50
494 31
509 699
651 652
494 426
455 486
573 110
27 614
317 568
541 495
327 195
8 36
406 356
578 60
402 399
523 72
677 105
145 403
542 386
514 100
186 80
624 476
677 383
343 624
396 286
569 869
202 277
828 177
448 456
685 386
317 48
52 38
651 601
280 526
643 538
52 413
225 9
862 471
706 838
454 788
518 131
223 324
222 424
295 164
575 873
685 117
430 765
406 473
565 286
439 879
121 391
217 300
695 440
19 833
579 649
661 122
454 142
340 51
305 810
609 528
696 863
815 378
425 294
526 308
284 836
290 77
57 709
670 401
