0 14
0 187
0 1127
0 470
0 755
0 1179
0 1143
0 996
0 1055
2 956
2 935
2 944
2 578
2 513
2 229
2 336
2 62
2 1136
2 1204
2 1283
2 579
2 832
2 1019
2 965
2 850
2 233
2 481
2 700
2 92
2 1062
2 1168
2 25
2 1020
2 604
2 827
2 907
2 605
2 694
2 180
2 625
2 810
2 81
2 781
2 906
2 533
2 324
2 945
2 469
2 531
8 956
8 716
8 578
8 827
8 944
8 1029
8 1088
8 607
8 125
8 233
8 1074
8 75
8 336
8 802
8 713
8 531
8 124
8 1204
8 142
8 522
8 62
8 173
8 1283
8 239
8 450
8 608
8 1158
8 1263
8 700
8 489
8 298
8 268
8 332
8 347
8 313
8 1076
8 625
8 908
11 1118
11 1057
11 1179
11 996
11 1055
11 732
11 192
11 589
14 1310
14 1019
14 1278
14 551
14 20
14 920
14 597
14 418
14 725
14 25
14 907
14 263
14 1127
14 878
14 27
14 927
14 187
14 1159
14 724
14 1055
14 1172
14 1133
14 417
14 215
14 961
14 455
14 692
14 1298
14 83
14 650
14 148
14 213
14 485
14 556
14 1181
14 591
14 940
14 26
14 1098
14 308
14 496
14 936
14 424
14 899
14 789
14 229
14 681
14 1106
14 861
14 986
14 736
14 585
14 1312
14 238
14 732
14 1014
14 89
14 605
14 1026
14 1238
14 792
14 658
14 251
14 196
14 1089
14 81
14 728
14 1301
14 996
14 699
14 842
14 1179
14 1031
14 767
14 386
14 952
15 1244
15 83
15 1311
15 126
15 1314
15 251
15 682
15 1041
15 1237
15 568
15 1283
15 1193
15 1159
15 705
15 544
16 180
16 418
16 2
16 781
16 413
16 148
16 25
16 1019
16 469
16 605
20 14
20 220
20 251
20 506
20 316
20 1181
20 736
20 809
20 1064
21 795
21 1019
21 907
21 418
21 413
21 533
21 878
21 2
21 148
21 180
23 654
25 1055
25 196
25 462
25 650
25 1118
25 681
25 205
25 89
25 1106
25 804
25 230
25 74
25 936
25 413
25 656
25 716
25 1008
25 16
25 885
25 1030
25 921
25 1311
25 187
25 1244
25 848
25 578
25 238
25 907
25 832
25 21
25 679
25 878
25 1015
25 1301
25 355
25 148
25 795
25 829
25 126
25 899
25 705
25 390
25 996
25 605
25 161
25 1283
25 1167
25 168
25 311
25 952
25 14
25 851
31 251
32 173
32 809
32 682
32 882
32 1268
32 450
32 489
33 1230
33 857
33 139
33 971
33 1164
33 142
40 187
40 14
40 1089
40 1127
40 996
48 144
48 1164
48 463
48 99
48 728
68 83
68 20
68 506
68 316
70 1231
70 1252
74 148
74 230
74 829
74 952
74 679
74 837
74 605
74 795
74 663
74 804
74 339
74 25
74 919
74 885
74 878
74 1019
82 512
82 414
82 1075
83 355
83 716
83 1046
83 705
83 469
83 413
83 921
83 3
83 14
83 1135
83 831
83 878
83 832
83 1019
83 15
83 251
83 126
83 475
83 1193
83 1020
83 481
83 1305
83 506
83 1120
83 867
83 605
83 220
83 1244
83 20
83 907
83 148
83 568
89 418
89 14
89 1301
89 1068
89 462
89 1127
89 1277
89 619
89 1238
89 311
89 1138
89 187
89 25
89 681
89 1089
89 781
89 1015
89 952
89 927
89 907
89 148
89 196
89 663
89 899
89 413
91 428
91 1181
91 271
91 437
91 857
91 919
91 291
91 809
91 810
91 294
91 357
91 736
91 1135
102 509
102 1039
104 1045
109 469
109 809
109 227
139 1016
139 857
139 142
139 144
139 568
139 1164
139 33
139 801
139 463
139 716
142 148
142 816
142 33
142 1246
142 413
142 275
142 948
142 126
142 442
142 453
142 1019
142 971
142 1288
142 802
142 1083
142 736
142 713
142 813
142 704
142 654
142 993
142 340
142 1151
142 1275
142 801
142 1164
142 568
142 878
142 216
142 173
142 418
142 857
142 355
142 139
144 1164
144 689
144 48
144 139
144 1102
144 728
148 1314
148 1275
148 927
148 462
148 533
148 650
148 1138
148 196
148 656
148 829
148 952
148 1167
148 1311
148 263
148 605
148 205
148 1277
148 936
148 1055
148 837
148 1238
148 692
148 1284
148 1106
148 1127
148 355
148 716
148 442
148 885
148 907
148 1135
148 469
148 230
148 705
148 851
148 629
148 21
148 1295
148 1019
148 14
148 339
148 2
148 1301
148 159
148 1030
148 413
148 481
148 390
148 619
148 804
148 921
148 126
148 187
158 716
158 1181
158 809
159 919
159 25
159 1284
159 837
159 907
159 663
159 74
159 413
159 804
159 952
159 605
159 148
159 1019
161 829
161 907
161 781
161 878
161 533
161 413
161 148
161 356
161 885
161 605
161 159
161 1176
161 418
161 1019
161 679
161 837
165 61
168 743
168 671
168 302
168 605
168 418
168 1005
168 413
168 533
168 837
173 489
173 1283
173 347
173 1204
173 1076
173 700
173 935
173 607
173 950
173 682
173 884
173 625
173 92
173 450
173 716
173 1029
173 1312
173 1083
173 114
173 944
173 956
173 802
173 1168
173 81
173 32
173 142
173 827
173 809
173 8
173 268
173 736
173 544
173 233
180 907
180 795
180 531
180 81
180 1283
180 533
180 2
180 92
180 810
180 25
180 956
180 878
180 62
180 585
180 944
180 328
180 418
180 694
180 481
180 1046
180 229
180 86
180 200
180 114
180 233
180 1204
180 1020
180 489
180 413
180 850
180 148
180 475
180 625
180 700
180 827
180 604
180 605
187 732
187 462
187 681
187 40
187 1068
187 1089
187 1055
187 1167
187 263
187 936
187 14
187 692
187 1216
187 418
187 455
187 650
187 25
187 663
187 1138
187 470
187 996
187 619
187 952
187 1238
187 1015
187 1118
187 89
187 851
187 238
187 413
190 899
191 915
191 1244
207 1311
207 114
207 1168
207 529
207 336
207 81
207 14
207 578
207 935
207 1204
207 126
207 827
207 570
207 884
207 551
207 1130
207 1075
207 489
207 477
207 700
207 1064
207 233
207 585
212 704
212 656
212 1026
212 1181
212 716
212 629
214 703
214 1209
214 965
214 1184
216 704
216 502
216 1181
216 830
216 816
216 529
216 716
216 142
216 46
223 1166
225 753
227 109
227 809
230 533
230 148
230 1019
230 829
230 74
230 413
230 781
230 885
230 679
230 1079
230 25
230 878
230 837
238 1015
238 1055
238 936
238 927
238 1077
238 205
238 663
238 544
238 551
238 907
238 187
238 681
238 1127
238 418
238 14
238 755
238 619
238 650
238 692
238 413
238 605
238 148
238 996
238 848
238 1138
238 89
238 311
238 329
242 502
242 488
242 417
251 1314
251 31
251 485
251 83
251 126
251 844
251 724
251 14
251 316
251 907
251 605
251 736
251 1059
251 518
251 390
263 1055
263 781
263 1301
263 692
263 89
263 907
263 311
263 1167
263 1138
263 418
263 1118
263 1111
263 1277
263 440
263 650
263 1068
263 14
263 1015
263 936
263 1238
263 952
263 533
263 1089
263 1127
263 462
263 25
263 455
266 507
271 91
271 790
271 897
271 544
271 1283
271 919
271 357
271 809
271 437
271 716
271 682
271 1135
275 142
284 1146
284 230
284 968
284 723
289 439
289 716
289 974
291 736
291 233
291 570
291 1085
291 214
291 578
291 114
291 91
291 827
291 336
291 857
291 1283
291 319
291 1110
291 1312
291 489
291 92
291 625
291 200
291 328
291 884
291 1168
291 352
291 935
291 1104
291 62
291 531
291 700
291 956
291 229
291 1314
294 1290
294 1314
294 291
294 1085
294 1110
294 91
298 1041
298 62
298 8
298 114
298 336
298 607
298 531
298 570
298 734
298 328
298 748
298 1283
298 1204
298 233
298 1168
298 200
298 229
298 239
298 882
298 700
298 1076
298 173
298 585
298 935
304 552
304 404
304 644
304 610
304 1292
304 1183
304 1149
304 1178
304 806
304 1171
304 14
304 924
304 228
304 86
304 128
304 1094
304 1115
304 1096
304 1061
304 761
304 1306
304 476
304 500
304 582
304 796
304 923
304 934
304 419
304 407
304 1196
304 273
304 498
304 517
308 1213
308 14
308 1290
308 633
308 1059
308 1040
308 9
308 1135
308 658
309 568
311 14
311 1068
311 650
311 263
311 1167
311 1238
311 238
311 907
311 1089
311 89
311 455
311 692
311 1301
311 148
311 952
311 413
311 1138
311 462
311 927
311 1111
311 418
311 1055
311 848
311 551
311 187
311 1127
311 878
312 1138
316 506
316 1135
316 1305
316 220
316 1193
316 867
316 83
316 921
316 1064
316 251
325 83
325 1244
325 172
325 126
325 736
325 1295
325 1314
325 948
325 985
325 921
348 173
348 8
348 1083
349 684
351 469
355 1314
355 716
355 83
355 704
355 1135
355 1087
355 964
355 1181
355 705
355 1244
355 907
355 148
355 769
355 781
355 656
355 1026
355 679
355 356
355 824
355 629
355 533
355 692
356 148
356 1019
356 16
356 161
356 1135
356 74
356 716
356 705
356 907
356 885
356 605
356 1314
356 952
356 533
356 781
356 126
356 795
356 413
356 568
356 878
356 921
356 1290
357 736
359 273
359 986
359 941
359 192
359 539
359 1031
359 573
359 67
359 414
359 1053
359 367
359 762
359 448
359 961
359 1047
359 1149
359 801
359 386
359 1158
359 259
359 1197
359 501
359 969
359 112
359 1171
359 404
359 407
359 185
359 1115
359 240
359 1071
359 390
359 85
359 924
359 806
359 1057
359 552
359 923
359 1196
359 761
359 69
359 498
359 1036
359 47
359 1094
359 1143
380 3
380 518
380 1008
380 1159
380 576
380 14
380 1311
380 809
380 469
390 418
390 1019
390 148
390 413
390 192
390 915
390 568
390 878
390 1314
390 359
390 105
390 1214
396 1134
410 716
410 943
411 1124
413 251
413 1055
413 1089
413 356
413 1118
413 390
413 1275
413 781
413 192
413 1138
413 578
413 21
413 1015
413 1049
413 263
413 1030
413 187
413 485
413 848
413 919
413 74
413 1127
413 705
413 161
413 1214
413 14
413 1284
413 743
413 1135
413 442
413 936
413 2
413 663
413 716
413 1244
413 1019
413 832
413 692
413 339
413 1238
413 568
413 1176
413 1106
413 656
413 681
413 148
413 795
413 418
413 605
413 804
413 837
413 462
413 205
413 533
413 89
413 355
413 679
418 551
418 161
418 533
418 605
418 681
418 705
418 1167
418 469
418 485
418 126
418 996
418 251
418 878
418 1106
418 1301
418 829
418 851
418 455
418 1089
418 899
418 390
418 263
418 1238
418 578
418 1277
418 187
418 481
418 1135
418 355
418 1127
418 159
418 442
418 168
418 804
418 927
418 1019
418 1283
418 936
418 339
418 462
418 650
418 1176
418 921
418 196
418 311
418 952
418 1138
418 413
418 832
418 14
418 1275
418 89
418 74
418 619
418 1055
418 230
418 692
418 704
428 1181
428 271
428 578
428 1283
431 391
437 1283
437 91
437 428
437 1135
442 333
442 180
442 481
442 878
442 673
442 907
442 142
442 832
442 83
442 956
442 475
442 1030
442 945
442 604
442 985
442 605
442 25
442 461
442 850
442 324
442 413
447 1030
447 1283
447 271
447 1311
447 1041
447 1290
447 801
447 366
447 1008
447 578
450 819
450 8
450 239
450 268
450 491
450 173
450 423
450 32
450 813
450 857
450 642
455 1167
455 848
455 240
455 1277
455 14
455 1138
455 419
455 196
455 263
455 1019
455 1055
455 238
455 187
455 650
455 996
455 851
455 692
455 619
455 681
455 25
455 1118
455 40
455 311
455 878
455 899
455 1111
455 551
455 1089
462 25
462 205
462 1055
462 899
462 413
462 1089
462 1238
462 996
462 1301
462 1277
462 551
462 952
462 1068
462 89
462 455
462 240
462 148
462 692
462 263
462 418
462 907
462 440
462 936
462 927
462 650
462 1167
462 848
463 544
463 728
463 597
463 668
463 897
463 139
463 48
463 1016
469 413
469 608
469 878
469 921
469 109
469 83
469 1048
469 533
469 148
469 1159
469 2
469 351
469 25
469 447
469 781
469 1019
469 380
469 795
470 1216
470 0
470 499
470 996
470 936
470 14
470 1179
472 907
472 837
472 605
472 1214
472 25
472 795
472 418
472 1099
472 192
472 413
472 781
486 91
488 242
488 1233
488 544
491 916
499 996
499 591
499 1118
499 1238
506 68
506 251
506 915
506 20
506 809
506 1193
506 14
506 316
506 736
507 266
509 578
509 102
513 2
513 1041
513 560
513 994
513 4
513 965
513 906
513 180
518 251
518 578
518 1159
518 477
518 1311
518 380
526 809
526 888
526 1008
527 736
527 956
527 549
527 91
527 83
527 1114
527 1244
533 619
533 1238
533 1167
533 605
533 795
533 1118
533 1311
533 311
533 83
533 781
533 1138
533 1314
533 230
533 551
533 407
533 1089
533 464
533 339
533 142
533 590
533 126
533 1030
533 578
533 832
533 168
533 1019
533 1275
533 716
533 804
533 919
533 837
533 16
533 1244
533 899
533 196
533 907
533 1214
533 934
533 629
533 25
533 413
533 517
533 996
533 187
533 644
533 705
533 1277
533 159
533 610
533 1283
533 679
533 952
533 663
533 455
533 1015
533 851
533 89
533 568
533 161
533 2
533 469
533 148
533 963
533 1301
544 694
544 1101
544 471
544 597
544 813
544 801
544 1117
544 321
544 897
544 142
544 792
544 285
544 1169
544 139
544 707
544 574
544 291
544 1233
544 366
544 190
544 705
544 91
544 299
544 447
544 1135
544 352
544 522
544 417
544 816
544 904
544 976
544 1029
544 15
544 1181
544 950
544 1114
544 932
544 857
544 45
544 1025
548 1231
548 1252
548 654
549 1193
549 568
549 1228
549 126
549 527
549 1040
550 34
550 1222
550 715
550 122
550 886
550 1138
550 1174
550 35
550 1199
551 969
551 934
551 500
551 1178
551 746
551 402
551 1055
551 1096
551 1167
551 440
551 263
551 539
551 952
551 761
551 419
551 462
551 517
551 148
551 334
551 1277
551 865
551 448
551 533
551 1115
551 681
551 628
551 185
551 498
551 1238
551 413
551 455
551 578
551 735
551 650
551 196
551 698
551 725
551 781
551 1127
551 796
551 907
551 851
551 1183
551 942
551 927
551 14
551 762
551 573
551 610
551 663
551 794
551 418
551 1149
557 108
572 703
574 544
576 781
576 15
576 518
576 1311
576 477
576 1159
576 469
576 844
591 996
605 1089
605 915
605 934
605 142
605 610
605 1176
605 919
605 1301
605 251
605 1238
605 1214
605 462
605 795
605 1306
605 907
605 159
605 105
605 25
605 921
605 89
605 168
605 704
605 481
605 692
605 1167
605 1055
605 192
605 413
605 899
605 952
605 1049
605 418
605 230
605 517
605 927
605 628
605 681
605 936
605 21
605 1244
605 1127
605 578
605 1030
605 1135
605 828
605 442
605 469
605 83
605 14
605 848
605 74
605 2
605 1118
605 851
605 1284
605 485
605 1008
605 1311
605 187
605 455
605 761
605 1115
605 126
605 743
605 663
605 619
605 570
612 548
622 857
622 33
622 816
623 394
623 948
623 1295
633 844
633 308
633 380
636 334
636 517
636 498
636 151
636 1049
636 1115
636 539
636 1196
636 167
636 402
636 573
636 329
636 796
636 578
636 735
636 185
636 794
636 342
636 610
636 419
636 246
636 628
636 1178
636 1096
636 761
636 1183
636 404
636 500
636 311
636 806
654 1164
654 23
654 142
654 548
654 1117
654 971
654 1012
656 1135
656 1181
656 1019
656 413
656 418
656 964
656 769
656 533
656 1284
656 824
656 629
656 355
656 605
656 25
658 968
658 1213
658 1290
658 1059
658 716
658 485
658 825
658 9
658 724
662 214
663 159
663 837
663 418
663 919
663 1068
663 927
663 1301
663 74
663 1138
663 14
663 907
663 781
663 1167
663 619
663 650
663 161
663 692
663 851
663 1118
663 263
663 878
663 1089
663 148
663 996
663 462
663 952
663 1015
663 1127
663 413
663 196
663 1055
668 144
668 1164
668 139
679 919
679 356
679 781
679 1079
679 230
679 663
679 692
679 339
679 795
679 605
679 161
679 878
679 355
679 418
679 829
679 533
679 413
679 837
679 804
679 1284
682 366
682 857
682 1233
682 850
682 417
682 713
682 347
682 1268
682 1309
682 705
682 694
682 971
682 32
682 801
682 1164
682 24
682 1244
682 886
682 519
682 897
682 1004
682 340
682 972
682 271
692 355
692 1019
692 148
692 781
692 679
692 311
692 1041
692 551
692 1301
692 25
692 848
692 359
692 1211
692 650
692 187
692 878
692 14
692 1118
692 952
692 1167
692 413
692 1055
692 533
692 899
692 263
692 605
692 418
692 927
692 851
692 40
694 570
694 328
694 606
694 92
694 531
694 882
694 229
694 682
694 604
694 114
694 740
694 578
694 944
694 935
694 319
694 4
694 809
694 233
694 475
694 489
694 544
694 1046
694 700
694 813
694 417
694 200
694 827
703 993
703 789
703 736
703 720
703 568
703 716
703 658
703 810
703 572
703 724
703 867
703 1290
703 257
703 1184
704 629
704 212
704 1087
704 824
704 142
704 919
704 355
704 1135
704 356
704 1117
704 964
704 1002
704 1181
705 1135
705 413
705 15
705 1114
705 418
705 1040
705 533
705 831
705 809
705 1244
705 83
705 316
705 682
705 527
705 1019
705 907
705 1277
705 716
705 948
705 736
705 126
706 1245
713 1283
713 142
713 4
713 728
713 950
713 1309
713 608
713 802
713 1268
713 8
713 32
713 347
713 857
713 268
713 340
713 450
713 544
713 173
713 682
713 638
713 423
716 1138
716 1016
716 694
716 1245
716 488
716 1314
716 126
716 810
716 781
716 605
716 418
716 294
716 867
716 668
716 972
716 533
716 878
716 971
716 736
716 1184
716 919
716 158
716 809
716 216
716 544
716 897
716 907
716 1244
716 291
716 889
716 8
716 769
716 1246
716 463
716 1181
716 148
716 816
716 1284
716 568
716 139
719 654
719 70
719 1252
720 810
724 1040
724 633
724 968
724 789
724 308
724 810
724 14
724 703
724 9
736 921
736 1181
736 173
736 1135
736 527
736 1040
736 316
736 1064
736 716
736 682
736 867
736 91
736 20
736 83
736 1305
736 220
736 158
736 703
736 294
736 251
736 568
736 507
736 816
736 357
736 1114
736 1151
736 810
736 291
736 1023
736 1244
736 1193
748 1263
748 114
748 92
748 233
748 81
748 570
748 607
748 268
748 585
748 8
748 173
748 1312
748 489
748 827
748 200
748 700
748 578
748 1204
748 813
748 328
748 62
755 0
767 14
769 704
769 355
769 716
769 824
769 212
769 629
781 187
781 1127
781 639
781 2
781 168
781 16
781 692
781 161
781 25
781 407
781 1283
781 419
781 74
781 681
781 469
781 919
781 472
781 628
781 590
781 610
781 180
781 205
781 848
781 1244
781 1214
781 837
781 355
781 126
781 921
781 832
781 148
781 568
781 1055
781 761
781 1008
781 1284
781 578
781 679
781 1172
781 1089
781 21
781 238
781 339
781 899
781 418
781 663
781 650
781 1019
781 462
781 230
781 795
781 619
781 14
781 907
781 1167
781 656
781 311
781 159
781 455
781 83
781 142
789 703
789 1213
789 810
789 1059
789 1040
789 809
789 1290
789 308
789 825
790 856
795 1030
795 418
795 952
795 1311
795 533
795 878
795 1019
795 781
795 829
795 1284
795 837
795 21
795 605
795 469
795 2
795 679
795 578
795 16
801 561
801 417
801 386
801 1047
801 897
801 502
801 950
801 453
801 1063
801 989
801 125
801 352
801 341
801 682
801 544
801 939
801 694
801 792
801 1211
801 1246
801 1012
801 1004
801 259
801 1057
801 1143
801 209
801 332
801 1029
801 816
801 809
801 1155
801 359
801 1158
801 112
801 142
801 1071
804 159
804 855
804 885
804 795
804 533
804 339
804 1176
804 413
804 679
804 161
804 25
804 1284
804 781
804 919
804 1163
804 148
804 663
808 1314
809 857
809 109
809 1236
809 227
809 1114
809 238
809 996
809 790
809 1040
809 1004
809 801
809 92
809 933
809 233
809 544
809 1009
809 640
809 83
809 506
809 692
809 1204
809 319
809 340
809 968
809 62
809 443
809 1193
809 173
809 316
809 20
809 526
809 792
809 1290
809 682
809 731
809 585
809 625
809 570
809 437
809 1164
809 271
809 837
809 298
809 661
809 884
809 1030
809 806
809 919
809 489
809 578
809 816
809 229
809 45
809 700
809 419
809 142
809 81
809 157
809 944
809 170
809 734
809 1168
809 789
809 531
809 299
809 1263
809 1215
809 447
809 32
809 1268
809 1029
809 607
809 1246
809 1233
809 716
810 736
810 180
810 572
810 658
810 91
810 257
810 126
810 1059
810 867
810 1184
810 308
810 720
810 724
810 703
813 268
813 884
813 802
813 801
813 694
813 340
813 319
813 298
813 366
813 925
813 607
813 1173
813 700
813 233
813 944
813 651
813 347
813 451
813 642
813 92
813 935
813 32
813 229
813 336
813 62
813 1309
813 1204
813 1088
813 1076
813 142
813 86
813 608
813 8
813 200
813 1288
813 173
813 544
813 98
813 1038
813 485
813 38
813 857
813 423
813 578
813 299
813 827
813 114
813 51
813 531
813 1083
813 1103
816 682
816 622
816 1314
816 1012
816 716
816 704
816 544
816 142
816 971
816 813
816 1117
816 568
816 668
816 1275
816 268
816 809
816 33
816 1288
819 1076
819 972
819 1314
819 1093
825 724
825 1059
825 308
825 968
825 658
829 418
829 1079
829 25
829 907
829 952
829 679
829 781
829 1019
829 795
829 1284
829 809
829 837
829 1163
831 1244
831 126
831 15
831 705
831 921
832 1283
832 413
832 781
832 461
832 945
832 180
832 700
832 570
832 1060
832 578
832 604
832 605
832 200
832 1046
832 1019
832 673
832 481
832 1020
832 62
832 324
832 83
837 907
837 1176
837 1069
837 1284
837 148
837 743
837 230
837 795
837 419
837 781
837 168
837 663
837 679
837 533
837 804
837 605
837 413
837 878
837 919
837 1005
837 159
842 434
842 14
842 495
842 646
842 566
842 1283
842 578
842 108
844 578
844 380
844 576
844 3
844 914
844 633
844 251
848 455
848 1301
848 238
848 25
848 1238
848 413
848 1019
848 462
848 851
848 952
848 14
848 1138
848 418
848 1127
848 692
848 899
848 927
848 681
848 1167
848 907
848 1118
848 1089
848 187
851 205
851 25
851 148
851 1277
851 238
851 781
851 907
851 1089
851 878
851 187
851 462
851 89
851 1301
851 1055
851 1179
851 533
851 1015
851 1238
851 1167
851 1156
851 455
851 311
851 619
851 1138
851 1221
851 927
851 650
851 732
853 257
855 804
855 9
855 723
855 1163
855 829
855 485
855 284
857 1151
857 1184
857 544
857 816
857 33
857 355
857 1012
857 471
857 1314
857 809
857 950
857 453
857 989
857 14
857 1169
857 64
857 271
857 142
857 450
857 699
857 360
857 801
857 889
857 813
857 568
861 187
861 86
867 921
867 716
867 1181
867 1135
867 316
867 568
867 703
867 1023
867 1064
867 83
878 1214
878 851
878 848
878 180
878 1275
878 1138
878 551
878 1311
878 462
878 681
878 1167
878 656
878 481
878 1015
878 578
878 1089
878 89
878 142
878 161
878 952
878 339
878 1008
878 663
878 605
878 885
878 311
878 1301
878 238
878 795
878 1030
878 263
878 469
878 919
878 390
878 1238
878 2
878 781
878 907
878 1106
878 14
878 196
878 650
878 716
878 355
878 927
878 25
878 472
878 1284
878 996
878 568
878 629
878 74
885 679
885 952
885 418
885 356
885 605
885 809
885 161
885 230
885 1284
885 1079
885 781
889 1184
889 291
889 716
897 989
897 271
897 142
897 1012
897 447
897 890
897 915
897 103
897 1103
897 950
897 1288
897 1246
897 1247
897 139
897 1025
897 91
897 453
897 857
897 1117
897 809
897 352
897 366
897 816
897 1239
897 682
899 1264
899 1015
899 578
899 1089
899 336
899 848
899 533
899 238
899 692
899 663
899 114
899 1238
899 927
899 882
899 489
899 531
899 25
899 1204
899 200
899 229
899 89
899 952
899 1230
899 944
899 781
899 455
899 196
899 681
899 81
899 1138
899 878
899 625
899 14
899 413
899 187
899 851
899 263
899 1118
899 319
899 462
899 607
899 418
899 605
906 4
906 1041
906 584
906 945
906 956
906 513
906 965
906 2
906 443
907 187
907 619
907 885
907 1314
907 180
907 251
907 74
907 551
907 1008
907 472
907 205
907 89
907 878
907 263
907 142
907 663
907 1106
907 462
907 1118
907 533
907 356
907 481
907 339
907 605
907 311
907 848
907 1283
907 1055
907 656
907 442
907 1277
907 1127
907 355
907 83
907 1176
907 795
907 829
907 1238
907 455
907 568
907 899
907 413
907 1089
907 148
907 1214
907 921
907 1019
907 952
907 485
907 679
907 681
907 161
907 2
907 716
907 927
914 809
914 844
914 1311
914 477
914 1159
915 418
915 605
915 1314
915 1193
915 921
915 390
915 736
915 568
915 1305
915 126
919 355
919 878
919 605
919 716
919 74
919 907
919 1019
919 25
919 736
919 533
919 816
919 804
919 148
919 781
919 413
919 1009
919 809
919 91
919 1087
921 705
921 878
921 355
921 31
921 1181
921 83
921 1314
921 20
921 325
921 14
921 1193
921 1135
921 831
921 809
921 316
921 568
921 867
921 148
921 469
921 506
921 1244
921 527
921 907
921 418
921 126
921 15
921 1019
938 477
938 14
938 599
938 1159
948 325
948 623
948 956
948 705
952 1127
952 148
952 196
952 656
952 25
952 1167
952 462
952 848
952 16
952 663
952 1138
952 795
952 1284
952 1277
952 1106
952 14
952 455
952 679
952 205
952 1301
952 650
952 2
952 1089
952 339
952 936
952 899
952 619
952 74
952 681
952 180
952 238
952 1176
952 311
952 1238
952 885
952 418
952 781
952 927
952 692
964 1135
964 212
964 1026
964 629
964 656
964 769
965 906
965 513
965 1283
965 180
965 4
965 956
968 724
968 658
968 825
968 1290
968 485
968 809
968 1059
968 703
968 789
971 1012
971 1117
971 544
971 268
971 33
971 1164
971 654
971 1275
971 897
972 850
972 716
972 24
972 819
976 544
976 1184
977 1004
977 406
977 787
977 420
977 901
989 801
989 857
990 1045
990 249
990 736
993 703
993 824
996 1055
996 89
996 1277
996 533
996 650
996 681
996 1015
996 455
996 148
996 605
996 1138
996 462
996 418
996 25
996 952
996 1127
996 83
996 1089
996 311
996 663
996 809
996 851
996 1034
996 732
996 848
996 0
996 619
996 899
996 1301
996 11
996 692
1008 457
1008 1019
1008 795
1008 533
1008 560
1008 380
1008 526
1008 907
1008 1030
1008 148
1008 25
1008 878
1009 4
1009 644
1009 919
1009 407
1009 1041
1009 262
1009 352
1009 809
1009 539
1016 1163
1016 463
1019 481
1019 1008
1019 469
1019 1030
1019 578
1019 263
1019 732
1019 851
1019 663
1019 83
1019 996
1019 716
1019 142
1019 238
1019 1118
1019 418
1019 899
1019 25
1019 1214
1019 656
1019 390
1019 1283
1019 89
1019 781
1019 1238
1019 455
1019 462
1019 568
1019 159
1019 161
1019 356
1019 605
1019 1138
1019 705
1019 148
1019 442
1019 187
1019 629
1019 21
1019 413
1019 795
1019 681
1019 804
1019 650
1019 921
1019 1015
1019 533
1019 1275
1019 1127
1019 829
1019 74
1019 837
1022 1193
1023 736
1025 291
1025 809
1025 897
1025 544
1026 716
1026 1181
1026 656
1026 355
1026 964
1026 1135
1026 212
1030 907
1030 413
1030 485
1030 25
1030 945
1030 795
1030 1008
1030 1311
1030 533
1030 418
1030 481
1030 1046
1030 324
1030 475
1030 442
1030 604
1030 1019
1030 781
1039 102
1040 921
1040 724
1040 809
1040 705
1040 308
1040 83
1040 549
1040 1244
1040 731
1040 15
1040 1059
1040 1290
1040 1041
1048 1245
1048 469
1049 251
1049 1314
1049 418
1049 907
1049 636
1049 126
1054 809
1059 308
1059 724
1059 968
1059 485
1059 9
1059 789
1059 251
1059 1040
1059 703
1065 404
1065 628
1065 1096
1065 626
1065 923
1065 610
1065 407
1065 1115
1065 302
1065 746
1065 586
1065 582
1065 1171
1065 796
1065 185
1065 761
1067 640
1076 229
1076 935
1076 1204
1076 233
1076 8
1076 956
1076 114
1076 607
1076 700
1076 882
1076 827
1076 1312
1076 319
1076 578
1076 1168
1076 625
1076 200
1076 531
1076 819
1076 336
1076 748
1082 1288
1085 124
1085 294
1085 950
1085 699
1085 802
1085 189
1085 125
1085 332
1085 1158
1087 704
1088 4
1088 8
1088 348
1088 578
1088 813
1088 1283
1093 102
1093 819
1093 33
1098 1228
1098 1130
1098 386
1098 1290
1106 1089
1106 14
1106 413
1106 781
1106 25
1106 861
1106 1127
1106 148
1106 418
1110 294
1110 1041
1110 158
1117 816
1117 971
1117 544
1117 1151
1117 1012
1117 801
1120 1064
1120 867
1120 948
1120 985
1120 394
1124 522
1135 605
1135 355
1135 907
1135 808
1135 736
1135 921
1135 656
1135 769
1135 867
1135 781
1135 83
1135 1181
1135 1019
1135 629
1135 126
1135 14
1135 716
1135 704
1135 91
1135 216
1135 533
1135 809
1135 316
1135 413
1135 212
1136 2
1136 417
1151 142
1151 1275
1151 1012
1151 857
1151 622
1151 736
1156 1167
1156 14
1156 215
1156 1298
1159 253
1159 576
1159 578
1159 469
1159 477
1159 380
1159 1226
1159 15
1159 3
1159 1008
1163 804
1163 578
1163 734
1163 855
1163 257
1163 829
1164 139
1164 816
1164 654
1164 23
1164 668
1164 1288
1164 463
1164 971
1167 1179
1167 605
1167 263
1167 205
1167 848
1167 192
1167 1221
1167 311
1167 996
1167 781
1167 907
1167 238
1167 936
1167 89
1167 1301
1167 1238
1167 927
1167 681
1167 418
1167 1118
1167 413
1167 1019
1167 1156
1167 187
1167 1138
1167 1055
1167 1127
1167 14
1176 804
1176 679
1176 605
1176 418
1176 21
1176 878
1176 663
1176 161
1176 781
1176 1284
1176 339
1176 837
1176 74
1181 220
1181 316
1181 716
1181 544
1181 506
1181 1041
1181 656
1181 20
1181 1064
1181 921
1181 1135
1181 437
1181 704
1181 83
1181 964
1181 325
1181 1305
1181 824
1184 716
1184 703
1184 810
1184 662
1189 352
1193 578
1193 1283
1193 506
1193 15
1193 1314
1193 736
1193 549
1193 83
1193 809
1193 126
1193 316
1193 1228
1199 1133
1199 886
1199 578
1199 122
1199 1283
1199 135
1199 44
1199 35
1199 34
1214 679
1214 472
1214 413
1214 781
1214 533
1214 907
1214 159
1214 418
1216 14
1216 187
1216 470
1228 1193
1228 527
1228 549
1228 568
1228 1118
1230 654
1230 1012
1230 899
1231 70
1231 719
1231 270
1236 109
1236 1228
1236 608
1237 736
1237 527
1237 956
1237 1283
1237 578
1238 619
1238 148
1238 663
1238 40
1238 1019
1238 1118
1238 692
1238 848
1238 681
1238 1301
1238 499
1238 263
1238 25
1238 878
1238 907
1238 187
1238 14
1238 1015
1238 89
1238 238
1238 1277
1238 413
1238 927
1238 196
1238 462
1244 418
1244 605
1244 1040
1244 1019
1244 831
1244 705
1244 1193
1244 907
1244 1314
1244 191
1244 878
1244 413
1244 527
1244 83
1244 325
1244 533
1244 148
1244 126
1245 706
1246 703
1246 142
1246 809
1252 548
1252 1231
1252 70
1264 899
1264 1118
1264 1277
1275 781
1275 878
1275 1314
1275 148
1275 356
1275 413
1275 533
1275 25
1275 142
1275 126
1275 568
1277 851
1277 440
1277 1019
1277 1111
1277 650
1277 196
1277 605
1277 663
1277 1127
1277 551
1277 681
1277 462
1277 692
1277 848
1277 705
1277 952
1277 455
1277 1301
1277 89
1277 25
1277 936
1277 413
1277 148
1277 1118
1277 238
1277 1167
1277 1015
1277 781
1278 386
1284 656
1284 952
1284 837
1284 907
1284 878
1284 679
1284 74
1284 629
1284 339
1284 413
1284 161
1284 795
1284 829
1284 716
1284 418
1284 148
1284 605
1288 972
1288 142
1288 857
1288 86
1288 575
1288 676
1288 32
1288 935
1288 22
1288 347
1288 1082
1288 813
1288 801
1288 560
1288 882
1288 222
1288 242
1288 1268
1288 716
1290 1059
1290 1098
1290 736
1290 825
1290 810
1290 14
1290 447
1290 308
1290 356
1290 658
1290 716
1290 789
1290 1040
1290 485
1290 705
1298 14
1305 15
1305 20
1305 1064
1305 736
1305 915
1305 220
1305 568
1305 126
