11 462
11 1134
11 1260
11 1023
11 723
11 611
11 733
11 1493
11 571
11 1576
11 1597
11 1416
11 172
11 864
11 966
11 1488
11 754
11 690
11 1244
11 707
11 1385
11 548
11 704
11 1213
11 1326
11 309
11 1272
11 622
11 20
11 1496
11 311
11 1314
11 1073
11 516
11 1035
11 479
11 630
11 1501
11 12
11 1205
11 1102
11 89
11 640
11 130
11 433
11 842
11 19
11 1412
11 1544
11 1465
11 1046
11 132
11 529
11 345
11 1351
11 648
11 260
11 1228
11 708
11 1282
11 819
11 950
11 833
32 1480
32 901
32 672
32 19
32 660
32 1618
32 721
32 704
32 20
32 1441
32 99
32 1346
32 713
32 479
32 950
32 1054
32 1427
32 1410
32 104
32 1205
32 1326
32 886
32 898
32 454
32 1206
32 1549
32 1146
32 1123
32 1260
66 1276
66 1252
66 125
66 303
66 32
66 133
66 811
66 670
66 1320
66 544
66 902
66 201
66 626
66 474
66 938
66 1293
66 950
66 473
66 81
66 588
66 1427
66 219
66 1468
66 1590
66 972
66 1111
66 447
66 257
66 619
66 49
66 1104
66 109
66 1236
66 690
66 416
66 79
66 1494
66 643
66 1233
66 914
66 273
66 1155
66 553
66 819
66 229
66 153
66 1351
66 1322
66 1136
66 919
66 17
66 623
66 325
66 112
66 573
66 880
66 1617
66 901
66 1288
66 141
66 1256
66 675
66 766
66 116
66 1207
66 971
66 344
66 775
66 529
66 300
66 994
66 1017
66 583
66 1173
66 895
66 18
66 1251
66 631
66 1578
66 802
66 1380
66 580
66 371
66 1215
66 249
66 343
66 174
66 121
66 509
66 1148
66 1549
66 958
66 27
66 1461
66 947
66 334
66 254
66 888
66 485
66 45
66 1152
66 614
66 158
66 1530
66 241
66 222
66 666
66 838
66 883
66 1151
66 869
66 1352
66 970
66 1015
66 744
66 925
66 506
66 575
66 1389
66 64
66 587
66 868
66 706
66 1377
66 705
66 1447
66 224
66 918
66 1326
66 484
66 1403
66 1344
66 1232
66 1073
66 558
66 657
66 462
66 1054
66 694
66 172
66 93
66 1129
66 319
66 622
66 1197
66 119
66 1115
66 213
66 562
66 627
66 1432
66 1567
66 352
66 693
66 1167
66 596
66 1214
66 211
66 290
66 1035
66 753
66 539
66 760
66 386
66 1508
66 59
66 438
66 25
66 590
66 189
66 655
66 130
66 220
66 467
66 430
66 1302
66 459
66 1591
66 238
66 1234
66 94
66 608
66 1438
66 770
66 1495
66 934
66 1128
66 1294
66 471
66 460
66 1272
66 1493
89 20
89 727
89 943
89 779
89 194
89 620
89 863
89 684
89 989
89 660
89 79
89 464
89 353
89 770
89 151
89 382
118 66
118 1549
118 676
118 785
118 278
118 1013
118 106
118 1276
118 529
118 908
118 1294
118 1277
118 880
118 1143
118 953
118 238
118 640
118 744
118 767
118 401
118 210
118 1045
118 485
118 494
118 26
118 1387
118 1054
118 563
118 71
118 1152
118 1127
118 970
118 373
118 897
118 627
118 406
118 1122
118 572
118 1345
118 158
118 1161
118 1124
118 1170
118 546
118 939
118 959
118 1226
118 822
118 1272
118 1028
118 135
118 16
118 879
118 626
118 52
118 234
118 1398
118 1412
118 1524
118 13
118 267
118 395
118 1023
118 1295
118 59
118 587
189 151
189 30
189 517
189 897
189 1128
189 1303
189 978
189 170
189 1208
189 1335
189 1411
189 1384
189 726
189 1084
189 934
189 795
189 1141
189 1465
189 1496
189 27
189 477
189 730
189 1035
189 1376
189 1134
189 1094
189 961
189 1160
189 628
189 89
189 422
189 16
189 81
189 1315
189 329
189 584
189 994
189 1066
189 631
189 727
189 1336
189 1054
189 1212
189 905
189 643
189 254
189 1174
189 309
189 1009
189 876
189 612
189 140
189 1
189 1344
189 1397
189 1032
189 1064
189 352
189 912
189 950
189 760
189 745
189 754
189 616
189 852
189 721
189 1284
189 79
189 172
189 251
189 427
189 982
189 462
189 1521
189 1122
189 798
189 901
189 734
189 1580
189 1282
189 1121
189 811
189 161
189 472
189 1207
189 1380
189 1254
189 1593
189 71
189 286
189 1104
189 91
189 166
189 1173
189 88
189 1530
189 548
189 154
189 125
189 1515
189 922
189 78
189 370
189 640
189 938
189 1592
189 955
189 1414
189 1403
189 971
189 1490
189 108
189 1611
189 1083
189 41
189 279
189 486
189 701
189 1501
189 1544
189 267
189 345
189 539
189 1151
189 1295
370 744
370 895
370 201
370 1576
370 776
370 1037
370 55
370 1072
370 499
370 203
370 1521
370 881
370 139
370 1164
370 770
370 1228
370 880
370 905
370 1074
370 752
370 886
370 195
370 723
370 704
370 1460
370 799
370 197
370 1023
370 969
370 518
370 989
370 754
370 1583
386 951
386 868
386 1411
386 897
386 427
386 1207
386 808
386 798
386 1255
386 892
386 805
386 1501
386 1372
386 1416
386 528
386 447
386 488
386 942
386 320
386 16
386 546
386 567
386 78
386 1072
386 767
386 1208
386 89
386 1389
386 1224
386 1084
386 1173
386 1303
386 1314
386 1142
386 820
386 1265
386 1434
386 858
386 542
386 1151
386 625
386 1145
386 474
386 674
386 643
386 1367
386 1055
386 260
386 1226
386 64
386 852
386 1009
386 563
386 514
386 775
386 1427
386 1403
386 806
386 1174
386 32
386 754
386 256
386 751
386 802
386 684
386 1104
386 522
386 226
386 1183
386 879
386 880
386 261
386 1122
386 641
386 971
386 713
386 1295
386 442
386 828
386 734
386 940
386 622
386 1074
386 1410
386 411
386 1475
386 530
386 1015
386 1348
386 693
386 1263
386 730
386 137
386 1095
386 501
467 830
467 839
467 1141
467 272
467 1611
467 227
467 1613
467 616
467 1485
467 1243
467 895
467 1366
467 1049
467 52
467 666
467 816
467 694
467 96
467 589
467 1278
467 1515
467 1174
467 12
467 1221
467 1227
467 608
467 425
467 899
467 1372
467 602
467 1261
467 539
467 58
467 1077
467 978
467 1521
467 484
467 179
467 605
467 49
467 928
467 422
467 582
467 573
467 0
467 27
467 1170
467 1213
467 862
467 286
467 1544
467 579
467 491
467 1344
467 1458
467 547
467 1403
467 1619
467 1397
467 1524
467 64
467 865
467 1411
467 1035
467 809
467 858
467 1022
467 517
467 1523
467 1346
467 1098
467 309
467 274
467 836
467 352
467 1465
467 1604
467 142
467 1134
467 1295
467 462
467 507
467 1076
467 916
467 1593
467 1117
467 1354
467 775
467 345
467 1405
467 922
467 595
467 276
467 1588
467 1044
467 734
467 1272
467 59
467 1445
467 1336
467 1036
467 610
467 833
467 819
467 1222
467 785
467 844
467 373
467 730
467 919
467 751
467 225
467 370
467 857
467 1023
467 1314
467 820
467 224
467 670
467 1606
467 349
467 1226
467 1208
467 983
467 674
467 886
467 891
467 1245
467 814
467 328
467 1568
467 108
467 249
467 744
467 1530
467 1099
467 1444
467 1070
467 448
467 1122
467 1104
467 1072
467 1556
467 1469
467 798
467 1410
467 829
467 213
467 1038
467 1074
467 1455
467 497
467 722
467 458
467 1
467 584
467 1510
467 781
467 828
467 1394
467 745
467 1198
467 906
467 318
467 767
467 353
467 1230
467 728
467 851
467 970
467 1032
467 1590
467 292
467 903
467 979
467 776
467 156
467 57
467 1139
467 939
467 840
467 470
467 1011
467 1147
467 950
467 1442
467 1115
467 1054
467 1302
467 1152
467 1395
467 113
467 114
467 1413
467 1203
467 812
467 1592
467 1282
467 1058
467 1616
467 1133
486 506
486 1152
486 600
486 349
486 1536
486 1025
486 1272
486 150
486 643
486 830
486 510
486 420
486 406
486 372
486 1576
486 336
486 485
486 1261
486 901
486 1618
486 1489
486 1413
486 1549
486 411
486 509
486 283
486 181
486 1133
486 966
486 1379
486 636
486 1121
486 542
486 79
486 947
486 27
486 254
486 528
486 86
486 770
486 754
486 1194
486 1005
486 1508
486 1146
486 1173
486 578
486 999
486 1442
486 594
486 1212
486 1465
486 41
486 1074
486 631
486 1064
486 1515
486 1049
486 833
486 441
486 1238
486 396
486 261
486 458
486 323
486 11
486 539
486 1161
486 1381
486 669
491 722
491 950
491 420
491 704
491 299
491 150
491 713
491 1618
491 370
491 32
506 846
506 708
506 862
506 1123
506 707
506 1344
506 1376
506 1354
506 95
506 574
506 1515
506 1314
506 491
506 1070
506 1074
506 852
506 1183
506 1104
506 1523
506 1205
506 1272
506 333
506 1261
506 35
506 807
506 1326
506 378
506 33
506 514
506 889
506 548
506 1245
506 1255
506 26
506 172
506 1286
506 609
506 608
506 589
506 966
506 709
506 488
506 1346
506 602
506 819
506 1399
506 151
506 1228
506 120
506 1481
506 1001
506 462
506 1427
506 1576
506 690
506 510
506 1473
506 1336
506 165
506 1244
506 1242
506 1142
506 293
506 1033
506 1
506 166
506 733
506 108
506 722
506 950
506 240
506 1219
506 1023
506 1618
506 1367
506 779
506 655
506 479
608 1427
608 1239
608 1011
608 660
608 479
608 866
608 1434
608 88
608 713
608 333
608 573
608 1272
608 805
608 1379
608 1480
608 1349
608 57
654 1282
654 690
654 256
654 943
654 510
654 1488
654 529
654 594
654 631
654 826
654 257
654 1523
654 479
654 1447
654 1255
654 849
654 1123
654 1261
654 128
654 279
654 740
654 1397
654 754
654 95
654 1141
654 240
654 506
654 71
654 311
654 1046
654 1121
654 1145
654 723
669 368
669 1033
669 1593
669 898
669 888
669 1212
669 1059
669 1265
669 1385
669 670
669 419
669 464
669 1447
669 1348
669 1548
669 71
669 707
669 41
684 1611
684 320
684 406
684 886
684 1335
684 1336
684 1134
684 839
684 260
684 1124
684 1580
684 808
684 589
684 826
684 1523
684 666
684 34
684 947
684 916
684 422
684 58
684 669
684 38
684 546
684 153
684 1205
684 108
684 1045
684 1314
684 754
684 940
684 706
684 144
684 1544
684 1128
684 1333
684 1032
684 1515
684 52
684 617
684 1136
684 1122
684 226
684 1074
684 829
684 1135
684 993
684 630
684 733
684 353
684 1165
684 903
684 1046
684 132
684 1098
684 165
684 619
684 1299
684 660
684 1268
684 880
684 1076
684 437
684 1403
684 288
684 579
684 528
684 1141
684 368
684 1044
684 1153
684 11
684 1377
684 795
684 610
684 1054
684 1023
684 994
684 1048
684 828
684 970
684 1415
684 514
684 1494
684 597
684 562
684 476
684 1129
684 1151
684 253
684 1443
684 726
684 1167
684 373
684 411
684 1354
684 802
684 844
684 868
684 1597
684 852
684 251
684 77
684 898
684 640
684 1077
684 704
684 701
684 89
684 1591
684 966
684 919
684 405
684 1197
684 195
684 1125
684 1208
684 939
684 442
684 713
684 820
684 286
684 1263
722 579
722 1464
722 370
722 165
722 1208
722 658
722 1427
722 123
722 417
722 276
722 197
722 765
722 1088
722 1345
722 1294
722 1576
722 828
722 261
722 488
722 1084
722 1129
722 189
722 18
722 1411
722 619
722 356
722 1226
722 40
722 372
722 891
722 1489
722 547
722 1591
722 181
722 230
722 892
722 947
722 846
722 683
722 1325
722 337
722 1580
722 1009
722 290
722 117
722 214
722 333
722 464
722 1260
722 510
722 895
722 858
722 1191
722 1565
722 685
722 591
722 1505
722 41
722 1039
722 758
722 608
722 830
722 704
722 470
722 458
722 93
722 1131
722 447
722 1343
722 751
722 630
722 880
722 844
722 861
722 1165
722 32
722 267
722 901
722 995
722 1593
722 667
722 78
722 184
722 966
722 928
722 9
722 955
722 711
722 308
722 1274
722 437
722 905
722 1333
722 1552
722 1414
722 923
722 982
722 842
722 316
722 1482
722 481
722 1447
722 771
722 1560
722 178
722 401
722 1013
722 1222
722 954
722 1510
722 1376
722 1187
722 517
722 114
722 288
722 825
722 1192
722 1139
722 727
722 1277
722 694
722 462
722 1604
722 602
722 253
722 283
722 640
722 1273
722 792
722 89
722 1121
722 251
722 572
722 1293
722 272
722 1618
722 201
722 1494
722 419
722 584
722 827
722 1161
722 1130
722 967
722 744
722 1606
722 526
722 831
722 922
722 477
722 428
722 1151
722 213
722 1089
722 611
722 1462
722 302
722 1276
722 1278
722 172
722 60
722 1601
722 757
722 158
722 1533
722 968
722 1194
722 66
722 1577
722 121
722 1145
722 1180
722 997
722 1536
722 1074
722 256
722 1295
722 406
722 264
722 750
722 216
722 713
722 589
722 55
722 669
722 1336
722 506
722 1128
722 83
722 1032
722 1413
722 898
722 1534
722 239
722 1619
722 764
722 1005
722 150
722 594
722 1098
722 609
722 13
722 195
722 113
722 582
722 1210
722 1610
722 4
722 182
722 1104
722 836
722 636
722 206
722 1523
722 1087
722 328
722 508
722 194
722 690
722 548
722 390
722 58
722 1152
722 1272
722 226
722 1225
722 1335
722 655
722 899
722 614
722 795
722 1516
722 317
722 367
722 494
722 1240
722 353
722 422
722 643
722 77
722 1
722 597
722 472
722 1072
722 563
722 1142
722 864
722 1083
722 1190
722 27
722 720
722 1320
722 670
722 806
722 1076
722 286
722 587
722 141
722 79
722 16
722 1380
722 837
722 754
722 701
722 616
722 1405
722 255
722 19
722 140
722 558
722 575
722 95
722 1011
722 380
722 1153
722 716
722 935
722 1049
722 1209
722 857
722 1133
722 897
722 910
722 1251
722 876
722 257
722 994
722 1496
722 319
722 397
722 1006
722 1326
722 1238
722 377
722 944
722 371
722 833
722 1592
722 329
722 733
722 839
722 375
722 1469
722 128
722 706
722 1241
722 1173
722 978
722 1178
722 838
722 22
722 1412
722 1127
722 677
722 1529
722 770
722 812
722 1567
722 309
722 1586
722 1470
722 941
722 1515
722 1514
722 0
722 1597
722 1023
722 1035
722 26
722 514
722 809
722 544
722 425
722 1428
722 64
722 530
722 260
722 1135
722 1174
722 6
722 767
722 1385
722 1397
722 1357
722 1094
722 269
722 522
722 202
722 146
722 708
722 59
722 1442
722 775
722 574
722 714
722 1603
722 81
722 427
722 1465
722 1360
722 1048
722 1582
722 151
722 137
722 583
722 1518
722 418
722 1544
722 331
722 1200
722 1611
722 707
722 1455
722 1170
722 1064
722 1372
722 1319
722 475
722 1243
757 528
757 1342
757 836
757 1013
757 958
757 1344
757 699
757 940
757 1611
757 1508
757 726
757 558
757 1209
757 995
757 950
757 1514
757 1173
757 1238
757 1172
757 1121
757 1134
757 1616
757 66
757 1025
757 954
757 1261
757 724
757 997
757 303
757 721
757 849
757 406
757 1194
757 806
757 1203
757 1445
757 744
757 125
757 213
757 1231
757 674
757 1
757 1580
757 855
757 707
757 510
757 78
757 701
757 1390
757 1129
757 632
757 1415
757 225
757 1592
757 531
757 88
757 1490
757 1442
757 1591
757 1038
757 276
757 1462
757 953
757 1263
757 1566
757 1260
757 479
757 553
757 319
757 611
757 728
757 631
757 509
757 299
757 197
757 251
757 437
757 1373
757 775
757 1396
757 1084
757 52
757 58
757 1399
757 1180
757 677
757 749
757 1005
757 658
757 292
757 610
757 428
757 896
757 1593
757 1243
757 693
757 261
757 542
757 480
757 1563
757 1009
757 352
757 1277
757 966
757 808
757 880
757 805
757 1061
757 589
757 1070
757 1154
757 978
757 822
757 132
757 130
757 729
757 939
757 851
757 1210
757 1441
757 1074
757 1427
757 1302
757 1160
757 447
757 827
757 325
757 671
757 906
757 844
757 1230
757 1032
757 194
757 1541
757 123
757 111
757 10
757 863
757 1380
757 754
757 508
757 1183
757 1327
757 1530
757 640
757 1411
757 1434
757 1095
757 1554
757 64
757 1372
757 1282
757 272
757 1603
757 1403
757 33
757 984
757 236
757 308
757 345
757 1464
757 1355
757 751
757 795
757 1489
757 1117
757 1488
757 694
757 1003
757 282
757 1433
757 1152
757 226
757 547
757 1139
757 458
757 1015
757 1409
757 628
757 1544
757 401
757 1394
757 764
757 785
757 1133
757 1387
757 418
757 170
757 95
757 617
757 1494
757 1454
757 156
757 216
757 249
757 803
757 119
757 1444
757 1272
757 278
757 630
757 1027
757 171
757 829
757 1542
757 655
757 957
757 167
757 889
757 1093
757 60
757 910
757 907
757 1054
757 809
757 786
757 45
757 91
757 1254
757 1011
757 659
757 575
757 1016
757 730
757 435
757 994
757 442
757 507
757 1064
757 41
757 1104
757 705
757 421
757 1515
757 791
757 1345
757 1314
757 1083
757 768
757 172
757 108
757 1219
757 1161
757 1391
757 34
757 961
757 670
757 928
757 1412
757 949
757 979
757 684
757 539
757 316
757 1299
757 905
757 1437
757 260
757 1556
757 879
757 580
757 1356
757 522
757 1518
757 672
757 1325
757 1145
757 846
757 620
757 255
757 714
757 636
757 1153
757 860
757 904
757 1175
757 787
757 643
757 1192
757 614
757 336
757 599
757 1265
757 816
757 1141
757 870
757 1597
757 506
757 1436
757 320
757 669
757 1335
757 722
757 666
757 858
757 912
757 704
757 627
757 609
757 114
757 936
757 373
757 1279
757 1295
757 1354
757 494
757 1110
757 1521
757 1478
757 549
757 1155
757 1523
757 798
757 690
757 602
757 1413
757 201
757 868
757 181
757 1257
757 390
787 1354
787 1005
787 1151
787 906
787 194
787 1447
787 776
787 943
787 839
787 16
787 79
787 705
787 41
787 779
787 919
787 594
787 1133
787 370
787 733
787 202
787 631
787 1046
787 567
787 1580
787 1146
787 630
787 640
787 1348
787 851
787 257
787 1027
787 690
787 818
787 1332
787 1145
787 255
787 1530
787 727
787 35
787 401
787 1385
787 600
787 625
787 1333
812 600
812 951
812 1465
812 1366
812 1009
812 776
812 1333
812 1381
812 919
812 1317
812 1053
812 1428
812 1284
812 640
812 724
812 596
812 267
812 962
812 13
812 336
812 501
812 779
812 548
812 672
812 1120
940 729
940 766
940 210
940 958
940 1164
940 1129
940 1343
940 185
940 1077
940 493
940 1569
940 251
940 1148
940 1023
940 553
940 1333
940 896
940 684
940 567
940 1524
940 203
940 274
940 1122
940 555
940 1412
940 574
940 116
940 1064
940 264
940 292
940 1391
940 1351
940 1377
940 212
940 267
940 1084
940 1194
940 377
940 1496
940 832
940 249
940 311
940 477
940 1579
940 851
940 949
940 1432
940 899
940 1139
940 33
940 256
940 764
940 720
940 324
940 406
940 548
940 1265
940 569
940 1045
940 19
940 470
940 870
940 726
940 1348
940 1494
940 420
940 1574
940 595
940 1297
940 1134
940 1548
940 921
940 842
940 919
940 27
940 130
940 1170
940 1161
940 334
940 776
940 812
940 1104
940 1209
940 809
940 1163
940 121
940 1592
940 1172
940 609
940 235
940 808
940 299
940 117
940 562
940 104
940 225
940 262
940 1466
940 535
940 195
940 614
940 598
940 150
940 558
940 1597
940 669
940 407
940 332
940 623
940 1015
940 125
940 303
940 1590
940 71
940 510
940 1588
940 260
940 79
940 458
940 1563
940 16
940 1530
940 868
940 1552
940 889
940 194
940 55
940 1295
940 1225
940 328
940 749
940 898
940 1611
940 69
940 156
940 518
940 869
940 133
940 705
940 476
940 1050
940 1585
940 827
940 325
940 1346
940 620
940 356
940 1046
940 239
940 1219
940 17
940 660
940 300
940 7
940 795
940 153
940 983
940 4
940 529
940 938
940 1044
940 273
940 643
940 1125
940 485
940 1121
940 1485
940 612
940 171
940 464
940 1390
940 137
940 1028
940 587
940 622
940 1436
940 1558
940 482
940 1403
940 1603
940 454
940 411
940 879
940 254
940 497
940 1151
940 1208
940 1276
940 1244
940 329
940 546
940 528
940 664
940 997
940 1058
940 1187
940 943
940 182
940 1610
940 675
940 123
940 599
940 1238
940 939
940 1088
940 971
940 1465
940 1072
940 723
940 1356
940 740
940 1005
940 594
940 58
940 1130
940 1098
940 1094
940 475
940 1095
940 91
940 791
940 151
940 966
940 881
940 1100
940 158
940 349
940 438
940 337
940 1493
940 1593
940 935
940 747
940 1197
940 665
940 698
940 1303
940 1520
940 213
940 1541
940 207
940 857
940 437
940 1117
940 826
940 193
940 1410
940 444
940 76
940 1490
940 722
940 118
940 1237
940 667
940 422
940 652
940 1447
940 865
940 1443
940 1231
940 1179
940 641
940 201
940 1035
940 26
940 1486
940 132
940 804
940 751
940 427
940 1534
940 1003
940 863
940 922
940 1325
940 1054
940 286
940 1234
940 750
940 100
940 1396
940 390
940 1083
940 1399
940 1379
940 87
940 822
940 575
940 590
940 906
940 1294
940 1271
940 1529
940 640
940 630
940 635
940 1076
940 1183
940 35
940 1135
940 839
940 52
940 81
940 707
940 785
940 1354
940 88
940 428
940 24
940 683
940 1582
940 1576
940 844
940 1251
940 1011
940 1342
940 1549
940 333
940 1413
940 320
940 936
940 833
940 1145
940 288
940 1567
940 460
940 215
940 164
940 994
940 161
940 281
940 1206
940 830
940 985
940 873
940 1523
940 357
940 886
940 1207
1011 971
1011 567
1011 723
1011 249
1011 1104
1011 1512
1011 1447
1011 584
1011 276
1011 563
1011 919
1011 1044
1011 1333
1011 1
1011 1427
1011 1484
1011 994
1011 572
1011 828
1011 716
1011 1212
1011 804
1011 49
1011 706
1011 1444
1011 293
1011 506
1011 897
1011 1053
1011 983
1011 1183
1011 958
1011 928
1011 1230
1011 830
1011 1490
1011 766
1011 182
1011 1469
1011 1585
1011 865
1011 1462
1011 1567
1011 805
1011 720
1011 269
1011 1139
1011 303
1011 631
1011 589
1011 137
1011 203
1011 1470
1011 516
1011 1336
1011 1206
1011 0
1011 1353
1011 462
1011 1352
1011 288
1011 442
1011 754
1011 1503
1011 1234
1011 235
1011 1049
1011 627
1011 705
1011 239
1011 530
1011 1265
1011 842
1011 1278
1011 551
1011 1355
1011 1608
1011 578
1011 690
1011 941
1011 507
1011 356
1011 1163
1011 194
1011 1274
1011 889
1011 795
1011 422
1011 906
1011 1536
1011 1442
1011 844
1011 733
1011 224
1011 1412
1011 839
1011 144
1011 1152
1011 299
1011 1120
1011 571
1011 995
1011 1231
1011 1411
1011 216
1011 916
1011 982
1011 553
1011 1372
1011 614
1011 806
1011 1523
1011 378
1011 822
1011 1046
1011 1384
1011 735
1011 544
1011 954
1011 600
1011 13
1011 1327
1011 587
1011 1354
1011 1145
1011 920
1011 764
1011 654
1011 257
1011 267
1011 1226
1011 1151
1011 1035
1011 1410
1011 156
1011 1284
1011 222
1011 1243
1011 1597
1011 479
1011 1315
1011 260
1011 1102
1011 319
1011 965
1011 1360
1011 1303
1011 1586
1011 1184
1011 898
1011 730
1011 609
1011 1351
1011 616
1011 825
1011 382
1011 1142
1011 1413
1011 1134
1011 1613
1011 1518
1011 1441
1011 405
1011 1083
1011 1146
1011 1601
1011 454
1011 1129
1011 1018
1011 943
1011 193
1011 397
1011 1210
1011 1235
1011 1251
1011 1074
1011 1073
1011 1191
1011 858
1011 779
1011 1530
1011 1576
1011 1511
1011 658
1011 620
1011 704
1011 1277
1011 535
1011 1541
1011 1579
1011 1181
1011 1356
1011 104
1011 1219
1011 27
1011 549
1011 1222
1011 132
1011 899
1072 1285
1072 600
1072 612
1072 636
1072 462
1072 676
1072 1326
1072 329
1072 548
1072 253
1072 1617
1072 1263
1072 1416
1072 665
1072 1122
1072 818
1072 766
1072 786
1072 1317
1072 770
1072 239
1072 1379
1072 776
1072 1582
1072 1134
1072 1077
1072 235
1072 81
1072 989
1072 775
1072 447
1072 768
1072 1495
1072 819
1072 1485
1072 323
1072 1016
1072 584
1072 1071
1072 596
1072 562
1072 399
1072 96
1072 1233
1072 1335
1072 551
1072 942
1072 1226
1072 805
1072 276
1072 52
1072 709
1072 422
1072 1074
1072 1576
1072 879
1072 1372
1072 983
1072 651
1072 658
1072 947
1072 222
1072 427
1072 804
1072 1053
1072 325
1072 558
1072 158
1072 727
1072 1121
1072 256
1072 978
1072 892
1072 1164
1072 1351
1072 1536
1072 833
1072 1494
1072 1035
1072 1
1072 1102
1072 995
1072 683
1072 411
1081 1480
1081 708
1081 1416
1081 684
1081 955
1081 1592
1081 1501
1081 1195
1081 968
1122 1207
1122 1142
1122 1228
1122 807
1122 1315
1122 721
1122 1098
1122 1482
1122 825
1122 89
1122 1165
1122 1152
1122 454
1122 1205
1122 1580
1122 274
1122 542
1122 151
1122 590
1122 726
1122 162
1122 293
1122 596
1122 940
1122 1295
1122 816
1122 1399
1197 636
1197 508
1197 279
1197 1515
1197 261
1197 808
1197 901
1197 467
1197 132
1197 1381
1197 846
1197 235
1197 1537
1197 754
1197 472
1197 819
1197 539
1197 1295
1197 1155
1197 582
1197 634
1197 1606
1197 30
1197 916
1197 1284
1197 1326
1197 1276
1197 104
1197 912
1197 256
1197 1610
1197 669
1197 1354
1197 707
1197 529
1197 249
1197 1054
1197 876
1197 1597
1197 1468
1197 721
1197 740
1197 86
1197 640
1197 114
1197 1261
1197 433
1197 898
1197 201
1197 1110
1197 1501
1197 272
1197 820
1197 1099
1197 1174
1197 922
1197 852
1197 684
1197 829
1197 1442
1197 1272
1197 1027
1197 1465
1197 1397
1197 22
1197 660
1197 1536
1197 1282
1197 806
1197 1122
1197 506
1197 11
1197 629
1197 744
1197 1523
1197 864
1197 849
1197 701
1197 995
1197 630
1197 870
1197 1170
1197 579
1197 1260
1197 879
1197 1076
1197 966
1200 1255
1200 311
1200 1206
1200 1410
1200 713
1200 1548
1200 89
1200 961
1200 968
1200 19
1207 785
1207 828
1207 897
1207 1074
1207 1098
1207 733
1207 1346
1207 1255
1207 1136
1207 248
1207 804
1207 81
1207 1145
1207 671
1207 558
1207 1084
1207 1015
1207 747
1207 537
1207 1173
1207 1035
1207 584
1207 1023
1207 886
1207 494
1207 1515
1207 1465
1207 806
1207 1183
1207 132
1207 1198
1207 939
1207 631
1207 1152
1207 1216
1207 1279
1207 1314
1207 767
1207 957
1207 1088
1207 829
1207 1413
1207 396
1207 1271
1207 562
1207 1206
1207 879
1207 411
1207 137
1207 1494
1207 165
1207 334
1207 610
1207 286
1207 517
1207 1294
1207 900
1207 491
1207 504
1207 1534
1207 970
1207 11
1207 589
1207 1322
1207 276
1207 836
1207 1397
1207 1580
1207 222
1207 1274
1207 898
1207 852
1207 865
1207 1077
1207 128
1207 1058
1207 185
1207 1076
1207 1025
1207 249
1207 1197
1207 458
1207 658
1207 1282
1207 827
1284 821
1284 325
1284 1593
1284 89
1284 623
1284 1359
1284 1142
1284 414
1284 377
1284 724
1284 33
1284 588
1284 1606
1284 130
1284 792
1284 279
1284 1282
1284 1203
1284 828
1284 720
1284 801
1284 584
1284 735
1284 634
1284 213
1284 158
1284 466
1284 1035
1284 995
1284 1469
1284 167
1284 370
1284 472
1284 596
1284 319
1284 501
1284 1095
1284 481
1284 249
1284 224
1284 685
1284 11
1284 928
1284 539
1284 666
1284 660
1284 652
1284 1129
1284 1361
1284 609
1284 109
1284 104
1284 1556
1284 467
1284 182
1284 179
1284 1481
1284 854
1284 1452
1284 947
1284 1123
1284 197
1284 1487
1284 744
1284 1133
1284 118
1284 764
1284 812
1284 556
1284 843
1284 965
1284 706
1284 41
1284 396
1284 299
1284 1443
1284 698
1284 255
1284 985
1284 1245
1284 500
1284 1611
1284 1049
1284 747
1284 605
1284 625
1284 530
1284 248
1284 674
1284 1025
1284 922
1284 1170
1284 293
1284 1381
1284 722
1284 1336
1284 544
1284 1191
1284 419
1284 671
1284 52
1284 989
1284 508
1284 1222
1284 806
1284 236
1284 716
1284 1521
1284 786
1284 723
1284 1413
1284 1200
1284 713
1284 766
1284 1384
1284 842
1284 371
1284 542
1284 1134
1284 1276
1284 222
1284 397
1284 1187
1284 1209
1284 1028
1284 1399
1284 1212
1284 1117
1284 1008
1284 314
1284 1415
1284 415
1284 1496
1284 74
1284 620
1284 551
1284 194
1284 518
1284 1520
1284 1256
1284 27
1284 528
1284 831
1284 479
1284 1173
1284 654
1284 1414
1284 388
1284 1403
1284 99
1284 458
1284 971
1284 704
1284 769
1284 1110
1284 816
1284 1490
1284 705
1284 819
1284 1515
1284 1568
1284 1161
1284 17
1284 1391
1284 1152
1284 1005
1284 837
1284 963
1284 49
1284 1091
1284 1505
1284 350
1284 683
1284 113
1284 1354
1284 531
1284 1360
1284 1234
1284 514
1284 1121
1284 294
1284 267
1284 256
1284 679
1284 921
1284 1409
1284 750
1284 1165
1284 269
1284 1163
1284 356
1284 1099
1284 1021
1284 1428
1284 477
1284 4
1284 632
1284 184
1284 701
1284 694
1284 950
1284 86
1284 22
1284 765
1284 822
1284 941
1284 923
1284 757
1284 345
1284 635
1284 1372
1284 1442
1284 251
1284 435
1284 1230
1284 123
1284 201
1284 631
1284 1458
1284 968
1284 1046
1284 770
1284 1347
1284 1266
1284 401
1284 195
1284 444
1284 373
1284 264
1284 1186
1284 1147
1284 886
1284 629
1284 139
1284 1348
1284 900
1284 1326
1284 818
1284 363
1284 58
1284 1614
1284 1530
1284 1289
1284 1544
1284 460
1284 832
1284 1342
1284 961
1284 1238
1284 316
1284 1197
1284 727
1284 740
1284 485
1284 1180
1284 1271
1284 1580
1284 1431
1284 1104
1284 1485
1284 464
1284 978
1284 606
1284 114
1284 1207
1284 579
1284 619
1284 994
1284 878
1284 1119
1284 1155
1284 916
1284 172
1284 211
1284 193
1284 1210
1284 1325
1284 804
1284 1405
1284 488
1284 416
1284 308
1284 622
1284 1043
1284 253
1284 234
1284 802
1284 121
1284 560
1284 1447
1284 825
1284 707
1284 1139
1284 896
1284 511
1284 1397
1284 288
1284 1272
1284 829
1284 156
1284 616
1284 1098
1284 611
1415 1123
1415 818
1415 1249
1415 708
1415 142
1415 412
1505 546
1505 620
1505 1213
1505 1303
1505 436
1505 1597
1505 1127
1505 1288
1505 303
1505 812
1505 1265
1505 1191
1505 910
1505 178
1505 876
1505 1295
1505 1619
1505 833
1505 45
1505 197
1505 1489
1505 1432
1505 617
1505 309
1505 751
1505 723
1505 453
1505 279
1505 336
1505 78
1505 750
1505 627
1505 1042
1505 1266
1505 589
1505 1333
1505 1398
1505 857
1505 798
1505 1104
1505 1435
1505 1285
1505 648
1505 853
1505 22
1505 820
1505 901
1505 1457
1505 378
1505 254
1505 421
1505 1261
1505 858
1505 949
1505 1226
1505 1487
1505 66
1505 1077
1505 1428
1505 1358
1505 643
1505 1533
1505 1231
1505 11
1505 839
1505 96
1505 1462
1505 1170
1505 898
1505 757
1505 1354
1505 1496
1505 575
1505 1089
1505 825
1505 274
1505 1180
1505 230
1514 420
1514 1146
1514 704
1514 1074
1514 713
1514 669
1514 1580
1514 1046
1514 506
1514 571
1514 1064
1514 1381
1514 899
1514 172
1514 441
1514 458
1514 1592
1514 132
1514 86
1514 89
1514 1133
1514 240
1547 1601
1547 1035
1547 723
1547 1044
1547 1110
1547 619
1547 1245
1547 195
1547 1317
1547 652
1547 666
1547 251
1547 574
1547 1465
1547 1023
1547 954
1547 35
1547 201
1547 9
1547 1378
1547 839
1547 287
1547 16
1547 1553
1547 479
1547 714
1547 1597
1547 1119
1547 771
1547 1221
1547 32
1547 733
1547 1411
1547 1172
1547 1441
1547 518
1547 95
1547 256
1547 260
1547 1095
1547 590
1547 1501
1547 1413
1547 922
1547 77
1547 1091
1547 1027
1547 142
1547 264
1547 1076
1547 311
1547 1077
1547 1009
1547 744
1547 1133
1547 170
1547 64
1547 889
1547 802
1547 148
1547 1342
1547 1191
1547 418
1547 906
1547 659
1547 571
1547 522
1547 1399
1547 798
1547 41
1547 539
1547 454
1547 486
1547 1102
1547 82
1547 165
1547 1066
1547 1332
1547 1088
1547 1534
1547 288
1547 595
1547 324
1547 1146
1547 1295
1547 1376
1547 144
1547 353
1547 1592
1547 382
1547 643
1547 216
1547 729
1547 427
1547 406
1547 1256
1547 435
1547 79
1547 1242
1547 1380
1547 1578
1547 1284
1547 120
1547 916
1547 831
1547 396
1547 609
1547 1127
1547 1336
1547 1207
1547 1309
1547 1276
1547 883
1547 226
1547 808
1547 1125
1547 30
1547 485
1547 437
1547 554
1547 599
1547 293
1547 411
1547 254
1547 506
1547 833
1547 1343
1547 323
1547 767
1547 66
1547 1055
1547 316
1547 93
1547 1518
1547 690
1547 1496
1547 844
1547 372
1547 1415
1547 1203
1547 1151
1547 484
1547 1397
1547 1231
1547 1025
1547 1170
1547 1208
1547 1128
1547 961
1547 897
1547 430
1547 1442
1547 713
1547 1145
1547 940
1547 460
1547 795
1547 1251
1547 775
1547 1619
1547 685
1547 776
1547 1356
1547 1226
1547 1405
1547 928
1547 641
1547 420
1547 888
1547 491
1547 1059
1547 1468
1547 328
1547 1460
1547 1410
1547 629
1547 1122
1547 19
1547 1516
1547 636
1547 868
1547 919
1547 1326
1547 373
1547 1335
1547 582
1547 880
1547 334
1547 151
1547 610
1547 898
1547 1136
1547 1611
1547 213
1547 1542
1547 634
1547 903
1547 684
1547 516
1547 11
1547 745
1547 1427
1547 899
1547 852
1547 829
1547 1064
1547 804
1547 225
1547 52
1547 968
1547 1046
1547 760
1547 935
1547 579
1585 510
1585 96
1585 255
1585 1494
1585 968
1585 838
1585 690
1585 1121
1585 620
1585 1249
1585 863
1585 985
1585 1134
1585 1123
1585 22
1585 1414
1585 1576
1585 1059
1585 1141
1585 1074
1585 1488
1585 704
1585 1351
1585 240
1585 79
1585 1597
1585 571
1585 818
1585 674
1585 999
1585 1030
