4 763
4 79
4 377
4 1058
17 793
17 671
17 471
17 860
17 381
17 723
17 180
17 935
17 215
17 416
17 255
17 659
17 430
17 1198
17 1037
17 932
17 79
17 307
17 849
17 971
23 1070
23 995
23 750
27 1118
27 582
27 320
27 929
30 315
30 444
30 313
30 66
30 157
30 975
30 992
30 237
30 350
30 466
54 1018
54 217
54 1002
54 118
59 1031
59 1120
59 430
59 164
59 410
59 554
59 1174
59 802
59 840
59 1002
59 103
59 671
59 467
59 935
59 1018
59 877
59 344
59 240
59 747
63 241
72 1037
72 559
72 180
72 415
72 311
72 127
72 723
72 795
78 215
78 756
78 670
79 1148
79 1037
79 396
79 4
79 912
79 1182
79 1171
79 180
79 1183
79 555
79 582
79 17
79 763
79 806
80 605
80 501
80 403
80 120
80 106
82 511
82 1100
82 719
82 685
82 886
82 1150
82 835
82 537
82 750
82 993
82 162
82 751
86 540
95 1111
95 858
95 215
95 408
95 180
95 246
110 151
111 790
111 198
111 608
111 145
111 434
111 748
111 1130
111 244
111 350
111 102
111 57
111 466
111 444
111 420
111 234
111 975
111 992
111 950
111 118
111 1135
111 43
111 996
111 48
111 265
111 66
111 868
111 998
111 749
111 989
111 1073
111 297
111 228
111 274
111 885
118 54
118 975
118 521
118 679
118 576
118 424
118 950
118 265
118 1054
118 615
118 237
118 965
118 313
118 281
118 790
118 350
118 732
118 316
118 1095
118 66
118 234
118 189
118 366
118 280
118 886
118 1042
118 274
118 1010
118 838
118 477
118 608
118 34
118 456
118 996
118 100
118 198
118 868
118 899
118 169
118 760
118 885
118 466
118 1128
118 228
118 48
118 1004
125 750
141 651
141 1098
141 510
141 1074
141 540
141 907
141 552
141 221
141 434
141 798
141 597
141 143
141 96
141 1013
143 550
143 106
143 651
143 96
143 501
143 1177
143 456
143 120
143 1098
143 434
143 552
143 1074
143 1013
143 510
143 540
143 141
143 231
143 1165
143 688
151 128
151 995
151 233
151 786
151 582
151 658
155 926
161 298
162 685
162 1150
162 82
163 1010
180 659
180 709
180 79
180 72
180 609
180 17
180 1091
180 191
180 932
191 180
192 995
192 133
192 23
202 482
206 43
206 583
206 803
206 48
206 315
206 966
206 939
206 992
206 988
206 198
206 466
206 739
206 975
206 301
206 1122
206 145
206 543
206 648
206 9
206 157
206 861
215 415
215 233
215 78
215 431
215 95
215 307
215 849
215 290
215 1172
215 806
216 878
216 1100
216 995
216 816
217 1031
233 290
233 592
233 601
233 151
236 186
244 420
244 813
244 537
244 899
244 133
244 886
244 111
254 849
255 1037
258 995
258 126
258 1173
267 444
267 66
267 145
267 790
267 679
267 48
267 350
276 714
276 449
276 786
290 215
290 1180
290 1053
290 311
291 577
291 195
297 899
297 855
297 315
297 466
297 366
297 749
297 886
297 350
297 975
297 189
297 576
297 521
297 537
297 1042
297 1128
297 477
297 24
297 48
297 933
297 748
297 993
297 424
297 444
297 274
297 1095
297 169
297 950
297 732
297 1130
297 615
297 790
297 66
297 234
297 43
297 237
297 111
297 313
297 1100
298 161
306 9
306 861
306 338
306 670
306 583
306 577
307 582
307 1100
307 255
307 659
307 714
307 541
307 763
307 995
307 216
307 849
307 1053
307 932
311 1053
311 582
311 72
325 95
332 215
332 79
332 806
332 448
335 670
335 577
340 143
340 1098
340 150
340 798
340 779
340 1165
341 770
341 813
341 765
341 511
341 295
341 899
357 1196
357 754
357 1150
357 433
357 1092
389 120
389 106
389 1013
394 396
394 151
417 577
417 151
417 113
420 933
420 765
447 982
447 776
447 880
447 145
447 1010
447 543
447 198
447 679
447 350
447 732
447 301
447 424
447 996
447 989
447 827
447 790
447 444
447 615
447 66
447 466
448 332
449 145
449 1083
449 233
449 992
449 276
449 609
454 180
454 236
454 686
461 833
482 267
482 677
541 307
543 274
543 9
543 1000
543 793
543 48
543 189
543 660
543 206
543 975
543 424
543 690
543 1122
543 739
543 803
543 963
543 679
543 992
543 1073
543 57
543 350
543 939
543 966
543 1063
543 444
543 1010
553 604
553 714
553 60
555 1111
577 834
577 306
577 670
577 706
577 756
577 1176
577 951
577 78
577 677
582 276
582 151
582 658
582 386
582 306
582 116
582 79
582 1118
582 160
582 1157
588 66
588 434
588 965
588 297
588 53
588 899
588 1054
588 868
588 855
588 169
588 198
588 133
588 466
588 111
588 790
588 313
588 477
588 43
588 993
588 30
588 280
588 975
588 366
588 679
588 732
588 885
588 1010
588 1000
588 237
588 350
588 1095
588 456
588 1063
588 315
588 950
588 418
588 102
588 145
588 444
588 316
588 827
588 1135
588 608
588 576
588 440
589 426
589 363
589 609
592 582
601 233
601 932
602 436
605 1091
605 501
605 120
605 870
605 1053
609 180
609 205
609 449
609 454
609 932
610 614
610 558
610 95
614 806
631 807
643 287
646 422
646 889
646 1100
646 925
646 225
646 629
646 1137
646 291
658 714
670 78
670 306
670 577
672 816
677 1070
677 686
677 1004
677 169
677 482
677 992
677 577
677 202
677 760
677 418
685 1150
685 488
685 393
686 750
686 679
686 477
686 885
706 434
706 721
706 688
709 180
709 27
714 992
714 806
714 180
714 79
714 553
714 573
714 307
714 658
714 1083
714 145
714 659
714 615
719 925
719 440
719 511
719 770
719 899
719 780
719 1150
719 204
719 234
719 225
719 889
719 82
719 993
721 706
721 1070
721 415
721 951
721 714
749 588
749 1004
749 576
749 1128
749 100
749 313
749 992
749 975
749 157
749 950
749 1042
749 228
749 1095
749 297
749 732
749 790
749 466
749 1010
749 66
749 118
749 111
749 237
749 886
749 933
749 145
749 1130
749 274
749 366
749 24
749 57
749 838
749 885
749 133
749 608
749 615
749 34
750 1150
750 82
750 313
750 192
750 686
750 125
750 488
751 1100
751 584
751 750
756 78
756 335
763 582
763 741
763 1171
763 79
763 307
763 1091
765 855
765 341
765 244
765 770
765 899
765 420
765 813
770 100
770 82
770 993
770 320
770 855
770 537
770 813
770 511
770 412
770 440
770 765
770 719
770 133
770 302
772 192
784 735
786 276
802 1039
802 1120
802 1018
806 714
806 1037
806 1100
806 431
806 515
806 1036
806 215
806 615
806 72
806 332
813 341
813 899
813 234
813 923
813 113
813 111
816 995
816 126
816 216
816 672
819 1101
819 1198
819 161
819 849
819 480
833 449
834 877
835 750
835 1092
835 433
835 195
835 751
835 1150
835 754
840 240
840 1018
840 554
840 199
840 1039
840 479
840 1031
840 802
840 877
840 344
868 1004
868 198
868 608
868 992
868 1128
868 679
868 749
868 66
868 111
868 297
868 24
868 827
868 228
868 118
868 886
868 615
868 838
868 281
868 366
868 418
868 1010
868 748
868 576
868 350
868 537
868 280
868 234
868 993
868 989
868 899
868 189
868 1130
868 933
868 313
868 790
868 237
868 100
870 80
870 150
870 106
870 605
870 1091
877 1031
877 1196
877 240
877 344
877 834
877 573
877 1120
877 840
877 310
877 345
877 1018
877 164
877 103
877 1002
877 82
877 901
877 199
877 554
878 216
878 995
878 1100
890 17
932 1157
932 180
932 601
932 27
938 577
939 1000
939 550
939 1095
939 1154
939 9
939 43
939 583
939 106
939 963
939 966
939 739
939 395
939 1128
939 688
939 790
939 1122
939 57
939 660
939 189
939 992
939 732
939 466
939 434
939 48
939 315
939 145
939 206
939 803
951 72
965 43
965 1010
965 1128
965 189
965 237
965 790
965 234
965 992
965 853
965 760
965 444
965 933
965 24
965 576
965 169
965 838
965 1095
965 274
965 899
965 366
965 145
965 608
965 315
965 1130
965 975
965 1004
965 477
965 749
965 157
965 521
965 118
965 57
965 48
965 100
965 281
965 732
965 989
965 66
978 849
1008 885
1037 1198
1037 255
1037 72
1037 714
1037 79
1037 1101
1037 215
1042 301
1042 899
1042 1054
1042 950
1042 1004
1042 366
1042 1135
1042 749
1042 886
1042 1130
1042 838
1042 933
1042 868
1042 1128
1042 133
1042 885
1053 605
1053 311
1058 970
1058 483
1058 974
1058 1151
1058 628
1058 377
1058 499
1070 899
1070 995
1070 886
1070 1008
1070 1004
1070 677
1083 677
1083 290
1083 566
1083 795
1083 714
1083 1180
1085 609
1092 433
1092 1100
1092 1114
1092 162
1092 1150
1093 270
1100 877
1100 258
1100 806
1100 886
1100 345
1100 225
1100 422
1100 573
1100 297
1100 719
1100 995
1100 204
1100 393
1100 1092
1100 889
1100 234
1100 629
1100 925
1100 685
1100 750
1100 1150
1100 754
1100 433
1100 357
1100 751
1100 646
1100 162
1100 440
1100 126
1101 819
1101 1198
1101 1037
1111 95
1114 835
1114 754
1114 1150
1114 357
1114 1100
1118 709
1137 1150
1137 780
1137 204
1137 925
1137 604
1137 719
1137 422
1142 17
1150 925
1150 685
1150 751
1150 646
1150 750
1150 835
1150 889
1150 629
1150 780
1150 357
1150 204
1150 1092
1150 82
1150 1100
1157 582
1175 95
1175 239
1175 438
1177 688
1177 456
1177 798
1177 444
1177 150
1177 143
1177 1098
1177 907
1177 221
1177 651
1177 597
1177 510
1177 1074
1196 1114
1196 877
1196 1100
1196 357
1198 79
1198 849
1198 17
1198 819
1200 157
