1008 1122
835 1082
192 80
461 931
786 659
835 986
311 151
1093 409
1070 212
86 1018
1083 305
835 1153
254 848
30 907
751 609
1196 1163
27 634
118 185
770 32
27 1194
78 467
908 128
750 556
1058 717
868 1086
721 878
86 6
72 822
79 795
1137 84
772 822
357 157
686 91
143 478
601 621
965 524
311 542
1150 62
719 1024
216 1133
1053 490
1200 135
86 5
592 314
297 651
614 550
436 648
1137 1183
216 815
461 63
80 179
216 448
555 504
868 733
609 721
1142 125
27 648
447 1
602 938
756 837
448 403
276 198
86 230
643 123
461 1193
436 547
216 213
482 577
763 975
258 1033
163 827
86 1195
297 268
191 126
765 739
592 958
894 1124
235 415
17 685
447 948
255 184
276 1194
631 30
816 66
541 802
770 665
541 300
291 818
750 296
719 67
605 445
602 162
82 974
1142 659
813 272
763 899
80 1128
870 458
1042 613
592 763
602 154
394 559
751 762
448 48
155 922
631 470
1157 2
932 1123
709 224
786 54
180 89
763 585
770 554
908 312
447 139
1157 1145
677 821
448 264
307 19
592 800
589 140
1008 1147
224 1132
82 1137
589 683
54 196
677 840
162 49
721 410
335 450
454 1130
1196 763
72 506
646 1070
610 33
588 954
215 165
658 554
609 711
1111 134
555 333
417 1069
816 172
751 1032
23 333
357 994
307 578
802 138
908 1155
1137 101
217 711
141 1100
23 725
686 627
206 161
631 692
1153 796
756 226
890 792
1111 906
589 687
1100 1016
118 390
592 852
163 485
224 1021
454 777
54 414
870 1071
951 366
192 882
673 596
1070 1202
59 867
1008 498
1137 30
751 398
1042 828
1111 467
291 19
291 1200
1058 921
30 899
335 147
577 400
543 317
202 470
233 732
1153 377
341 465
709 374
770 1046
340 855
686 1152
877 259
1042 409
297 946
340 912
609 1097
592 330
890 216
298 561
17 41
786 1030
224 923
756 904
1150 246
276 1182
1093 301
420 12
1100 394
447 979
709 221
1083 416
658 949
335 266
332 767
59 287
541 717
110 1172
609 447
819 229
601 984
784 1095
298 621
750 1092
908 589
4 1101
1200 844
236 229
1153 1000
202 298
59 1135
1153 102
482 816
30 1163
541 469
1137 971
447 1149
311 434
205 10
311 1120
605 1006
819 947
220 169
110 1046
217 412
751 707
332 1003
258 649
749 250
111 222
95 202
833 1072
1070 139
541 1000
802 1020
192 1068
30 858
1177 400
543 74
951 615
191 539
1142 262
610 388
143 161
357 614
1142 465
631 751
1153 649
4 500
306 713
111 490
541 131
951 262
714 799
233 91
111 1171
643 668
1101 536
807 223
95 363
1058 872
819 665
806 663
1118 155
677 902
1142 562
118 598
290 612
30 480
1101 43
978 1057
685 512
311 32
80 1147
686 60
436 254
290 1113
672 987
643 32
311 936
162 507
191 1107
244 113
631 1141
63 708
335 554
858 722
63 300
543 480
291 526
1142 221
601 708
78 744
553 712
756 914
335 928
1118 1139
965 823
840 1144
291 1020
202 122
840 191
555 1137
765 274
276 783
770 210
78 479
1150 741
216 1065
417 713
340 859
311 168
721 1093
161 675
765 484
631 1184
646 852
192 381
78 255
672 473
449 797
220 424
589 616
601 710
1093 1114
772 859
298 495
306 468
541 199
877 357
673 352
155 268
938 547
162 871
151 289
82 1005
721 771
307 929
1150 212
643 1036
840 527
163 587
1150 509
938 853
673 49
840 482
307 1039
202 434
1114 191
394 238
151 147
255 338
447 1159
610 461
833 774
325 287
192 949
30 169
553 409
267 401
306 880
770 756
276 262
82 305
143 320
258 840
235 977
577 91
543 1015
951 49
78 157
163 368
291 856
1085 856
1008 450
1083 417
335 191
1058 898
161 85
79 133
706 965
161 1057
756 203
17 552
417 581
1111 932
978 612
1175 627
1170 373
80 90
1170 1157
255 1149
646 943
938 417
307 465
677 798
202 898
908 629
646 745
646 6
298 962
1058 622
721 603
1157 1173
543 520
340 555
582 1167
614 1157
813 173
631 129
1137 899
1008 960
541 924
335 655
806 359
1177 790
220 755
163 560
813 353
1157 148
763 1056
192 672
1118 553
1177 166
307 885
965 280
890 906
447 264
30 1158
685 965
582 295
643 522
63 157
290 528
833 307
78 158
1093 680
749 644
605 1040
420 948
1042 180
1053 193
341 546
1070 130
1042 7
27 694
461 1087
80 828
878 381
677 948
276 1008
298 362
686 6
1070 1154
858 795
582 687
1150 691
816 1162
17 434
908 840
577 685
765 589
601 191
614 281
454 1000
447 1090
1111 80
672 118
1042 909
1058 706
161 666
978 993
756 370
1137 595
894 102
215 956
588 459
118 503
1114 242
756 212
297 562
582 553
79 950
297 671
1198 574
1118 681
454 312
78 864
220 1014
220 1122
254 128
447 660
1198 341
1196 298
610 1019
749 865
118 348
878 869
482 808
877 986
610 574
786 815
592 580
749 408
80 877
111 1157
543 584
1042 2
577 26
125 286
255 325
79 685
592 142
643 428
63 1142
206 680
765 262
658 101
254 676
151 51
1111 763
646 729
217 1191
1037 253
290 982
1083 601
908 194
482 100
224 817
605 573
673 841
1170 887
436 1060
436 186
835 930
162 299
577 345
1170 162
582 1144
235 515
267 8
332 401
1142 573
673 811
224 128
1083 157
180 680
806 134
877 200
1070 347
436 938
233 1125
877 651
236 269
643 1094
1070 154
602 709
631 1093
1118 435
1114 1181
858 432
908 754
686 329
357 258
1177 335
868 268
672 491
714 618
276 251
217 49
110 369
1008 480
111 13
216 487
677 1163
770 932
394 94
965 715
677 966
751 392
709 629
192 242
80 702
63 622
191 579
143 604
141 1025
932 636
86 926
4 672
978 150
254 268
908 1163
79 404
1053 29
582 118
205 591
1175 187
298 719
389 521
835 20
233 177
806 263
217 224
784 474
835 610
932 592
834 29
939 283
543 319
202 879
267 474
786 865
141 694
267 255
420 552
939 552
155 1142
192 819
163 114
965 857
78 1173
298 8
311 220
291 144
672 624
1053 1109
1153 92
802 247
553 816
686 70
340 960
1114 435
951 419
589 1153
890 593
807 466
1053 345
833 121
341 663
784 373
449 181
267 599
686 1096
1042 467
224 490
454 5
54 1088
162 85
894 695
802 927
721 189
819 730
878 889
276 715
751 603
1198 271
834 788
938 473
965 520
932 973
311 124
749 527
670 69
1170 548
82 742
605 409
1200 1114
835 341
276 241
802 336
965 647
816 1015
340 12
4 1053
180 1202
813 138
658 896
1200 478
834 169
27 24
1150 781
1058 108
589 1084
110 533
1114 643
4 878
1053 1079
750 586
357 454
721 300
202 1107
192 342
357 139
224 20
1085 503
192 494
95 414
978 896
311 19
220 929
786 519
1070 1079
816 220
939 956
1175 780
447 323
614 1077
751 339
1093 1084
1196 1018
786 844
553 745
78 433
868 1005
420 290
217 1181
341 406
751 815
254 1137
30 530
813 1000
756 442
1175 389
1100 545
95 347
290 137
461 1176
357 196
749 110
614 259
833 923
786 503
588 455
751 35
1008 1050
448 201
394 690
1042 324
609 413
202 1106
1085 755
756 22
577 389
1157 414
340 572
840 206
276 99
461 288
1196 1009
290 1134
750 396
1196 1090
236 932
1014 414
417 1141
835 326
306 416
858 36
1093 54
1118 672
1101 56
215 960
454 835
1111 901
161 984
125 471
59 78
394 335
217 775
340 598
449 302
672 1032
601 1001
709 108
1014 654
202 730
709 560
772 483
448 215
1200 158
772 1140
670 219
216 234
306 310
111 952
192 72
1014 751
454 494
23 107
582 890
1150 176
82 609
614 1007
677 443
602 110
840 189
151 1124
938 1007
236 135
610 1023
151 892
59 945
750 504
589 277
1053 600
631 383
706 106
215 1102
870 283
868 1125
267 699
932 1075
111 947
217 682
719 930
1198 1044
236 298
255 595
908 434
951 468
436 1015
1070 950
751 1049
233 1100
878 917
224 1169
553 958
589 319
161 418
772 315
255 116
86 757
802 1079
1175 472
311 159
686 1027
143 308
59 41
1093 1172
721 1161
541 1048
276 846
894 464
254 869
1070 286
86 33
706 383
206 725
4 1050
658 1062
749 403
614 804
215 984
436 580
306 21
1014 395
420 344
454 859
235 945
858 1072
672 298
614 755
161 526
205 401
601 562
111 878
255 816
1137 709
54 1170
482 287
86 1062
750 531
772 654
813 31
335 1019
749 815
714 674
685 114
335 684
601 468
1092 877
1177 329
750 963
877 727
95 1054
447 158
840 966
482 312
447 492
1142 1196
772 163
449 208
436 262
784 954
325 676
276 503
192 740
1083 152
340 172
449 785
807 1091
111 768
420 1133
631 499
417 1074
448 717
751 430
543 1056
894 628
394 682
1157 103
605 253
1175 622
1137 47
868 1065
311 675
858 770
79 63
220 1180
1137 170
610 437
325 952
602 738
1070 660
1142 880
1093 508
1101 800
1114 628
1153 1110
448 931
151 744
216 857
807 712
772 86
673 724
125 712
870 988
813 56
673 597
141 68
341 589
79 433
72 943
610 384
17 462
609 1050
802 1058
235 867
192 448
1008 1047
646 640
1200 1157
786 121
631 2
1070 245
577 787
1157 313
751 243
1200 1134
111 18
110 1021
786 664
118 1138
111 1068
750 1187
1014 261
577 607
276 267
938 491
1111 463
341 985
449 1057
878 453
311 908
30 634
672 803
341 898
577 1139
180 402
719 897
394 1028
541 164
878 858
577 467
816 131
610 1146
235 635
555 1133
79 1095
236 80
555 438
614 595
417 1073
677 615
72 939
714 226
4 98
939 427
939 866
677 366
30 622
807 607
1070 970
1101 1186
719 448
1085 187
765 883
30 183
553 1046
216 5
706 840
461 718
1100 957
807 904
614 301
162 841
765 175
357 92
1153 115
609 809
255 230
772 8
894 412
341 1142
298 1113
1153 382
110 700
951 703
1177 937
1014 309
816 8
840 141
291 1120
932 530
756 683
1177 168
834 500
833 942
1150 950
220 1027
870 173
932 558
770 929
180 69
541 576
436 682
454 1182
1177 1073
588 527
553 475
244 709
541 994
816 728
461 1074
1157 326
555 1040
833 90
609 450
394 744
224 1072
1118 829
951 73
938 1004
1118 53
235 952
340 231
1058 547
1053 867
389 892
311 206
646 668
1101 981
389 1192
191 907
202 647
582 51
306 1158
357 721
307 411
658 617
721 169
1053 259
589 1099
307 270
677 1073
719 1180
23 1189
306 462
878 664
389 80
420 647
932 1136
258 491
541 738
151 523
267 735
258 904
786 1200
80 466
714 1143
673 991
205 1168
890 934
161 369
605 20
582 873
215 260
420 202
577 254
750 494
1008 863
601 868
141 612
306 75
749 40
770 931
461 328
30 730
311 378
609 253
224 1151
1058 802
59 708
1101 1164
1093 344
1170 244
858 924
59 297
23 1187
819 943
394 738
819 721
80 707
1198 35
1101 369
111 100
95 630
631 438
340 190
819 1044
340 57
1053 486
877 108
449 1093
1111 76
555 927
192 347
244 139
86 567
673 789
1153 300
1042 1145
588 654
834 234
436 947
1053 585
951 599
1150 229
307 361
685 216
23 795
802 233
224 992
602 858
217 1092
244 120
191 259
1008 130
216 743
255 793
59 1142
816 640
1101 584
965 695
819 1172
267 861
63 427
236 679
325 776
1114 38
772 599
59 82
765 738
541 1074
461 286
206 785
205 1198
605 136
448 588
582 1185
1070 112
291 440
609 924
878 828
59 372
1177 886
54 162
714 623
840 273
332 25
215 898
291 552
719 799
749 198
938 277
79 942
394 863
78 609
325 592
461 620
894 473
307 309
143 892
448 549
1093 985
255 1170
23 1067
1092 98
1153 681
877 78
30 864
357 668
670 164
802 245
553 159
1070 2
306 403
420 760
646 1122
298 789
162 253
205 76
233 965
658 49
306 183
258 200
1153 675
605 16
1111 219
217 1004
908 559
297 1145
110 651
454 503
749 122
1042 310
686 231
78 662
1101 952
143 56
27 756
770 805
205 1070
706 28
706 516
588 1108
589 989
235 1070
394 901
858 747
290 679
807 763
677 94
389 819
80 951
908 137
784 910
447 305
939 363
1177 473
709 1184
605 1115
233 812
819 338
932 397
255 360
30 935
1070 1027
890 939
1014 739
63 45
756 677
1083 188
306 993
244 689
601 928
180 416
111 561
341 1003
298 616
582 943
834 745
306 1180
1137 650
23 854
1196 1165
236 338
141 316
605 979
224 447
1008 256
858 911
819 1104
1083 1179
291 64
258 818
772 251
80 322
772 343
340 603
685 97
588 1005
813 327
449 178
751 1104
155 461
95 480
1083 741
111 503
819 160
858 410
192 118
389 114
276 572
258 1195
63 1061
588 1080
756 468
30 105
541 109
806 570
1111 29
436 131
254 583
202 54
335 110
454 843
721 576
685 351
307 340
543 82
807 68
394 879
833 299
609 712
340 142
80 901
1101 82
1008 1039
813 561
592 186
588 842
750 77
389 167
858 54
1198 423
306 835
143 1018
610 564
482 638
833 1184
890 98
673 74
235 1061
541 1092
965 1067
298 563
244 159
1150 601
541 920
332 192
602 468
298 814
1198 882
631 135
233 966
870 899
340 933
890 494
291 848
672 1140
447 1091
291 1179
834 829
394 796
298 1096
1170 10
141 870
1142 1105
802 673
765 373
454 209
763 531
1142 102
155 1004
833 797
340 188
1101 763
340 317
749 170
877 45
297 246
786 2
72 544
601 581
858 754
1196 23
589 911
86 59
163 72
582 614
394 116
417 177
965 602
721 582
1177 1101
807 1015
908 940
448 443
553 412
756 1140
858 925
807 346
833 245
813 499
54 1013
236 861
786 658
1100 461
78 39
1175 1044
23 1134
555 937
340 762
932 420
1100 1190
357 164
1070 335
192 941
772 1138
835 358
756 282
254 630
17 506
1177 334
1196 169
870 939
589 181
833 500
482 390
686 346
325 624
672 138
1085 507
151 443
191 726
588 98
1198 785
23 1166
86 523
1137 688
541 304
155 1138
216 916
965 397
750 1018
978 513
1037 1036
588 13
254 76
110 196
80 783
868 227
72 171
840 818
932 377
357 1033
932 139
677 445
111 131
772 574
1053 1057
908 186
1100 41
191 788
298 475
588 426
1093 1076
670 1167
436 161
709 1145
1093 30
78 721
54 251
341 230
449 1106
786 520
420 385
162 1099
54 1112
86 503
23 0
161 335
59 841
870 823
939 194
543 924
670 1158
436 65
1114 1080
125 1042
420 1092
677 611
163 816
82 227
276 804
592 437
978 893
255 875
143 840
965 914
602 168
389 624
335 330
541 1107
202 668
582 30
482 438
23 787
306 31
1200 399
878 715
1014 401
30 870
95 1196
721 598
685 23
601 802
63 816
589 649
965 624
180 960
224 974
577 507
420 373
819 1054
111 379
161 865
819 461
291 418
890 280
389 286
978 1173
192 807
765 255
1177 1082
1085 1088
932 204
677 1100
220 828
1037 309
80 771
482 430
205 611
63 730
95 1025
709 480
151 714
23 1018
541 1189
297 723
235 1066
908 331
255 1050
30 469
870 104
258 766
23 867
72 446
816 509
1114 199
306 542
765 25
555 769
192 466
1083 428
833 968
63 400
276 562
161 239
802 950
332 410
1037 566
658 583
1170 617
155 607
555 713
588 589
588 14
1093 827
335 658
118 345
840 900
23 276
306 51
939 666
389 494
1177 648
162 877
111 67
813 877
341 957
78 1006
224 654
609 762
205 569
125 751
588 730
86 991
939 451
840 219
1142 1171
765 77
82 1042
763 222
543 572
772 626
756 459
819 1062
23 850
1100 452
389 483
577 575
80 637
335 47
163 863
143 1067
749 1112
672 1051
254 412
1157 800
813 1004
1111 1152
258 22
394 845
1153 531
340 595
224 90
1100 199
27 955
786 879
79 1073
978 674
965 578
110 755
588 1065
254 608
1200 131
978 243
870 535
658 374
276 116
59 999
332 657
1142 444
658 1056
840 534
155 866
258 1109
1101 240
631 392
447 1167
1114 346
1118 629
1092 321
30 885
80 769
72 901
161 100
141 1048
290 539
894 150
267 746
17 1064
670 494
1137 1182
588 2
297 871
335 529
95 540
819 737
670 728
807 447
939 326
631 110
1137 53
23 174
858 463
601 115
541 636
1053 1054
756 521
30 647
162 645
765 145
658 590
589 97
54 346
192 334
118 362
868 704
858 139
1100 594
646 318
601 109
1111 1096
555 881
601 1114
763 482
110 106
589 951
86 808
17 316
807 1180
870 357
417 92
192 885
27 186
180 863
1177 999
1093 1157
332 347
72 1010
614 8
54 61
215 96
244 833
224 1116
236 219
938 960
938 674
454 656
763 595
932 981
276 357
341 235
577 613
605 948
770 739
751 968
110 557
217 1174
1142 842
686 280
80 922
224 159
602 922
1058 449
868 872
1085 1034
1101 993
1037 663
749 1168
1014 625
543 472
858 8
658 1192
908 66
1037 946
1114 7
721 824
233 1047
216 1129
646 81
143 695
454 700
709 1104
614 146
1092 643
110 722
868 903
63 466
784 592
205 909
1085 142
719 390
1150 41
890 868
1196 18
267 1060
216 390
577 1011
417 728
750 64
686 799
30 229
202 300
151 277
610 303
27 248
834 862
291 1054
254 372
1157 747
79 610
588 669
1175 427
389 164
1053 1033
1085 704
30 930
908 1135
833 659
582 630
447 922
765 496
255 785
180 906
95 512
658 14
1153 481
1093 389
1070 395
1058 440
118 479
224 975
819 546
806 1196
816 1010
448 921
807 427
1042 658
1014 1196
30 619
202 231
610 672
1100 188
1142 1006
1093 461
802 347
59 40
290 380
79 736
890 24
1196 394
162 821
870 1123
254 391
1198 1050
325 750
1175 807
555 836
151 310
770 150
1118 495
306 744
436 749
95 560
646 429
614 473
763 660
1101 537
588 1055
833 1015
1092 701
835 883
205 434
541 908
670 308
719 77
95 335
420 1041
763 678
951 15
325 918
111 966
63 528
1008 739
932 824
1042 215
834 1095
1101 516
125 923
236 903
951 379
420 478
1093 1115
298 1195
482 1115
643 447
592 422
878 896
216 465
643 313
79 688
224 843
255 223
719 839
307 815
454 1030
78 829
786 628
1111 801
290 1072
858 52
59 895
858 423
677 376
614 1120
1083 832
1037 1090
610 224
610 462
1037 887
155 969
806 375
951 514
772 561
673 108
161 425
23 177
1198 237
932 641
878 475
298 1131
335 81
332 258
23 1
670 1164
297 146
631 574
601 1131
82 860
224 841
206 515
118 792
951 764
631 75
389 236
311 546
1142 48
541 960
978 1036
1085 583
307 803
332 1137
110 219
162 1018
255 14
840 925
95 735
1200 1065
297 903
878 1134
706 158
756 790
1083 927
672 700
95 376
125 807
389 365
1037 1183
631 25
763 1100
80 1107
588 254
155 81
965 951
806 1075
1200 160
1177 858
813 646
436 173
1008 860
143 86
325 489
1008 879
592 1111
685 483
610 675
420 650
162 87
206 334
254 49
436 564
1111 576
670 610
394 1039
298 935
763 1097
454 107
1058 144
553 10
908 390
297 1092
786 40
1118 727
670 1090
192 85
938 215
553 499
555 322
877 926
17 442
1101 261
1198 545
763 880
772 477
30 879
806 1056
235 995
750 855
276 114
1092 407
807 675
1085 454
235 300
714 790
1157 459
589 231
276 1005
939 872
1014 85
686 839
420 801
1092 106
833 1016
646 62
1153 527
335 970
217 179
311 691
610 318
80 340
709 1143
1092 1003
890 320
706 1155
589 645
1170 231
54 213
1037 899
4 677
719 430
1157 370
449 129
868 214
1177 816
454 772
589 1083
125 440
161 581
858 975
27 150
749 908
1092 133
1177 611
605 1143
291 821
141 588
1083 1193
162 107
592 809
908 397
461 911
646 1157
894 114
543 658
1111 667
908 90
868 1176
357 706
1177 489
1142 914
95 524
233 797
784 737
420 694
858 1187
482 356
17 301
1118 1070
677 399
756 794
813 392
125 992
1153 596
806 1097
763 418
1085 319
646 843
835 5
978 938
673 864
258 73
224 924
1118 473
216 609
220 370
908 311
80 420
151 226
254 855
835 301
254 945
749 373
714 879
631 385
307 703
1196 764
389 396
833 385
215 293
1157 260
858 1030
82 741
461 768
765 1032
311 1069
217 114
420 619
125 1148
454 437
1177 735
555 1085
224 1038
118 722
267 111
686 92
709 1102
1101 260
224 869
1175 1151
1092 1183
1053 530
155 967
589 472
217 1072
763 578
276 212
291 103
765 980
298 881
978 659
417 376
482 980
233 577
938 23
784 150
155 416
1150 1125
1014 118
614 435
420 595
389 673
206 1056
335 193
835 982
224 539
672 17
454 210
670 402
686 1179
614 314
389 133
1083 585
306 729
1114 1008
216 1091
890 87
894 954
118 771
553 1184
870 968
673 1148
95 709
235 886
290 445
436 1118
30 296
59 959
1142 199
217 1173
816 765
610 91
770 680
1170 650
589 961
1083 56
143 647
23 623
588 798
482 641
951 702
1111 1167
605 1107
335 948
894 1065
816 1201
461 434
236 1184
784 644
582 45
714 852
258 340
858 739
614 143
765 566
454 873
311 976
631 702
394 1044
749 984
461 821
205 288
721 115
357 475
840 251
890 1160
482 540
27 523
605 547
205 1121
206 94
772 403
965 744
341 1023
772 721
255 191
59 549
978 31
233 256
609 359
932 816
685 1109
1137 615
216 302
582 600
765 758
236 323
291 843
110 74
1100 325
267 276
80 960
721 802
965 369
95 833
236 486
890 562
1153 514
978 240
868 373
30 687
577 580
215 843
1083 894
244 435
307 669
151 480
870 126
877 514
206 1057
686 203
589 112
833 661
340 228
1093 599
255 61
80 1194
784 547
236 271
325 1075
217 966
151 274
890 1007
609 622
658 62
833 367
215 1165
786 427
807 148
291 762
220 1097
685 388
325 1040
4 566
605 441
1198 844
939 1064
202 784
541 868
1200 573
770 324
151 441
765 690
95 1158
30 666
63 580
235 177
1053 381
965 801
672 94
17 867
605 904
802 1077
1175 51
30 253
258 71
1070 482
605 753
191 154
4 580
614 91
17 148
1153 1123
340 490
341 955
1118 244
86 732
646 759
1053 366
833 553
30 516
151 322
27 296
1118 467
978 962
719 347
890 584
306 971
685 840
677 90
1053 196
1177 1005
1137 640
858 352
1175 760
143 300
72 329
709 715
1053 1020
291 198
1100 572
291 402
834 730
1037 440
63 756
80 647
1200 977
311 745
719 1055
224 861
1101 209
23 766
290 980
255 559
878 583
1042 161
59 320
868 720
141 1150
325 917
205 151
258 1103
786 190
1198 937
163 1143
646 914
750 276
1092 1020
235 1114
290 274
340 922
80 1183
602 272
765 229
602 1152
870 998
306 899
1111 644
1111 683
1177 777
82 584
332 641
163 1195
436 32
1101 938
951 1133
965 338
833 466
267 1024
1177 1080
816 64
224 648
389 104
1198 374
890 291
290 132
588 1139
670 414
749 93
614 938
858 926
686 878
1142 268
670 817
4 675
833 607
706 1091
772 29
420 306
646 1089
1093 706
1101 716
770 907
341 485
840 816
206 561
932 561
1175 894
685 1123
23 913
878 532
819 340
72 234
82 524
1118 636
878 788
357 1199
311 1180
721 999
449 761
631 717
341 623
72 367
291 180
614 403
786 36
1053 1003
592 424
335 6
750 850
163 493
806 209
1058 838
1142 425
162 328
1058 629
770 520
236 777
751 1057
1157 763
267 1002
816 877
1100 954
1196 195
1153 551
765 295
890 341
86 392
772 96
325 294
714 219
216 1107
1177 678
833 910
786 430
341 641
614 1130
673 981
4 80
205 750
255 287
840 529
215 247
118 596
609 203
202 516
1070 238
202 110
86 778
143 188
449 263
206 77
868 846
161 163
235 652
151 873
763 1095
631 986
709 967
27 499
1175 102
1083 574
813 1016
868 1129
86 459
714 411
461 670
215 1138
449 171
436 823
978 740
1200 226
340 519
30 303
306 1156
772 17
721 467
807 513
454 717
978 521
806 759
180 3
1092 63
1070 263
307 670
202 128
205 803
592 511
155 387
417 640
394 506
802 232
765 289
86 647
858 792
254 297
191 323
709 928
765 903
610 1123
1111 506
833 591
938 969
978 670
267 241
162 175
161 738
555 1057
30 572
306 1131
1053 614
1170 538
1153 288
772 568
436 593
1014 295
1114 920
449 631
267 815
454 757
602 148
592 215
721 1126
890 126
255 678
807 710
589 753
111 404
1196 936
224 597
202 766
553 795
870 600
878 807
244 365
1093 1077
1053 565
813 352
258 936
1175 692
1177 609
1200 1120
840 737
298 692
646 1002
582 993
894 565
750 826
614 245
631 346
577 499
180 1065
868 74
786 295
110 584
482 1031
325 1127
161 509
877 330
1085 738
82 883
436 345
751 611
834 1065
78 768
978 675
254 135
202 554
30 509
749 762
834 579
276 75
932 712
59 695
95 406
543 196
1092 983
1037 574
482 586
786 1110
436 751
235 1165
448 1176
335 224
1053 664
143 641
276 730
614 697
86 590
670 864
932 1171
1042 964
162 191
341 1024
813 611
1200 465
870 545
217 1139
658 822
233 657
340 1016
1100 720
436 705
756 162
582 628
802 1093
420 188
840 306
1170 513
389 296
1118 767
770 400
868 649
763 758
325 1048
555 1050
602 1111
461 1060
1042 1118
813 1063
541 522
297 1002
750 131
206 656
1196 193
163 1063
806 696
1177 749
784 1166
706 1018
553 1202
589 517
1101 1117
191 949
870 184
291 611
1142 467
1137 1096
582 258
908 336
877 334
216 77
267 1015
118 11
63 1160
589 1143
357 183
938 162
965 577
631 437
673 1101
806 1169
770 666
163 218
235 626
244 1089
543 725
79 819
258 372
1014 544
939 1082
870 598
816 272
672 961
54 252
297 705
1101 742
224 1139
307 449
643 242
332 22
233 394
784 578
840 771
878 1024
417 829
1008 821
217 250
721 62
858 782
276 853
610 380
1198 409
610 103
111 79
82 703
840 1150
1008 1037
306 174
553 995
938 1169
555 303
840 697
118 1093
1101 429
267 499
23 800
118 968
23 144
1157 465
335 1122
1118 128
631 607
1014 865
95 764
714 877
298 28
1175 531
685 251
878 1047
290 939
721 138
646 554
1157 16
938 902
835 640
541 1021
721 688
890 866
614 205
714 8
658 119
306 270
833 899
78 1165
786 1047
236 428
389 41
601 116
1118 662
125 1173
840 183
141 389
772 636
420 285
592 1034
420 351
834 117
420 362
939 815
1170 1038
110 505
244 278
706 854
340 988
1111 572
1042 220
1111 363
610 1096
254 981
215 642
217 238
541 844
216 239
631 801
677 240
719 893
714 205
878 819
819 41
4 705
877 1118
1093 757
436 791
1150 350
1093 1024
449 406
1175 833
643 1157
54 600
461 597
180 950
1014 653
870 720
205 1081
706 639
1118 484
454 715
233 524
1114 827
1114 376
449 699
858 651
932 399
609 1128
80 1193
202 153
1150 140
939 131
677 745
291 313
23 933
802 8
235 818
890 26
1070 30
870 263
1200 1041
215 1096
436 721
750 406
1114 652
86 901
151 1138
582 544
614 377
1175 605
643 22
1198 647
1037 198
110 89
721 1183
4 1030
23 1068
601 502
276 900
868 464
890 896
670 479
307 704
449 602
80 699
162 945
420 40
553 237
79 721
1137 766
709 499
255 125
1200 639
151 668
543 1180
802 814
631 225
1114 785
215 150
482 564
939 420
965 541
54 1081
180 717
772 703
23 134
340 635
141 679
389 1059
202 712
802 120
110 329
255 911
1198 18
932 349
341 781
756 915
1175 568
111 252
553 655
341 54
1042 178
932 611
807 325
258 1074
1053 21
807 907
870 290
592 1060
1111 1142
110 970
806 836
834 47
553 398
714 501
555 680
840 205
482 958
1137 1163
1153 1071
215 587
1070 1005
162 1040
27 917
765 55
858 62
749 951
1153 897
1150 210
978 347
763 392
254 416
340 38
588 46
291 348
833 119
420 172
306 393
267 820
1058 156
1137 390
30 1039
602 1048
1053 571
244 1134
714 213
1137 937
709 251
306 928
291 957
749 913
890 342
111 523
686 420
215 538
784 1049
72 66
191 692
877 970
332 820
1118 659
482 1177
341 829
163 167
202 260
191 341
605 213
341 39
191 799
1101 1163
672 746
750 797
951 993
454 109
658 407
191 893
1137 1
447 204
1070 22
835 131
685 440
543 0
1058 373
1008 384
834 189
870 888
163 483
447 362
192 294
298 673
1114 148
816 217
1058 1177
1153 851
932 565
709 899
448 181
834 669
335 606
1100 894
582 838
162 876
233 104
258 854
1083 538
877 937
834 307
1157 397
592 13
306 712
1170 202
163 363
1101 237
59 1094
1053 52
217 450
672 136
80 916
307 876
553 196
870 860
236 191
870 518
420 524
602 1156
1100 1067
80 780
553 997
1058 1037
1198 54
389 695
118 666
750 422
79 853
614 72
592 78
1101 128
772 413
1053 593
784 622
643 709
877 916
79 128
614 249
220 59
1037 525
719 437
191 187
1014 65
290 872
835 481
95 879
180 320
86 168
894 120
646 455
543 1102
658 362
235 847
311 88
4 497
143 1096
890 852
806 505
78 109
306 184
582 707
631 1032
878 747
448 348
1070 461
939 490
813 1172
589 1003
341 967
555 1107
72 91
894 118
770 535
833 9
357 852
461 1105
938 951
125 389
161 684
878 212
311 437
449 266
206 292
835 282
816 89
877 457
307 343
454 519
938 1168
589 605
802 0
770 97
254 244
858 907
311 1178
807 1162
672 164
610 510
1008 1112
1200 704
125 1092
588 121
311 1007
1085 71
205 299
1083 818
670 34
357 39
1053 1000
858 867
17 1077
276 534
1083 963
86 1003
224 656
235 1180
840 910
267 342
162 693
394 694
686 967
1200 437
192 604
155 33
1177 739
765 307
1198 814
763 80
750 49
589 56
719 174
244 336
610 49
1037 1197
813 924
482 1125
216 166
750 578
341 1017
1114 581
1037 561
236 429
890 266
267 1121
833 388
602 94
677 923
714 1107
63 1132
79 642
1177 613
816 788
1118 1179
870 981
541 563
357 1096
63 505
155 321
553 238
1177 215
306 33
191 281
763 339
340 49
1111 322
95 90
658 767
555 631
870 881
1083 355
162 512
1196 60
27 1142
672 528
291 1009
670 177
806 92
143 585
233 127
202 321
54 948
110 604
95 374
835 519
951 330
816 1098
751 301
631 270
23 724
813 790
813 741
672 459
614 622
335 951
951 701
1014 158
721 825
939 786
220 2
54 619
1200 987
1085 241
806 21
1175 469
54 339
220 636
709 96
1042 1185
1111 1146
86 45
1111 231
332 709
770 977
714 507
341 1193
23 1014
890 743
111 847
298 944
672 114
673 547
82 1161
298 1099
541 1007
236 12
125 376
17 601
543 944
1175 1187
276 95
86 623
709 1191
125 796
217 672
220 514
449 338
4 900
335 173
325 412
1100 1036
290 429
577 321
125 275
30 172
601 252
601 319
307 1117
577 1183
1085 70
577 631
877 1149
1196 497
311 459
59 193
685 1190
1085 5
1037 1077
685 24
763 568
646 116
908 157
482 625
1093 714
258 328
151 946
951 465
86 381
1177 530
1058 760
1093 38
1198 282
1196 1129
233 253
1170 1061
686 927
631 235
1058 66
59 837
806 37
1200 352
802 576
1111 360
205 767
932 92
858 1032
163 7
449 1124
420 657
267 607
17 1056
143 710
951 393
555 1194
951 325
1093 837
417 30
709 278
255 862
420 605
461 886
592 615
291 961
714 1176
978 519
1150 252
802 864
235 630
614 609
806 1005
541 446
553 770
297 321
192 792
162 652
244 297
1083 401
220 852
448 8
672 956
151 476
236 177
233 706
162 1012
335 1064
750 485
82 482
1198 1034
59 230
255 1083
78 76
54 822
819 167
588 11
267 300
141 738
601 366
749 650
1093 1075
1100 137
1008 115
1053 74
706 112
1083 112
125 500
258 1060
938 673
394 127
939 1067
417 595
835 15
1058 941
1070 410
658 1173
1100 789
341 608
1092 863
1092 752
448 191
1198 963
235 349
1092 50
938 253
290 665
63 1148
1177 6
72 337
1042 1047
1092 759
233 334
454 1113
749 369
553 257
1157 927
1014 745
162 340
448 1087
436 883
1014 366
224 693
813 680
643 584
325 907
714 339
577 628
163 1178
589 557
938 245
1037 1181
163 472
290 896
307 825
819 211
192 358
670 564
965 543
610 591
1101 655
840 1167
786 895
819 35
1196 1001
291 500
306 1061
224 233
813 1007
1196 494
233 205
1137 1048
840 1149
763 895
614 295
1037 570
609 382
908 610
643 1199
772 32
1150 978
307 635
1085 457
614 958
215 1160
877 372
1200 1022
1114 171
750 507
938 375
86 770
784 861
1042 494
1118 712
54 1010
389 582
672 988
577 1067
602 484
63 407
806 943
1058 684
1058 697
673 58
719 1169
151 763
714 751
751 1041
1101 453
709 113
141 169
763 372
1070 320
394 610
588 557
217 1014
751 190
78 476
95 137
110 483
589 789
894 268
78 875
417 335
609 567
82 776
224 272
756 1180
1175 219
878 760
772 1167
236 650
255 135
235 890
420 617
118 383
749 286
1196 388
63 398
978 558
161 533
939 879
894 531
631 738
233 642
709 661
141 823
894 367
206 623
1092 1021
1058 223
1198 1083
870 237
714 527
784 1012
267 718
1093 513
840 831
686 988
1175 852
306 554
1118 396
143 1197
332 12
592 1061
802 960
78 163
890 284
224 1088
125 491
118 483
162 598
858 1071
605 3
1157 227
79 986
1085 242
258 881
291 191
244 760
1042 913
389 188
1037 9
601 705
939 442
807 1010
840 555
389 726
1114 377
673 322
180 54
206 341
1070 496
553 984
191 1190
609 1062
1070 237
807 1074
23 519
276 519
673 996
307 1061
306 1043
610 1137
658 375
670 787
1137 739
180 791
714 592
290 468
543 878
59 443
751 425
631 532
1037 1046
806 245
1111 772
555 562
908 634
118 972
17 725
614 419
23 470
978 1074
290 892
217 285
111 694
658 620
215 490
220 729
267 625
267 515
235 613
202 31
894 420
389 585
908 565
1198 1127
577 28
553 486
291 983
670 766
1157 798
877 1131
205 222
890 1154
589 59
27 768
719 320
297 654
325 402
151 481
143 1190
1008 1004
202 876
1042 717
858 740
23 629
224 12
765 958
643 223
686 855
1085 934
658 1118
161 794
118 613
1037 627
335 362
244 880
670 505
482 520
236 626
143 480
78 94
420 1185
1170 870
631 22
332 882
894 1147
932 1041
235 153
244 230
555 805
631 707
95 126
1137 861
80 779
706 1015
605 327
389 309
658 452
834 3
784 499
673 909
291 265
111 183
646 446
602 861
72 1163
840 247
677 449
254 1178
1042 538
235 486
673 347
833 464
670 1043
1008 56
802 452
258 1124
217 813
1177 265
155 467
449 488
890 533
589 957
82 638
27 556
589 192
1037 1028
23 244
95 343
840 372
582 880
389 710
772 927
951 158
255 413
646 109
340 755
79 1179
802 460
686 776
111 986
206 126
1092 1105
141 861
17 292
192 627
447 99
141 544
1175 646
1101 446
932 1020
610 917
951 270
82 219
267 1042
1157 214
868 139
394 491
72 977
79 675
750 425
436 861
1053 501
658 267
202 218
110 1163
706 925
82 83
763 698
833 692
357 1083
291 949
311 107
325 617
276 36
631 786
894 225
614 1190
244 883
673 571
161 430
357 814
1200 504
447 341
258 168
357 1024
162 903
555 1018
335 262
1142 305
541 741
951 946
298 174
686 1146
340 276
1198 517
816 355
306 198
224 229
125 181
1042 1183
307 1033
541 1159
1200 20
673 744
1137 319
1153 705
932 691
555 995
1198 535
420 1180
890 1021
592 1042
482 20
1014 758
4 219
54 79
78 151
482 411
290 718
1053 781
939 709
340 7
163 437
834 319
877 751
1198 393
1153 1050
1170 721
180 570
255 791
1118 973
878 450
658 1199
17 286
784 745
72 946
840 102
1042 805
813 613
82 557
447 696
677 1153
82 505
1175 360
938 244
806 915
235 171
610 976
1042 819
840 1076
592 1099
631 928
749 587
163 150
951 54
951 1151
932 33
878 654
255 164
878 787
555 24
938 420
78 629
1093 893
59 237
868 1150
161 18
4 360
143 782
1092 82
254 464
1142 1186
163 1117
784 211
749 746
151 1072
235 640
719 91
670 568
155 997
244 695
1137 695
835 476
233 295
311 613
1058 624
332 295
555 28
340 510
686 1076
1142 992
224 1100
938 381
180 647
951 1147
816 970
311 569
751 463
118 1196
394 999
1198 791
894 108
813 366
276 646
307 767
1153 751
461 101
802 916
125 187
447 493
1150 743
54 681
454 544
807 618
111 249
1196 647
589 315
602 730
614 833
605 510
784 477
965 236
543 278
162 1088
1070 931
1014 608
394 582
802 488
1014 621
1053 1137
770 246
155 867
673 1028
870 609
646 162
307 48
1150 461
807 352
290 65
749 611
840 389
1014 106
1196 1068
1196 1069
1053 1042
541 667
78 243
206 996
202 199
840 992
938 483
890 499
110 404
448 1036
205 1069
482 1077
335 465
394 819
555 205
1085 863
220 122
118 754
614 867
602 152
1150 263
813 101
714 242
840 729
1142 216
325 985
677 1075
436 787
610 883
335 915
436 201
1111 272
357 329
1037 448
770 509
1037 702
192 977
325 810
340 307
141 286
125 479
291 564
111 1063
17 399
1150 515
721 359
835 1008
1200 281
589 574
224 427
868 784
643 202
784 398
878 954
878 777
951 397
162 247
161 752
877 320
939 1057
868 176
125 597
1042 915
908 12
30 166
394 541
834 148
834 1073
601 1117
670 104
298 78
217 1116
614 880
784 452
1170 232
235 671
1200 719
819 403
592 388
125 74
834 368
54 982
819 294
894 177
1092 578
721 288
1153 46
255 1014
340 1085
394 962
589 168
673 661
750 4
1085 1133
267 288
1177 617
72 721
1114 655
155 171
786 496
868 787
63 637
267 406
706 494
454 894
721 166
63 764
1085 928
224 978
1177 85
835 630
78 615
602 876
1198 362
706 943
605 55
877 92
672 26
1093 643
1083 831
118 916
267 163
216 141
756 417
86 859
125 747
543 744
417 102
17 480
30 648
192 64
298 56
685 888
1200 289
341 282
1142 312
894 57
224 347
332 739
1157 275
589 238
205 641
23 1153
79 929
813 569
938 1182
206 551
143 156
939 785
1058 705
870 554
719 630
714 1134
417 719
420 117
447 1008
1070 558
646 276
357 159
786 529
17 496
756 1104
1177 654
870 584
306 267
141 990
191 673
17 337
833 984
643 118
1042 1141
672 570
389 222
82 87
1008 998
143 1049
890 357
1070 389
1111 627
1100 1042
1111 168
23 710
908 115
770 214
54 80
215 671
1037 1200
1042 380
610 694
834 846
436 1202
1101 55
389 542
614 311
589 561
80 1130
978 232
721 979
27 980
151 914
191 768
30 368
541 1144
236 396
816 79
216 544
141 234
151 1047
1175 152
553 607
394 251
1085 529
59 1065
1014 975
216 634
807 276
1142 94
706 664
332 865
307 701
86 466
1053 827
673 948
1014 942
541 992
555 520
325 265
59 600
588 62
553 822
461 782
670 619
4 1132
1170 757
235 1015
978 64
163 943
816 858
858 151
601 549
677 809
125 822
1037 410
235 197
151 536
306 614
543 887
784 631
1153 708
951 126
834 942
224 677
1111 445
605 49
23 232
840 1010
332 532
357 461
192 365
307 739
449 960
939 364
765 698
325 367
677 231
1008 116
601 189
870 1134
1137 749
1157 611
1092 169
1070 551
605 735
420 1159
482 377
1200 67
206 479
784 66
706 334
938 804
1014 310
1157 237
868 645
235 108
756 311
482 705
161 479
340 878
54 367
72 950
1170 435
541 1147
1101 383
894 686
163 505
749 367
267 986
1058 398
118 561
840 378
216 418
646 206
1177 669
141 73
205 788
1083 968
163 1048
1058 452
217 157
220 874
17 1118
151 185
870 1039
4 504
840 1065
834 1186
276 358
588 208
890 954
577 841
86 176
816 756
1092 663
30 424
908 180
543 1134
233 774
449 1152
833 780
1200 935
816 973
143 674
643 866
588 45
543 88
1008 32
802 959
751 866
951 269
205 32
553 649
784 1004
756 286
110 793
307 477
141 619
180 505
258 41
224 1080
1100 607
670 200
291 1023
1170 1019
1111 616
589 234
297 199
939 231
1085 1150
939 67
1153 1080
772 328
27 291
162 1041
1101 485
420 181
719 314
236 684
311 697
1118 413
541 463
1014 800
965 1090
394 1137
1142 291
1175 691
448 846
191 698
1101 901
806 712
894 1157
1014 83
721 478
202 919
192 847
1008 939
27 971
1137 416
816 540
163 39
125 841
592 911
163 263
719 13
601 974
807 657
589 439
878 162
784 400
719 888
291 488
802 783
672 860
643 294
206 55
1150 250
236 1051
72 1130
646 1121
191 994
86 236
141 802
161 86
217 141
1008 796
110 309
163 121
772 811
751 674
833 173
610 1188
806 1145
609 409
672 840
215 628
110 512
1175 539
30 58
291 984
673 938
1101 66
233 589
63 662
890 1001
1175 1196
819 1125
714 582
714 528
394 445
95 133
233 286
1083 985
978 504
721 376
592 338
389 232
290 1020
290 703
643 162
205 355
784 416
1083 532
806 565
224 774
951 528
1070 240
833 1085
541 820
86 724
1092 397
394 338
276 798
341 593
751 192
541 461
834 981
610 304
672 884
216 469
894 174
291 73
877 1147
646 644
1198 263
82 694
30 906
763 974
541 42
673 1186
290 1193
216 1122
1175 178
1170 356
4 225
1153 299
878 1022
802 124
357 38
254 483
1150 1048
605 401
709 1005
180 99
819 57
236 1047
307 728
813 1021
180 805
191 52
806 511
601 134
192 944
23 136
858 1162
298 9
59 271
1175 716
417 23
448 1124
1008 766
938 773
858 371
202 441
1070 1097
749 957
1177 772
646 730
714 796
1008 1195
1177 208
610 1169
78 632
670 762
1196 392
833 1004
932 747
205 305
258 214
1114 646
1093 578
311 204
254 316
1177 121
27 211
163 841
1042 32
72 895
233 100
877 612
118 1108
276 158
658 298
454 412
670 602
1085 465
267 901
1175 769
4 962
807 45
1042 432
685 106
357 786
1037 34
932 479
155 850
878 172
72 840
1014 1057
332 70
143 1172
141 133
978 1138
306 799
756 529
151 801
86 1159
389 234
461 2
290 543
765 184
1093 802
341 229
1053 874
341 994
1053 1040
685 652
78 368
602 700
80 394
291 429
686 110
609 13
80 197
454 6
86 1155
1101 1138
161 958
835 1018
244 1037
819 1013
1198 137
868 154
72 430
325 400
602 86
1142 478
224 782
763 99
233 909
86 616
770 87
235 273
1170 189
325 1181
86 1091
806 667
577 649
79 799
646 779
1200 63
17 132
205 799
482 217
686 1072
125 329
436 907
858 882
978 460
306 1159
938 1049
436 754
1142 712
1118 311
1198 794
298 553
1037 860
461 132
614 824
840 331
86 362
420 714
80 194
1200 676
784 565
938 482
609 395
714 672
244 892
161 24
721 1027
1196 929
217 421
816 339
335 702
163 924
601 73
592 18
816 536
1053 131
673 204
763 91
605 306
1153 703
1170 631
721 947
1092 237
1093 465
765 117
297 362
1200 469
582 678
125 513
1042 271
82 480
685 562
420 96
461 1170
1137 723
807 1068
141 673
306 987
1100 446
677 459
141 353
420 980
858 571
709 703
978 184
1100 1074
1085 641
233 83
27 1128
191 121
840 395
868 663
161 841
750 484
1042 639
1092 772
643 421
1053 413
95 192
932 1110
192 942
1070 930
819 379
605 953
631 518
589 540
784 1172
833 1098
258 15
813 115
1111 996
1070 423
276 797
673 683
205 724
125 272
332 469
1142 1001
978 443
307 1192
1157 1003
151 399
908 1077
658 665
965 711
78 374
161 62
840 365
610 780
290 156
111 907
816 1058
80 544
1175 979
646 1169
254 847
672 963
750 445
23 950
610 486
1198 30
297 806
27 478
719 587
448 736
1008 799
1053 97
205 347
1037 265
840 1052
1058 863
577 769
111 1086
1111 339
143 69
1157 702
1092 149
332 923
254 121
706 886
118 869
244 1202
1118 726
658 69
79 884
1093 249
602 57
63 798
54 38
1170 795
877 166
658 361
646 851
216 711
357 589
17 634
1198 442
589 47
577 86
1153 1093
311 880
236 1030
59 946
610 912
233 961
631 62
813 928
840 711
1058 1032
1196 267
1042 270
236 819
833 400
482 182
868 158
216 270
447 394
833 748
1175 294
677 1096
220 961
749 330
1198 400
908 6
80 641
840 38
1118 432
254 75
79 1170
1042 953
276 945
192 270
215 136
543 1188
436 440
772 62
267 45
1137 506
894 263
765 976
111 715
577 597
646 249
870 643
143 513
216 1003
454 1131
643 881
255 475
756 771
78 252
806 840
202 820
589 317
609 175
118 1104
357 480
180 1069
751 414
233 1021
63 1066
816 51
202 520
340 543
658 592
1111 678
1093 235
125 971
706 548
721 1140
23 732
1037 774
255 616
1150 1077
30 101
335 210
784 242
858 243
215 23
255 598
588 1142
840 160
609 239
1070 67
938 641
610 5
454 634
870 511
749 307
858 686
858 51
602 995
290 222
290 682
1198 239
420 256
95 308
298 1104
155 465
605 1177
394 949
448 880
206 907
951 771
749 952
341 569
27 360
543 185
677 839
1142 423
646 120
685 848
267 451
749 486
965 403
610 1061
840 233
555 15
938 444
161 725
1070 754
670 33
217 721
1157 377
220 996
236 83
749 458
721 293
677 20
858 939
1153 683
658 700
1114 252
202 1030
63 545
206 234
806 383
601 1128
220 939
79 18
834 173
813 629
835 464
118 1026
819 826
1177 87
447 35
111 47
1170 1128
834 207
267 600
765 305
1037 74
110 68
709 250
1093 597
461 573
1170 237
932 717
858 604
555 615
448 629
59 386
1200 975
1150 1179
658 258
1157 612
672 44
341 540
143 1196
1070 1074
784 637
870 207
951 28
714 652
290 382
163 747
206 197
786 929
1085 274
643 688
714 243
311 54
482 926
255 763
609 837
588 278
770 952
672 364
417 466
1014 356
255 528
750 860
1092 372
541 927
244 356
325 897
770 31
706 899
951 833
118 551
1142 217
151 844
592 59
151 916
686 560
254 1075
267 670
938 177
1093 231
819 7
1170 414
541 1173
750 580
1014 183
216 787
763 205
802 226
394 1180
482 1076
577 766
1100 662
672 604
235 165
290 657
553 265
141 938
756 977
82 456
868 279
938 959
1198 244
95 683
1153 434
868 1014
180 1169
125 656
447 1169
78 797
868 702
1053 602
677 308
118 275
553 668
4 224
155 813
59 402
868 497
750 270
4 159
588 639
939 878
1157 280
206 282
461 375
685 1174
834 891
932 1188
602 344
420 497
1037 984
965 1173
4 858
291 785
868 408
643 195
151 1103
870 1030
436 748
417 238
244 690
17 734
672 999
756 477
1092 1115
543 148
82 172
1070 111
155 1180
592 1001
877 326
215 31
643 454
27 133
311 301
72 280
59 950
59 660
582 596
673 497
706 742
1085 670
254 770
163 631
610 509
658 440
202 688
878 1053
877 579
335 727
965 832
932 169
151 986
1157 867
1170 923
54 818
306 420
54 356
1083 887
1175 174
449 278
553 231
840 242
235 397
834 10
80 61
802 237
143 1069
1157 731
840 546
254 1124
706 343
1111 398
610 366
543 710
965 365
163 381
180 197
236 329
291 867
784 369
82 1103
155 1127
765 670
72 436
673 1133
1083 422
220 214
868 376
297 717
932 523
592 210
709 607
1085 542
833 136
436 452
555 49
79 485
951 1197
27 987
291 420
609 934
335 273
749 411
765 149
555 168
23 473
577 488
770 1176
685 131
833 911
80 38
614 342
577 617
807 1028
82 58
553 234
110 515
890 915
646 1192
482 1089
1137 332
220 1088
786 1043
233 469
819 1
601 294
858 1113
951 716
80 705
765 805
1157 171
582 1181
235 725
978 800
610 407
631 24
1118 93
202 660
244 17
786 235
205 346
870 241
1042 1159
290 1191
894 870
877 95
938 226
125 612
151 1169
951 1035
95 1040
220 1037
577 452
86 401
1198 649
236 960
325 219
1093 902
721 529
614 980
858 83
833 266
290 987
233 15
890 19
202 148
1053 1014
436 143
807 820
631 659
72 761
802 700
1008 708
908 976
1196 165
772 84
763 639
673 941
461 272
807 1167
749 306
870 924
806 402
592 928
59 91
417 445
205 716
1153 1196
541 554
340 258
1070 283
784 326
4 692
894 952
1058 546
82 1197
461 722
23 313
932 878
709 514
770 171
1101 1064
449 1136
1170 1003
646 1080
1014 1058
609 897
244 963
555 21
577 952
447 212
605 336
202 1032
325 134
325 6
202 398
27 838
1137 1128
765 844
784 329
858 438
592 415
543 357
290 562
894 780
1042 822
770 338
192 900
78 124
932 630
784 576
23 7
192 281
206 813
589 548
436 1039
763 513
673 136
602 72
672 323
686 577
335 356
589 522
765 597
870 7
206 191
80 396
220 989
706 567
244 311
1157 577
332 182
389 746
298 959
610 848
951 610
163 962
447 903
482 800
685 482
297 889
1008 54
30 1103
436 470
59 265
449 897
750 76
965 46
276 309
80 142
95 283
191 840
772 1148
448 600
95 250
938 390
719 119
79 53
965 784
806 394
1042 1173
357 879
631 400
609 814
938 113
1142 1161
819 388
151 856
751 898
95 506
220 758
1014 532
765 1061
750 148
394 507
1200 1192
772 1043
592 997
1170 1192
719 444
17 938
577 1079
17 916
816 1199
1037 164
1093 919
267 1173
454 549
932 696
932 22
870 1095
216 549
1092 73
244 836
1170 109
614 1180
95 808
816 553
448 84
709 627
4 1134
673 592
1008 197
1101 905
82 574
82 578
4 665
763 690
807 1128
143 183
1137 1144
1114 1160
163 922
677 388
868 685
1200 635
141 270
721 897
1177 1150
482 1169
592 530
1196 559
709 168
206 56
82 713
806 19
335 1060
482 78
1198 316
610 624
233 333
685 551
224 332
389 247
749 812
335 438
1177 668
30 317
601 1165
151 724
307 673
631 989
1070 539
307 289
1100 75
224 1182
813 827
95 65
482 737
17 334
161 806
332 964
672 967
1058 713
890 120
786 730
643 244
553 675
1196 320
258 592
267 86
436 1072
1196 885
192 667
454 104
205 1079
951 446
1100 654
4 214
217 730
205 985
27 536
244 521
254 762
291 399
784 103
721 981
686 843
978 14
254 453
17 805
235 934
206 1089
335 370
877 1062
686 998
908 484
298 1166
807 307
110 312
297 207
306 229
1114 629
341 945
95 784
1008 892
54 954
751 169
770 319
1093 571
749 142
276 418
394 111
819 892
756 312
80 183
82 903
658 607
765 871
721 1164
835 995
125 1060
770 978
155 530
258 610
417 1187
643 519
719 971
340 210
834 808
233 865
86 9
1198 585
610 1134
840 616
601 1196
143 859
1175 22
765 1110
1037 832
192 976
447 122
686 491
1058 39
721 266
1137 569
835 702
894 1185
1093 60
908 1014
255 122
95 228
672 1138
1092 876
1101 917
192 586
658 976
685 1203
449 624
719 424
908 919
267 641
868 1064
125 18
482 13
95 1113
80 216
54 692
4 268
461 867
784 781
1170 577
255 107
1101 25
894 354
1008 1086
82 1115
143 287
670 422
63 501
244 1200
631 10
276 361
840 760
306 149
1111 749
756 113
235 1149
1070 1039
357 160
614 237
340 375
1083 902
340 1033
79 43
813 1144
236 711
939 1145
155 359
750 1061
643 516
192 920
1196 772
291 1072
835 1110
673 248
298 1127
786 168
834 1106
894 830
877 534
461 564
1196 438
192 3
216 677
449 788
436 888
72 135
709 73
555 903
541 1200
602 257
1083 225
236 1180
80 693
461 317
721 137
291 146
908 171
1085 409
357 289
454 831
155 220
802 102
840 847
306 540
978 573
1093 431
72 185
151 429
357 15
1058 983
258 301
870 514
1101 978
233 343
1196 937
868 897
447 985
709 1135
276 532
290 1141
1111 776
447 1061
1198 72
786 487
816 895
1093 478
1058 1066
1058 908
291 1053
1196 1178
685 833
840 1029
1177 54
646 893
819 367
751 659
784 914
191 21
332 827
454 393
311 353
786 3
155 294
341 975
835 834
1053 640
297 986
714 943
673 1063
72 75
756 1108
706 974
306 958
721 1104
1157 484
216 706
206 932
325 1019
461 1017
311 1065
673 1080
1118 574
1014 205
161 259
555 879
932 327
786 474
80 625
95 405
1058 563
1196 721
577 397
357 525
1008 1168
78 195
1175 874
1085 1188
894 957
357 1048
965 970
1014 246
1200 238
706 860
180 289
163 773
4 536
325 954
297 648
205 497
449 469
786 919
719 567
673 716
1111 699
417 302
677 211
672 278
706 323
714 982
436 689
340 342
448 832
394 689
646 149
938 208
601 410
340 1201
17 562
751 535
870 885
770 763
1070 100
807 1084
709 907
59 1136
80 244
86 648
191 64
709 515
819 624
858 812
17 561
80 1202
417 1102
670 174
454 325
589 77
297 341
1100 324
79 575
420 397
868 85
1142 66
335 32
202 193
577 145
180 11
706 1049
1008 875
816 687
932 710
220 1007
1093 430
254 1201
255 80
72 820
786 848
1083 1041
417 828
1092 495
80 490
582 527
217 95
255 695
1111 829
756 97
685 603
765 1016
82 1178
306 385
27 1182
978 96
765 1078
646 189
151 1196
807 837
389 1142
162 183
254 1041
1137 134
543 348
436 42
151 438
894 966
709 625
878 222
877 718
714 902
325 697
673 960
833 92
151 568
858 189
588 370
162 731
714 741
756 37
255 1038
297 715
267 788
813 1003
436 816
78 877
840 1160
161 692
786 1174
870 756
297 1085
890 261
706 758
709 77
1092 163
1037 970
646 892
1150 465
4 1071
592 921
202 699
605 323
602 933
610 94
4 784
30 869
118 931
670 629
357 547
631 1154
27 718
298 672
1150 324
54 660
749 862
125 670
686 1128
180 933
340 937
894 837
719 1083
1085 1137
1100 445
806 351
191 317
858 657
224 1069
772 947
389 1152
235 605
658 834
1150 432
577 270
78 1056
772 94
605 285
772 972
4 334
111 299
151 743
1092 135
202 134
258 643
1100 121
614 787
325 365
125 465
357 342
141 509
835 880
749 1044
806 617
908 581
206 755
588 1192
162 923
244 170
276 360
908 1123
631 227
721 438
332 1076
1200 996
417 436
802 22
236 578
215 1041
235 793
1200 314
835 797
582 279
802 554
602 537
835 129
202 489
1200 705
756 476
220 1038
118 924
1083 329
1157 621
72 1103
706 248
870 837
461 443
215 581
1092 921
601 643
290 633
719 401
254 114
216 379
877 159
890 355
834 775
877 140
1093 538
449 872
877 590
631 836
448 737
1100 854
215 530
216 626
813 780
890 655
235 122
1085 96
721 1090
307 43
1037 927
17 486
582 875
291 67
819 844
658 1027
1008 209
4 875
340 121
819 394
389 552
1118 1088
582 918
877 266
1150 402
1150 1165
1198 1000
290 459
162 1068
770 972
4 1121
267 323
816 942
714 1005
721 197
155 993
191 34
4 1172
1114 99
290 437
298 414
1042 254
709 1147
454 570
605 924
447 461
1053 661
290 388
878 99
297 330
449 508
4 826
877 293
143 815
216 195
706 535
258 1059
436 637
4 785
1114 200
202 143
601 624
216 104
125 87
291 274
220 272
858 883
840 540
1142 675
125 542
614 706
335 462
236 999
1150 594
784 410
417 65
709 812
1058 586
244 397
802 674
155 1110
448 886
784 434
1014 377
605 893
335 637
454 317
205 938
216 545
686 167
72 287
890 895
555 701
216 400
677 40
877 782
306 447
205 175
1070 792
4 657
290 1060
601 378
255 272
1070 1179
834 901
614 35
1142 535
685 323
840 699
1150 316
23 826
1042 361
706 515
276 399
233 1052
840 414
763 878
78 159
54 808
609 662
763 772
155 632
63 1034
125 818
206 552
215 548
220 297
63 453
394 205
54 27
772 746
784 811
125 640
63 1134
389 813
59 500
258 1088
448 540
54 896
765 1046
877 763
306 687
78 825
447 631
784 11
939 140
939 1052
709 266
750 994
686 1087
765 839
802 423
714 980
436 922
1170 280
325 821
236 848
449 717
118 421
254 672
72 776
938 408
1085 212
772 690
709 487
254 779
215 1157
938 616
220 283
756 961
908 682
72 1093
643 446
1100 467
588 960
191 700
1177 784
686 811
770 1124
978 272
1200 288
254 611
543 914
1150 956
447 1114
614 1023
772 912
298 938
749 69
1198 138
770 421
807 150
1100 499
162 769
870 75
1114 797
816 537
325 1117
756 671
82 461
890 399
1042 23
340 502
870 744
833 1102
454 1147
448 89
332 1054
27 890
802 752
816 149
82 815
772 1175
340 1122
1114 660
877 574
1137 388
1150 1103
819 1124
1058 436
235 1063
79 878
254 469
833 1065
215 801
417 1010
813 175
1092 1029
340 674
447 964
646 283
191 699
685 565
151 1015
756 937
541 296
86 572
816 796
833 953
807 1119
686 934
125 222
835 873
1101 111
1157 930
932 976
894 543
643 286
332 605
673 145
719 109
677 146
4 509
216 543
802 697
1111 723
756 509
951 412
255 504
1198 1078
325 956
255 1131
673 784
357 584
1118 614
840 388
454 981
1170 43
685 343
807 438
807 537
589 635
721 507
610 585
297 690
601 419
890 93
721 830
417 766
673 50
216 962
255 281
357 499
932 251
180 183
111 805
72 381
765 1148
341 788
939 1151
63 673
813 1131
770 1154
216 1014
765 135
816 726
1085 688
72 1106
118 94
335 1057
806 1058
482 375
589 52
543 615
592 791
834 1028
1137 121
332 948
658 125
311 974
588 907
417 1170
151 712
202 386
118 245
461 702
110 1196
819 127
951 229
877 363
306 450
161 823
215 557
577 573
482 152
1196 417
1150 415
750 737
686 480
215 652
833 865
143 133
614 640
677 637
877 738
673 112
216 22
1196 652
1177 815
311 1170
202 1113
978 434
877 408
161 120
78 156
161 413
819 421
614 509
1092 974
673 1072
770 935
1137 157
939 94
417 929
244 1001
111 635
332 49
1037 86
605 940
161 829
609 18
389 617
448 1111
161 456
4 924
1175 1193
601 280
306 486
609 949
589 811
609 1079
706 726
813 501
482 573
749 283
258 811
1042 9
436 213
894 491
577 708
833 1114
939 443
609 1148
125 1054
677 496
602 784
82 1035
258 221
311 155
27 399
756 1066
601 912
30 817
236 316
932 844
610 671
1196 213
658 692
706 132
482 762
685 457
1118 1176
605 247
233 806
1101 931
1085 272
543 271
784 120
357 846
191 741
784 876
291 721
162 56
448 25
192 229
589 947
118 388
770 673
749 740
555 578
276 240
813 1176
267 1054
111 193
807 732
806 1088
1092 679
870 1101
686 651
870 527
141 398
389 21
255 228
340 1169
833 877
110 841
325 939
1114 923
686 607
