620 54
168 760
520 635
619 531
520 538
664 158
597 487
167 639
65 356
168 453
613 229
520 415
161 247
560 99
515 55
492 56
597 93
167 410
167 621
161 222
222 637
492 63
560 103
65 515
613 206
446 818
520 72
65 503
520 609
728 74
492 405
168 601
520 346
168 639
222 300
161 793
65 314
597 682
65 631
515 97
520 631
728 280
630 767
492 719
349 685
65 109
630 637
515 660
664 12
446 280
560 665
620 382
168 328
521 25
492 366
664 26
520 16
560 739
619 125
222 762
168 181
492 172
65 663
222 554
161 511
620 208
167 763
728 295
492 335
719 90
222 296
613 164
515 796
515 262
222 218
492 397
349 29
349 210
630 191
222 190
630 772
597 18
515 677
521 142
560 663
597 537
630 442
161 404
167 497
619 52
620 687
620 459
620 818
521 425
161 649
520 730
619 15
446 462
168 529
613 394
222 702
167 324
728 777
620 521
446 118
521 639
597 361
167 704
630 796
521 246
492 136
446 249
613 110
630 116
560 550
222 417
630 522
515 445
597 139
492 483
446 147
613 558
719 709
630 783
521 156
620 289
161 337
222 741
167 455
446 440
664 646
620 420
222 542
161 68
728 318
222 642
520 557
520 515
613 137
560 422
521 326
161 596
167 561
349 709
520 588
560 369
349 518
167 68
521 319
349 170
222 627
168 84
168 114
597 289
521 98
168 616
613 675
613 93
728 368
446 688
521 67
161 309
492 703
630 205
521 552
597 69
728 602
65 591
560 640
664 427
349 415
521 413
560 257
167 490
620 295
520 347
630 361
349 165
620 172
560 624
619 306
515 760
222 745
613 364
613 328
619 364
515 298
492 588
349 549
613 766
520 809
719 464
349 404
446 245
515 689
161 390
520 22
620 400
630 659
664 332
620 556
664 324
613 768
630 316
161 300
560 702
349 101
630 318
597 747
620 760
597 438
520 737
619 19
719 206
222 68
630 298
521 516
728 7
349 632
515 711
620 152
168 676
664 228
167 648
597 702
520 20
446 420
492 534
167 53
597 314
619 95
168 685
349 818
560 43
222 361
515 434
168 405
168 378
613 441
619 399
630 79
613 719
597 122
492 274
492 354
521 574
619 297
630 3
613 31
161 781
168 193
168 89
515 422
520 757
520 718
728 570
728 231
630 750
620 650
630 809
161 546
446 74
161 251
520 271
613 338
349 197
168 538
620 615
222 536
728 132
161 634
664 131
719 144
446 196
664 643
161 346
560 222
719 120
619 208
446 360
728 325
446 584
222 756
719 303
597 742
65 463
664 599
446 219
619 447
521 256
65 669
222 260
446 354
664 434
560 703
630 817
161 633
560 736
446 764
446 551
620 358
613 420
728 820
664 589
168 87
664 470
728 589
728 419
728 809
521 251
167 656
222 10
613 567
613 683
620 728
728 112
520 252
719 86
630 55
65 671
620 110
65 274
446 311
619 142
520 772
520 547
65 467
222 226
521 784
65 483
65 255
167 43
161 6
728 90
168 231
597 738
613 680
728 201
168 801
521 695
446 674
492 79
521 645
619 495
521 177
515 72
719 136
161 301
619 701
620 777
630 65
349 296
492 97
619 578
349 188
560 252
630 10
167 443
492 758
446 795
664 795
446 681
167 17
719 39
664 37
597 619
492 702
728 708
65 7
65 102
168 360
492 809
515 642
521 34
492 30
613 741
560 766
620 182
630 366
613 393
664 153
222 609
728 108
222 440
719 63
597 591
222 122
521 734
65 422
719 56
168 657
167 282
161 786
597 288
65 753
597 661
65 579
167 423
664 703
560 308
446 793
521 71
560 652
168 530
597 474
492 683
167 785
65 64
222 807
597 105
728 517
520 377
65 337
619 304
520 279
630 276
597 506
521 424
168 0
613 446
167 4
167 223
597 782
349 733
597 3
620 653
520 679
521 259
630 227
630 749
492 440
65 707
161 206
168 725
664 101
446 32
620 311
560 534
515 505
222 102
161 61
597 235
446 324
349 262
664 719
167 452
620 613
349 300
521 474
520 777
349 261
719 293
597 466
619 504
349 2
521 558
492 620
65 110
222 232
161 433
620 282
664 364
597 286
446 102
597 394
168 655
492 240
630 641
613 6
222 535
630 762
446 166
620 317
620 406
492 158
168 134
349 775
167 626
664 292
168 429
515 487
613 233
664 308
446 450
222 733
161 602
560 30
168 47
349 65
161 538
597 586
728 284
349 159
515 497
65 530
521 225
664 118
597 616
597 625
520 551
515 754
521 606
65 782
168 748
620 526
620 176
630 202
167 646
664 98
168 127
515 384
168 689
222 718
446 304
446 754
719 247
728 733
492 400
728 386
446 23
446 791
728 17
613 226
520 763
492 679
349 497
446 461
597 785
560 16
728 789
65 456
521 41
560 514
719 590
521 341
161 216
597 452
446 2
728 541
167 765
630 274
630 427
613 606
161 808
349 557
597 486
515 36
664 188
520 348
222 0
613 794
620 330
728 550
619 773
597 522
620 402
719 388
167 483
619 435
167 812
597 126
630 264
168 251
520 536
560 801
597 495
167 732
515 409
492 358
349 256
521 611
492 36
719 396
521 741
728 234
719 170
492 109
222 797
620 332
619 199
65 523
619 659
167 771
630 511
446 210
728 342
613 691
597 99
613 681
446 310
515 235
521 493
597 54
521 496
168 350
664 238
613 627
349 67
597 801
664 576
520 287
560 317
520 674
719 616
65 48
168 420
492 696
515 303
620 59
619 406
728 502
620 144
630 600
620 343
168 545
168 471
515 455
515 675
719 82
349 277
65 596
161 382
515 281
492 24
168 716
619 34
613 185
515 432
613 798
520 272
492 251
520 315
728 129
597 436
597 538
492 507
613 435
613 296
65 624
65 302
446 124
349 142
222 424
349 153
613 688
728 661
515 170
168 377
492 404
492 493
492 739
728 787
168 281
222 818
728 61
560 90
521 376
613 467
168 304
520 309
619 394
521 526
492 102
719 601
65 681
520 290
664 468
719 482
349 222
619 763
613 737
168 786
597 787
349 206
168 707
65 406
728 83
492 295
222 223
630 360
167 762
619 140
664 421
619 618
65 714
560 158
560 397
446 547
664 469
446 753
728 395
630 411
613 819
521 519
560 697
728 267
597 59
515 122
630 255
515 542
222 214
167 344
65 520
597 441
560 184
349 446
167 331
664 539
728 340
446 482
620 533
619 543
520 798
560 478
630 193
167 692
728 29
65 172
168 71
560 364
168 315
492 407
560 567
222 511
619 7
597 151
168 14
597 39
167 183
161 626
620 491
161 330
560 298
65 784
613 47
161 424
222 43
515 752
222 475
620 334
167 120
515 198
349 367
515 420
349 820
597 272
521 108
222 709
492 647
521 0
619 342
620 662
613 666
630 798
521 217
630 17
222 753
167 40
619 530
719 695
560 749
521 304
349 205
65 37
630 24
728 55
65 702
521 542
520 257
620 35
161 809
619 217
613 720
630 394
515 474
168 392
222 428
446 654
613 777
161 55
65 500
349 436
65 236
167 722
161 567
65 427
65 321
520 659
222 590
515 128
664 278
492 206
719 711
167 389
515 364
613 626
515 759
620 807
597 257
65 265
719 438
613 68
620 571
619 262
597 815
167 662
222 596
521 736
521 572
168 738
620 603
521 18
619 333
664 333
719 814
446 666
521 595
161 370
222 476
664 688
613 623
446 457
349 451
664 775
446 127
619 581
492 152
168 355
167 802
560 568
222 631
728 95
560 580
597 293
597 170
515 592
613 126
521 759
664 277
446 276
222 507
222 234
728 471
560 363
664 647
619 546
728 227
728 81
728 752
630 562
619 753
222 595
613 248
664 528
597 204
492 430
492 293
515 245
222 111
515 726
65 436
597 713
520 131
161 569
619 117
630 339
446 213
161 127
521 58
222 185
168 741
521 293
515 527
167 525
349 195
560 433
728 145
630 498
521 7
168 151
664 696
168 575
167 672
492 569
161 542
222 292
613 22
560 48
349 433
560 707
719 448
728 818
446 781
515 701
161 71
521 612
521 602
630 241
492 225
492 801
597 116
161 700
521 696
65 259
515 269
167 249
664 227
620 625
446 322
520 420
728 387
664 195
728 165
620 312
349 491
521 504
664 498
65 318
168 474
620 44
619 594
446 299
492 329
515 337
620 477
520 286
664 104
560 334
446 135
167 397
619 814
446 239
597 732
560 331
222 306
597 382
728 407
161 295
664 757
664 171
515 206
222 580
446 642
492 786
349 73
521 766
520 236
613 64
520 574
65 795
619 165
520 149
222 697
630 373
620 338
520 535
222 689
65 634
349 598
446 469
597 728
613 263
446 784
168 57
613 247
349 779
167 182
520 223
65 797
65 332
446 20
597 473
619 647
446 110
515 51
630 460
560 673
560 731
613 399
728 538
167 138
349 435
630 507
521 230
630 565
719 394
630 277
620 600
520 395
161 250
492 458
560 385
349 567
719 628
515 53
560 101
521 673
492 414
521 223
560 233
349 606
560 342
515 115
664 503
349 276
161 477
630 451
597 47
349 127
492 367
222 712
161 490
161 576
349 731
349 385
161 189
597 749
520 500
167 708
620 231
613 302
520 639
492 445
349 236
492 180
65 421
168 521
520 116
597 717
619 313
521 331
515 316
560 709
664 770
728 353
521 162
560 493
521 369
521 63
597 593
492 690
719 95
349 760
619 425
161 496
728 63
619 112
560 457
515 300
515 466
521 390
597 373
597 326
520 473
167 329
630 311
161 460
619 680
613 355
620 429
520 657
613 203
520 680
520 90
520 242
349 644
520 417
492 526
168 135
613 123
520 329
620 626
597 309
65 62
620 157
521 255
613 699
492 517
613 663
620 590
65 171
597 377
728 429
664 156
664 449
619 510
446 309
560 586
521 768
161 227
613 277
664 19
630 721
168 753
446 248
630 250
719 570
521 197
619 373
619 711
161 636
161 383
630 380
664 350
620 546
161 650
168 511
664 369
349 132
597 232
349 78
349 285
619 695
168 166
521 650
167 777
168 548
613 89
168 73
630 303
168 149
167 406
630 473
521 163
515 139
349 382
560 89
630 811
664 595
597 790
222 291
168 526
620 199
719 268
65 343
349 291
619 437
597 256
664 24
515 573
161 814
597 813
222 356
446 605
619 387
349 319
492 772
620 180
619 375
492 239
613 135
613 57
349 803
619 192
597 333
613 2
349 639
167 203
161 476
620 194
664 459
168 714
515 32
728 367
560 601
520 244
521 685
630 652
728 166
719 772
168 387
728 197
719 267
446 602
728 268
349 671
613 24
597 423
167 257
349 123
597 804
65 117
446 548
560 117
349 270
492 514
728 489
664 478
492 549
620 64
349 430
515 596
719 449
161 98
521 788
613 7
222 13
728 120
349 69
349 207
167 678
492 105
560 390
613 557
613 235
521 433
349 241
619 328
65 712
492 606
728 285
446 576
167 462
349 735
167 383
719 334
222 801
349 607
492 91
630 723
630 732
222 641
620 43
560 800
728 794
560 7
597 172
630 207
619 607
515 345
521 444
719 85
222 784
630 159
167 747
613 86
168 469
520 210
664 120
161 760
620 593
492 505
728 499
492 762
161 708
620 128
630 756
65 106
613 40
168 593
630 129
446 85
446 801
664 810
630 613
168 628
349 805
620 804
630 814
620 407
492 552
515 16
446 391
620 286
446 635
719 317
222 166
161 298
613 352
161 755
492 610
492 710
515 216
521 473
349 139
630 770
349 43
620 449
560 102
65 374
515 308
515 146
521 180
597 213
620 88
521 57
222 517
515 441
349 748
520 263
349 437
613 343
613 701
728 474
619 202
630 650
65 798
613 775
619 572
520 713
222 505
630 786
515 74
630 269
65 365
168 115
664 802
613 196
560 814
515 354
620 694
521 345
728 426
560 784
168 427
664 441
167 280
664 406
613 702
65 401
222 752
630 97
664 57
492 396
515 748
521 707
520 79
728 674
65 19
630 608
349 571
222 448
222 37
728 476
619 535
515 2
492 49
167 172
597 383
620 210
446 52
719 436
728 459
520 13
515 743
65 763
515 520
560 786
520 634
560 494
520 651
222 142
515 141
619 296
222 264
719 99
520 37
492 751
65 574
168 159
619 338
167 595
492 9
349 464
728 418
492 535
520 739
222 746
168 249
619 783
222 173
167 536
65 271
168 556
161 597
560 330
630 550
515 380
728 765
161 220
520 507
521 594
597 303
630 493
168 581
520 151
620 439
719 753
728 564
222 220
613 579
664 523
222 41
560 396
630 162
515 740
492 352
168 336
492 750
613 457
728 229
349 791
620 256
349 603
168 307
167 218
560 500
492 382
65 757
613 685
349 339
560 413
620 460
65 806
664 683
492 533
664 400
613 458
619 228
620 435
222 133
719 771
168 766
613 476
521 316
728 468
65 249
664 9
728 509
446 532
560 378
719 819
630 505
664 374
446 659
349 10
620 771
664 229
492 267
167 305
630 35
520 493
65 211
492 246
728 694
168 820
520 727
222 509
630 649
168 301
620 767
597 472
597 555
349 194
167 74
560 349
630 131
719 766
620 438
349 611
515 111
630 198
560 75
167 322
65 63
620 316
719 182
613 754
520 384
630 413
719 689
446 638
613 514
65 498
515 77
597 453
664 590
520 725
167 159
560 394
349 61
446 312
222 438
560 726
620 207
492 706
222 415
560 776
521 436
168 140
664 659
167 215
520 146
167 48
719 681
492 276
597 358
161 359
728 663
161 429
65 443
349 817
664 197
520 30
664 793
613 105
630 624
664 425
521 281
613 752
619 698
613 151
630 515
728 291
620 611
613 329
619 558
719 218
168 15
719 606
597 704
521 704
620 137
664 726
521 819
560 208
492 657
492 512
620 215
619 758
521 421
664 268
560 149
719 476
664 765
168 794
613 424
719 585
492 656
630 86
168 402
161 76
613 141
521 486
446 269
521 167
65 357
167 456
719 637
620 5
65 103
719 260
560 250
168 430
492 723
613 98
515 185
728 269
620 8
167 209
719 36
619 600
521 792
613 698
446 306
597 375
664 387
613 73
613 283
65 382
728 636
161 101
222 708
619 163
728 734
728 24
619 224
161 766
728 0
664 115
222 235
613 574
520 594
167 306
515 503
664 25
620 434
597 306
719 661
630 212
664 380
719 12
492 585
728 677
168 81
349 179
161 43
515 265
515 692
446 369
620 493
168 540
521 500
515 600
560 157
515 663
630 309
168 568
560 633
515 718
619 151
728 424
613 12
560 561
620 84
349 66
446 375
520 489
597 669
619 11
630 438
664 562
520 586
161 776
664 744
719 419
168 180
520 467
620 318
515 453
560 120
168 723
613 262
168 369
65 330
65 146
719 340
222 53
719 4
168 290
168 617
619 156
65 90
664 88
597 296
521 299
613 92
492 313
65 635
446 259
597 480
222 577
521 362
492 800
597 95
630 598
560 646
222 31
620 736
521 159
515 700
65 494
597 135
728 561
521 769
222 617
664 334
168 770
560 438
446 762
222 138
719 759
719 509
168 447
630 582
446 257
620 597
65 168
446 317
168 450
728 594
515 779
167 230
613 274
349 79
161 780
446 217
222 330
719 342
520 139
620 341
630 748
520 566
719 784
620 733
161 276
161 449
521 780
349 24
222 302
515 44
492 699
560 376
613 37
65 613
597 98
728 719
728 497
521 31
560 244
620 235
560 175
630 570
161 588
349 533
167 430
65 325
521 426
728 369
65 461
620 608
597 648
719 257
620 319
719 496
168 758
520 171
597 711
515 615
65 184
521 756
560 81
167 590
222 530
349 379
168 367
613 712
168 413
613 218
167 248
492 245
161 165
664 56
515 535
597 142
349 208
65 565
620 370
520 368
446 270
619 185
619 252
613 523
521 522
349 232
613 28
446 812
560 805
613 551
664 705
161 272
161 678
613 44
719 670
613 112
446 377
620 610
349 540
446 817
65 195
630 506
620 377
222 409
630 390
161 169
168 199
620 277
168 123
349 88
630 463
719 558
161 271
168 504
492 263
521 563
619 160
630 678
520 268
719 142
520 687
630 543
167 783
349 114
597 812
521 468
515 545
515 387
664 443
446 751
560 696
664 251
520 808
349 513
620 52
630 258
664 99
167 577
521 763
560 351
222 783
719 279
167 279
65 639
630 245
664 722
65 509
515 774
520 571
728 139
515 69
597 583
520 43
719 10
597 400
349 405
630 290
222 422
521 782
349 781
349 294
560 445
664 537
65 250
168 739
167 100
664 233
613 797
167 431
613 753
65 727
446 804
613 119
664 732
520 69
222 288
222 643
728 763
492 668
728 237
349 263
521 185
719 320
728 430
446 315
65 129
222 359
222 25
619 298
664 489
222 200
492 260
65 459
630 340
728 375
161 319
630 389
222 249
349 528
719 323
521 365
222 266
613 285
664 94
222 817
630 314
619 818
560 121
65 216
492 133
168 370
664 307
613 692
65 598
521 618
167 593
597 646
492 110
521 524
446 122
161 524
222 120
630 763
222 764
222 324
664 419
168 156
619 143
719 662
167 345
349 660
168 509
560 320
515 475
65 611
167 711
167 234
168 771
728 339
65 491
613 265
349 439
597 754
167 252
167 135
630 813
630 71
520 156
560 305
719 358
613 330
630 9
492 491
515 443
613 140
597 40
167 353
168 585
492 146
222 610
630 573
515 353
664 692
728 254
597 146
630 363
161 375
167 242
492 771
168 359
613 659
520 209
222 703
349 511
222 92
619 260
520 476
619 222
167 622
664 607
597 188
446 336
168 752
349 694
520 316
719 683
597 253
560 310
613 207
446 683
349 129
168 376
719 159
560 448
521 701
65 458
521 692
222 420
664 737
222 38
167 546
728 581
619 551
521 209
597 499
664 819
65 336
349 17
520 360
728 133
65 167
349 91
446 395
719 167
719 712
349 788
664 93
65 455
446 335
515 102
619 605
520 527
349 11
597 277
161 145
521 241
619 514
613 271
515 621
349 699
515 283
620 279
597 50
664 561
719 145
167 620
613 264
620 484
521 622
728 679
520 640
521 762
515 646
515 84
521 802
492 378
560 389
168 252
630 520
65 15
168 161
349 811
515 37
630 521
167 532
161 342
161 509
613 515
560 355
664 781
492 464
719 130
168 480
560 547
515 156
349 107
728 445
620 288
65 99
222 740
613 641
515 512
349 622
620 80
492 242
521 334
520 481
65 138
520 298
664 630
620 465
619 772
222 304
168 118
521 592
728 190
349 419
560 578
222 489
560 778
719 781
167 755
515 554
630 356
168 91
728 622
560 595
619 226
161 399
446 200
664 473
560 28
446 293
168 782
613 384
620 425
168 619
560 520
168 808
446 770
630 713
161 456
630 260
515 465
619 529
597 566
520 686
168 176
167 42
168 92
222 611
597 360
719 641
161 395
446 273
349 418
492 370
446 371
349 604
620 61
664 201
630 417
619 720
167 392
161 590
446 133
728 84
560 768
492 19
597 507
630 519
446 678
664 554
619 672
664 187
515 783
613 220
168 325
728 93
597 665
619 134
560 8
521 101
492 315
560 388
620 361
65 371
222 651
664 783
630 422
728 352
515 694
446 588
520 178
597 780
161 803
65 231
492 350
65 297
728 648
719 366
613 61
161 84
630 174
613 149
728 472
492 634
492 773
446 808
560 23
168 525
492 50
560 53
446 373
222 684
613 84
597 304
619 486
492 67
560 415
446 258
168 37
619 292
728 162
161 656
619 389
597 567
349 359
349 125
597 463
167 417
613 34
446 809
619 598
168 713
167 61
161 495
630 761
521 227
630 435
161 123
620 745
492 209
65 704
515 713
521 301
167 435
521 483
349 585
619 113
719 64
520 93
619 191
560 799
515 811
492 697
446 87
222 497
728 92
613 624
728 638
728 493
560 796
620 388
630 571
560 239
161 458
719 205
520 344
521 16
521 764
515 31
597 273
520 528
728 346
168 510
597 471
515 200
619 350
222 720
664 160
446 432
222 277
161 140
664 60
222 748
161 699
446 816
630 46
597 398
446 542
597 501
664 487
349 271
597 503
613 336
630 167
520 105
520 735
719 633
520 429
613 332
161 218
168 686
560 462
167 707
222 481
521 35
492 163
664 429
664 700
664 284
492 11
560 627
446 545
65 516
597 578
446 641
521 13
167 3
613 4
597 666
446 242
222 495
619 812
728 411
168 145
168 191
168 368
619 64
168 573
167 109
349 631
620 536
597 138
222 201
167 713
521 770
630 268
664 533
560 168
65 644
560 592
630 700
446 648
515 149
520 169
664 538
349 800
168 787
620 548
719 592
664 550
515 164
521 664
492 453
619 40
492 575
168 807
520 650
728 814
515 159
619 632
168 553
719 769
515 736
515 680
521 187
613 799
349 87
515 750
161 105
520 589
65 112
167 631
560 698
597 609
515 582
560 607
728 168
446 5
630 531
161 66
597 330
619 639
728 42
492 641
65 601
613 381
560 161
161 173
222 358
446 192
168 595
168 512
167 213
492 667
620 73
65 140
492 408
613 19
167 363
65 538
161 741
728 388
521 678
619 265
167 340
613 651
492 7
664 660
664 518
620 186
349 568
597 8
492 592
167 170
560 147
161 452
222 252
597 113
597 276
446 403
168 777
349 440
719 97
597 79
619 245
619 458
161 682
492 298
446 18
664 527
515 659
349 749
619 17
446 559
161 686
620 756
613 398
168 364
167 569
560 771
222 256
613 705
521 117
161 480
161 5
620 452
620 555
222 96
560 760
515 658
65 628
560 262
620 517
719 517
619 756
613 179
349 413
521 24
521 228
161 801
492 629
719 523
168 167
620 299
492 544
492 18
492 380
492 796
520 130
560 504
515 574
521 126
664 745
521 805
619 808
620 589
719 659
520 301
168 736
719 14
664 755
620 130
349 641
620 27
168 732
664 349
620 307
161 171
630 44
167 473
619 201
619 569
619 57
222 195
719 380
349 786
167 134
521 138
492 619
515 448
728 740
349 383
446 316
597 564
728 136
619 727
492 722
664 52
167 55
167 104
613 673
167 586
222 794
222 445
65 722
719 214
222 384
492 59
664 82
521 568
597 22
349 40
492 214
349 28
446 251
446 263
167 751
613 286
620 642
560 21
446 434
222 350
719 423
65 582
515 24
349 621
515 194
168 318
613 448
521 200
597 601
664 347
446 178
664 208
719 196
719 278
492 395
222 60
168 128
664 587
65 281
446 282
719 283
719 349
492 26
613 180
168 519
492 426
65 158
613 546
446 272
65 157
515 213
619 602
168 117
349 551
65 428
560 143
167 468
597 245
664 173
560 559
492 190
492 737
613 324
664 382
630 334
161 257
168 248
719 652
161 323
521 333
521 777
492 204
446 427
620 702
167 102
520 44
728 819
664 313
613 762
664 65
222 134
521 715
664 78
597 614
349 656
515 291
222 392
492 364
492 355
520 501
349 45
492 391
664 273
521 520
728 695
349 783
515 294
728 453
492 788
664 385
521 418
728 520
728 533
560 85
630 215
664 330
619 428
719 525
521 587
222 559
521 654
560 183
613 187
446 154
630 601
619 537
620 544
161 697
515 563
446 218
65 135
719 623
65 50
728 292
65 338
521 456
521 370
719 459
168 796
168 82
65 514
664 217
630 228
161 69
613 347
664 742
630 580
168 277
613 407
167 555
65 241
349 493
664 684
349 360
560 114
664 641
167 670
446 663
167 476
222 781
515 408
728 57
446 586
597 97
520 774
492 427
168 143
719 529
167 505
560 193
560 769
728 245
492 529
664 521
161 166
728 586
630 589
161 144
492 249
167 361
620 378
728 82
520 230
65 594
728 34
520 155
349 619
613 689
222 723
222 775
349 761
560 459
560 10
728 370
520 497
620 87
597 114
349 137
168 222
349 266
168 520
492 413
520 598
597 457
349 673
620 537
521 380
620 225
630 703
728 519
728 409
492 265
161 340
560 481
222 345
719 347
515 310
728 784
222 105
168 668
515 212
161 389
664 424
65 79
65 352
613 334
521 193
664 636
515 565
719 435
167 539
520 362
521 364
492 625
65 390
349 390
620 90
446 692
619 603
620 781
630 536
349 472
492 294
560 443
664 754
161 507
446 301
167 30
161 371
349 675
520 168
664 627
492 339
520 496
161 9
65 661
619 169
167 105
222 809
613 11
515 814
560 189
521 647
167 460
446 140
492 680
597 62
664 59
65 554
492 553
619 525
597 488
597 623
560 258
630 113
619 179
446 64
167 60
619 520
620 359
664 165
222 336
613 559
168 648
168 33
515 737
728 101
630 271
719 441
222 189
161 707
597 345
222 447
515 644
664 125
664 192
664 331
521 234
620 401
613 23
161 769
597 739
719 73
492 489
719 88
719 724
222 355
719 244
161 642
728 26
619 327
620 325
719 149
728 47
664 305
167 544
520 791
728 349
161 413
597 633
560 483
349 325
630 691
515 255
349 161
349 388
619 644
560 435
161 130
520 576
222 820
161 519
620 169
728 36
515 83
613 703
168 362
168 125
65 485
492 46
613 809
446 174
515 249
728 548
515 273
630 101
446 611
446 790
167 798
630 402
521 476
222 658
664 529
520 424
728 277
515 662
515 418
719 417
168 743
161 324
446 813
65 91
222 297
168 48
349 202
515 652
349 448
560 810
664 773
520 71
728 785
728 158
630 490
613 455
619 392
349 459
167 498
349 588
664 727
619 731
446 519
719 688
664 72
161 331
597 534
65 562
168 104
613 197
560 474
168 737
664 247
515 94
167 674
719 386
492 290
719 411
167 598
728 247
446 120
630 414
349 212
167 179
168 788
492 188
521 820
168 237
167 409
630 168
719 687
619 629
664 394
613 582
168 415
620 442
446 278
222 538
728 215
520 519
222 560
515 406
222 243
597 342
520 754
613 76
613 657
161 667
630 683
515 133
222 713
222 153
520 776
620 746
719 162
630 75
349 20
520 259
613 35
630 225
664 338
65 756
492 81
167 144
560 582
167 36
167 424
446 590
620 567
620 50
521 624
728 67
597 185
630 640
161 25
560 34
664 593
619 590
492 448
619 416
349 368
728 437
560 817
520 815
620 255
728 33
167 110
65 70
167 112
728 686
728 706
161 427
521 373
65 30
560 277
630 615
349 293
664 741
492 815
560 209
515 490
349 772
560 594
492 68
728 125
719 813
664 743
349 669
613 690
630 607
560 199
597 681
664 3
65 227
349 790
167 2
168 528
613 118
728 582
168 624
620 2
222 309
630 689
65 649
167 75
446 130
492 631
222 12
65 210
167 236
620 522
161 315
65 654
222 466
492 357
560 353
728 461
719 299
492 799
167 317
168 645
167 677
168 101
492 145
349 237
446 478
620 285
560 554
613 475
349 323
167 338
560 247
520 61
520 585
161 534
161 82
613 266
664 568
560 642
719 512
613 593
520 94
719 179
597 338
664 677
161 358
728 807
719 754
168 524
630 257
719 483
161 599
630 768
492 402
349 122
446 514
167 343
161 725
630 642
161 619
620 516
664 95
446 421
349 216
620 414
664 154
446 132
492 467
492 539
664 655
167 70
728 154
521 265
521 321
492 130
630 631
619 347
728 343
168 563
515 777
620 717
630 259
65 38
168 141
167 154
613 453
446 509
664 222
620 91
728 2
222 647
349 476
619 721
521 419
719 613
515 22
619 279
719 550
168 365
161 3
620 156
520 179
521 305
446 297
613 379
520 256
521 590
630 293
521 134
620 525
597 13
167 800
167 527
613 462
664 68
492 156
161 639
620 726
520 676
520 542
492 818
521 460
560 106
619 369
630 501
521 593
515 81
613 223
167 247
613 188
664 314
620 735
597 88
597 809
492 735
167 108
560 774
515 793
619 744
560 488
719 271
515 404
492 820
515 807
664 96
222 109
446 430
168 179
167 817
222 208
521 550
613 319
630 572
620 190
630 73
222 814
65 787
168 515
65 625
161 141
492 497
619 694
492 488
521 671
597 585
620 125
161 545
167 680
619 474
521 562
630 349
664 124
719 222
560 793
619 66
630 379
161 416
492 748
168 492
167 706
630 450
597 263
167 271
719 375
161 778
515 242
620 62
728 753
620 689
161 593
664 820
719 685
719 318
560 370
446 412
515 50
161 530
161 756
521 605
719 619
620 810
161 147
161 426
222 144
65 761
560 672
560 109
597 283
619 515
620 413
560 555
719 381
728 172
520 554
728 710
619 513
520 508
619 335
728 573
719 157
161 714
630 130
728 460
619 92
728 516
161 598
560 482
222 443
65 416
719 434
446 362
521 315
222 141
619 682
664 392
65 347
619 762
446 221
620 269
619 312
560 815
515 8
349 117
728 140
521 629
719 752
620 742
492 496
349 643
222 802
161 455
446 212
719 161
521 107
515 674
222 132
728 420
515 480
161 114
168 287
664 185
492 312
664 289
728 612
167 147
620 722
167 579
619 127
597 53
167 146
728 627
613 782
520 587
613 254
728 70
560 55
619 285
515 130
446 313
515 290
619 729
515 54
168 580
222 139
521 646
65 207
520 161
597 36
446 530
349 532
664 113
161 711
222 341
222 326
630 364
446 463
664 262
65 123
349 152
560 666
446 97
65 291
630 568
520 662
664 787
521 658
492 299
446 225
728 321
65 277
719 786
222 480
161 242
65 464
620 39
619 648
515 612
613 715
167 442
446 443
619 770
597 117
728 623
728 475
222 275
349 100
492 151
167 757
521 437
520 114
630 7
630 22
168 485
349 605
619 100
620 211
446 35
492 664
168 733
613 738
597 819
619 77
719 736
728 788
521 214
719 110
65 584
620 254
492 343
222 749
521 533
521 544
446 761
161 785
719 374
167 233
613 267
65 131
560 405
619 432
630 465
619 776
515 6
349 727
349 187
620 336
492 75
65 692
728 15
446 328
560 259
728 507
222 3
613 421
222 706
446 397
613 488
515 622
613 765
620 664
65 275
597 672
515 531
167 253
167 141
168 69
620 645
597 763
167 301
492 582
521 59
349 109
664 729
161 97
620 308
492 147
520 213
719 501
515 299
719 415
728 235
161 437
664 717
620 751
492 70
349 462
560 529
446 215
65 590
597 580
728 311
222 18
521 621
630 386
515 169
222 209
520 629
446 303
520 724
168 731
728 22
613 561
664 219
446 392
620 663
492 538
168 501
597 741
349 716
65 409
619 519
728 35
719 726
161 516
560 255
222 125
560 368
728 779
630 523
597 699
492 77
520 83
515 173
65 541
619 381
446 745
664 572
520 544
492 721
620 10
521 772
613 107
168 34
719 306
492 4
222 301
664 416
446 410
65 232
161 820
167 811
168 522
167 571
613 177
492 522
222 491
446 88
719 89
719 359
620 142
630 140
719 76
167 62
521 49
446 54
560 503
597 632
168 219
167 779
446 182
521 455
613 8
222 327
630 665
630 347
719 102
630 40
521 689
521 429
446 81
613 431
222 52
728 503
613 144
167 553
168 791
492 231
222 47
161 138
167 367
168 432
520 416
167 131
613 301
560 273
65 685
161 162
560 290
520 750
597 746
728 452
492 570
520 449
520 684
168 366
521 495
515 395
161 558
515 108
664 281
560 770
597 549
613 473
613 387
613 596
349 801
167 6
719 720
719 645
515 433
597 820
65 680
161 635
719 696
664 735
613 483
613 273
664 320
521 30
492 322
520 806
161 103
168 759
521 571
630 658
161 537
728 179
630 324
613 240
222 63
515 370
719 60
613 427
613 99
167 465
167 395
619 408
619 527
728 249
161 817
520 60
597 730
560 740
630 731
161 180
630 385
728 606
560 679
620 167
619 63
520 340
719 219
560 73
222 388
349 682
719 91
168 414
521 275
515 5
446 560
597 285
613 42
168 742
664 231
520 437
619 111
520 218
719 465
597 287
719 158
664 583
168 226
167 93
597 222
613 512
515 340
613 628
65 288
613 342
349 1
446 125
613 371
446 119
728 252
446 578
65 811
167 699
630 423
520 556
65 696
168 744
630 67
446 571
597 406
619 266
664 649
520 811
620 737
520 622
664 697
630 445
520 95
521 372
161 727
222 487
161 771
168 154
560 379
65 200
630 747
65 420
630 194
521 415
222 742
664 718
168 682
597 131
446 24
65 796
619 35
65 139
520 667
560 264
520 9
168 7
521 104
597 20
664 794
620 121
664 457
446 163
222 714
168 672
515 595
446 141
167 720
620 457
167 601
619 592
597 775
620 511
728 750
630 11
520 166
630 135
515 723
620 394
664 5
597 335
492 708
515 174
620 706
446 331
446 49
515 665
515 486
161 398
719 384
446 181
521 273
613 496
521 530
515 166
492 509
597 680
521 385
630 302
520 736
597 176
521 287
620 507
719 511
597 348
630 53
446 162
521 282
719 561
167 705
168 650
168 446
515 65
597 112
161 236
161 450
492 326
613 611
446 603
492 143
492 674
630 208
349 25
349 478
222 11
515 470
222 89
728 40
222 691
664 774
619 37
349 444
728 522
167 731
613 438
349 482
521 767
521 97
620 701
222 247
349 264
167 818
521 484
630 400
349 429
620 545
630 206
65 670
446 592
65 369
515 464
161 434
167 617
168 396
664 728
597 736
161 664
515 369
349 764
65 85
520 602
446 295
619 645
664 220
521 738
446 63
65 177
620 165
630 714
515 803
222 450
560 683
630 106
161 149
515 688
167 651
65 218
515 655
521 635
620 657
168 481
492 515
492 616
728 786
167 21
168 552
664 322
664 768
168 390
719 84
620 655
168 240
222 410
613 295
167 784
167 741
161 721
560 301
630 579
728 65
719 304
521 47
446 319
446 682
630 735
597 642
446 30
613 778
560 471
613 612
168 799
446 284
65 75
349 610
664 174
620 365
521 389
560 713
597 758
520 25
719 779
168 40
630 374
560 809
597 416
492 542
65 27
492 578
168 422
620 265
630 808
161 796
520 626
630 593
619 560
630 495
613 634
446 513
613 325
520 7
619 710
619 757
613 733
515 284
168 49
521 109
521 317
728 20
630 89
520 317
168 357
515 211
446 769
619 175
520 413
167 781
161 16
168 626
613 39
446 265
349 49
664 620
521 318
167 162
728 144
728 403
167 384
515 276
168 314
560 614
613 178
168 330
446 444
65 484
65 603
65 174
65 780
167 326
349 624
630 556
446 379
167 195
520 512
492 642
664 202
492 545
619 576
630 125
728 620
597 544
515 428
630 369
597 698
630 108
349 728
630 182
619 229
167 151
349 550
520 382
446 161
521 91
222 69
619 5
620 715
664 818
161 407
630 61
728 59
446 359
597 528
630 284
446 524
520 239
620 264
515 257
349 670
630 337
719 376
728 547
630 169
168 708
620 473
619 74
492 183
65 629
620 395
446 8
521 731
560 552
167 199
521 302
521 506
446 639
619 184
515 250
728 762
492 131
222 175
167 695
161 695
515 571
728 618
560 440
161 7
446 342
520 782
65 308
613 158
168 303
560 669
728 510
719 778
349 807
65 309
613 70
492 227
492 200
719 339
222 744
630 107
515 768
349 601
719 777
521 501
728 813
65 126
161 118
728 258
620 681
619 804
620 514
446 401
520 305
664 152
719 574
613 382
619 32
492 194
161 572
222 603
515 116
630 599
597 294
222 663
222 344
620 471
349 417
161 523
515 271
161 669
349 310
719 741
446 720
597 180
630 596
664 69
168 189
630 419
65 705
492 5
620 468
620 331
521 87
664 16
349 245
719 258
619 159
349 519
619 104
719 118
446 624
167 534
222 108
719 706
620 538
168 671
520 281
65 4
167 615
619 820
520 278
613 83
619 452
630 396
65 665
222 160
613 498
168 97
65 396
161 321
719 430
65 163
664 132
664 54
664 86
492 593
619 139
719 812
664 704
222 282
728 696
664 477
619 76
630 645
521 335
168 493
168 607
719 457
520 694
349 322
597 386
167 374
161 705
620 679
222 321
222 547
515 482
167 652
613 805
222 280
630 362
222 584
597 346
515 591
446 622
728 485
728 401
620 352
520 74
560 447
613 359
161 356
515 540
168 423
520 615
620 366
349 365
619 25
664 351
446 503
630 43
597 793
719 367
719 402
446 569
349 200
620 492
168 567
597 336
65 666
597 81
728 75
349 546
719 398
521 670
664 454
65 104
597 165
446 418
719 755
161 175
630 698
619 72
520 720
719 463
520 46
515 637
560 151
167 434
619 94
515 390
446 256
515 399
65 205
446 499
167 429
222 184
446 458
161 210
597 516
728 659
492 566
664 7
560 6
446 344
167 158
728 635
613 815
349 695
521 157
168 138
168 555
613 756
620 135
349 345
521 82
492 170
560 634
222 376
515 609
619 141
65 78
719 348
520 428
620 320
613 489
520 300
620 542
630 304
168 659
728 404
664 254
597 581
446 640
664 196
520 233
349 14
560 261
630 93
560 372
520 770
521 116
65 196
728 116
560 473
168 110
597 485
597 230
520 325
520 457
597 802
630 56
515 362
349 647
630 528
521 525
664 815
161 327
222 787
65 558
446 243
630 661
65 466
168 207
65 524
161 431
521 297
167 382
515 459
520 189
168 300
613 810
168 635
349 479
719 566
222 671
597 322
65 575
521 289
167 88
619 9
719 583
161 108
613 636
719 510
664 80
349 62
161 575
560 779
664 428
65 549
515 71
613 532
613 786
597 814
161 418
167 797
630 45
613 643
664 127
719 429
620 362
65 246
620 227
65 740
664 617
492 607
161 18
65 389
167 758
167 401
161 703
161 655
620 698
521 603
492 226
560 792
560 200
515 431
728 299
161 198
222 506
349 141
560 516
630 382
349 154
597 671
222 680
613 487
65 676
65 548
167 321
613 385
520 721
446 358
168 158
349 512
65 793
168 440
521 724
222 236
620 815
161 353
222 316
167 254
161 292
620 682
168 527
728 643
664 809
492 457
515 716
161 126
168 458
167 207
719 672
65 113
515 599
446 723
719 242
349 712
613 257
65 410
664 183
630 459
728 776
597 498
520 410
168 643
664 680
613 80
620 800
65 136
597 316
560 357
664 155
620 710
619 295
619 174
168 288
719 186
613 278
168 103
719 586
597 478
521 191
597 458
349 12
560 118
728 796
630 392
161 790
161 290
619 707
619 669
664 506
222 137
619 609
161 11
492 286
719 727
664 585
161 758
520 404
521 463
664 279
728 310
65 71
167 568
520 494
630 30
620 340
620 292
619 21
446 783
161 547
222 378
619 493
515 645
728 790
719 361
520 67
492 506
630 541
222 88
620 74
161 243
492 624
728 236
168 61
446 577
728 664
520 488
728 306
630 418
630 815
515 191
161 694
560 311
630 478
349 487
664 290
168 354
597 246
349 121
719 745
515 638
521 327
597 511
620 535
620 448
630 535
619 172
65 313
222 103
560 171
613 563
222 806
168 531
65 55
492 254
167 184
492 84
222 607
222 22
222 198
619 799
492 768
167 671
492 673
167 342
613 369
664 513
520 112
521 199
620 96
167 403
520 391
619 488
560 455
167 231
597 621
728 408
167 328
719 223
619 103
520 369
222 367
515 449
492 733
719 667
521 210
515 543
65 295
65 248
560 647
161 491
167 684
719 336
521 92
349 163
719 105
168 514
719 608
161 585
161 224
161 419
521 212
168 333
446 748
167 458
560 541
664 807
520 27
728 78
65 445
446 123
492 126
728 196
65 353
630 236
664 361
560 381
728 151
613 147
560 484
597 561
515 510
613 781
719 668
620 405
619 255
446 241
630 151
630 213
349 175
446 114
349 393
222 569
515 488
65 564
560 509
520 466
349 525
168 347
349 706
520 514
349 559
168 757
446 814
613 345
728 793
167 668
728 689
560 704
521 9
222 777
664 359
620 363
65 664
167 728
492 256
222 90
613 617
492 794
560 354
168 380
560 505
620 778
349 526
446 738
492 765
630 752
619 301
719 225
613 202
613 219
349 119
613 816
168 435
520 445
349 755
520 45
167 467
630 333
65 364
446 37
222 331
222 639
620 181
630 805
521 36
630 317
719 686
664 631
65 24
728 98
521 27
349 407
167 533
613 181
664 335
728 714
630 375
161 209
167 399
520 703
446 535
620 82
65 57
619 819
597 129
728 398
492 663
664 85
446 164
560 798
161 302
560 628
515 79
167 453
620 454
167 258
349 666
222 398
719 23
520 813
168 551
619 716
520 355
349 247
664 408
560 383
446 343
161 522
520 370
349 432
65 95
65 32
222 360
520 702
597 512
168 426
613 714
65 777
65 446
168 275
492 62
728 598
597 659
520 618
613 428
161 751
619 256
620 757
597 141
168 768
446 224
222 303
168 436
619 30
613 638
65 377
560 611
560 686
620 143
521 286
620 729
515 738
597 644
168 401
520 110
222 284
619 290
521 478
719 493
719 767
630 444
515 586
515 430
619 683
728 773
719 178
515 220
167 660
597 552
520 461
521 523
349 452
560 676
161 232
161 234
161 784
620 411
65 689
719 452
65 279
349 529
597 667
619 518
446 651
492 666
630 516
65 473
515 9
597 607
560 818
222 299
597 783
168 558
597 803
719 382
515 317
349 198
620 711
222 531
664 325
664 642
620 32
520 198
619 539
620 132
521 5
728 650
521 165
630 617
446 715
168 468
168 289
560 806
521 811
65 752
515 632
630 611
168 2
167 748
613 261
492 705
597 714
613 321
167 114
520 498
560 122
520 153
613 555
521 202
719 316
161 75
620 418
630 294
521 797
492 558
349 63
719 127
167 644
619 48
515 813
613 757
728 568
664 663
520 616
619 26
728 735
521 236
719 576
446 53
161 617
521 361
515 603
515 519
613 67
349 809
222 471
597 800
728 751
349 102
65 711
630 371
728 654
664 517
520 733
521 386
521 179
446 500
728 329
222 194
719 807
515 820
620 191
161 712
492 500
168 17
620 404
446 780
349 589
521 397
492 565
613 322
613 789
167 221
630 540
613 410
222 498
349 380
619 661
520 524
65 285
728 28
65 412
520 10
619 203
521 596
446 763
619 132
167 542
520 358
65 228
597 514
349 106
719 797
728 742
65 808
222 196
630 789
167 629
560 327
521 796
222 667
719 572
65 429
620 652
613 767
222 599
630 693
65 697
168 210
349 253
168 381
619 427
520 204
560 605
349 193
619 24
619 733
520 121
446 275
65 305
446 413
492 654
167 566
515 559
620 150
515 477
630 126
161 281
65 368
520 704
349 564
161 109
65 155
520 33
515 105
560 820
349 734
492 35
630 4
222 707
168 576
167 632
521 354
560 581
349 58
620 432
520 49
630 416
728 405
630 804
167 809
597 440
349 590
613 434
620 153
560 456
620 759
560 710
515 87
619 690
630 428
597 449
492 333
521 28
161 761
664 377
446 419
728 758
619 697
520 699
728 127
168 594
719 728
560 306
161 314
521 366
520 400
349 60
520 181
161 153
515 696
719 792
349 717
728 397
168 666
65 469
515 60
664 168
349 702
620 274
168 729
630 66
222 114
728 566
613 529
520 85
619 374
619 705
619 681
168 235
664 423
620 123
620 222
521 675
515 76
613 697
167 405
167 125
492 93
560 186
349 799
664 767
446 437
222 342
161 284
167 457
560 690
492 416
65 182
492 192
664 242
620 812
620 506
521 488
630 156
613 511
728 97
613 814
161 93
719 255
597 60
521 510
620 633
