65 304
65 56
65 419
65 169
65 442
65 147
65 779
65 566
65 185
65 399
65 351
65 586
65 222
65 791
65 21
65 221
65 383
65 771
65 180
65 53
65 434
65 576
65 800
65 45
65 282
65 529
65 156
65 187
65 6
65 679
65 61
65 728
65 388
65 799
65 331
65 303
65 809
161 723
161 374
161 277
161 423
161 704
161 550
161 248
161 802
161 553
161 333
161 368
161 394
161 652
161 53
161 367
161 630
161 215
161 466
161 612
161 48
161 718
161 589
161 770
161 759
161 245
161 737
161 577
161 578
161 614
161 738
161 336
161 668
161 106
161 709
161 312
161 505
161 282
161 129
161 625
161 740
161 291
161 557
161 170
161 561
167 241
167 349
167 337
167 529
167 508
167 702
167 438
167 309
167 69
167 402
167 628
167 786
167 92
167 355
167 581
167 139
167 295
167 10
167 681
167 240
167 27
167 725
167 113
167 318
167 49
167 268
167 165
167 288
167 129
167 518
167 736
167 653
167 691
167 8
167 447
167 738
167 304
167 29
167 789
167 526
168 22
168 386
222 441
222 493
222 529
222 45
222 533
222 231
222 395
222 736
222 65
222 221
222 523
222 800
222 182
222 572
222 199
222 633
222 561
222 434
222 437
222 568
222 386
222 465
222 578
222 678
222 444
222 458
222 269
222 174
222 789
222 241
222 178
222 566
222 492
222 520
222 612
222 516
222 739
222 608
222 72
222 203
222 731
222 377
222 728
222 650
222 244
222 738
222 734
222 767
222 77
222 169
222 722
349 44
446 69
446 136
446 702
446 743
492 638
492 759
492 743
492 186
492 614
492 161
492 65
492 53
492 28
492 603
492 550
492 429
492 813
492 490
492 738
492 622
492 399
492 371
492 718
492 58
492 518
492 29
492 761
492 217
492 99
492 613
515 27
515 649
520 57
520 771
520 482
520 792
520 318
520 262
520 3
520 711
520 741
520 731
520 550
520 636
520 41
520 762
520 579
520 357
520 743
520 559
520 470
520 723
520 122
520 221
520 282
520 84
520 225
520 186
520 157
520 4
520 580
520 158
520 31
520 68
520 738
520 438
520 249
520 86
520 394
520 304
520 393
520 399
520 295
520 455
520 603
520 540
520 523
520 563
520 606
520 80
520 64
520 751
520 388
520 187
520 141
520 620
520 299
520 695
520 600
520 314
520 591
520 619
520 728
520 799
520 675
520 386
520 643
520 206
520 740
520 349
520 793
520 691
521 405
560 535
560 434
560 352
560 655
560 692
560 32
560 495
560 15
560 429
560 649
560 604
560 105
560 466
560 185
560 125
560 738
560 557
560 179
560 723
560 571
560 523
560 336
560 453
560 269
560 299
560 4
560 187
560 82
560 119
560 486
560 743
560 553
560 52
597 554
597 255
597 147
597 203
597 620
597 144
597 670
597 318
597 67
597 219
597 280
597 73
597 442
597 751
597 241
597 223
613 60
619 691
619 810
619 441
619 345
619 299
619 557
619 99
619 215
619 466
619 490
619 718
619 275
619 788
619 798
619 561
619 359
619 759
619 28
619 728
619 802
619 386
619 550
619 105
619 492
619 187
619 614
619 84
619 434
619 740
619 612
619 577
619 630
619 684
619 665
619 237
619 446
619 303
619 133
619 291
619 283
619 547
619 367
620 290
620 723
620 646
620 585
630 539
664 41
719 240
719 346
719 87
719 163
719 150
719 275
719 573
719 791
719 567
719 490
719 181
719 734
719 605
719 707
719 729
719 721
719 743
719 582
719 655
719 793
719 569
719 594
719 284
719 615
719 238
719 387
719 416
719 644
719 478
719 8
719 692
719 141
719 552
719 603
719 371
719 653
719 746
719 373
719 67
719 664
719 139
719 332
719 311
719 627
719 324
719 533
719 526
719 326
719 274
719 62
719 451
719 228
719 666
719 542
719 287
719 738
719 467
719 521
719 557
719 305
719 647
719 28
719 551
719 33
719 209
719 677
719 774
719 15
719 43
719 491
728 652
