518 120
91 113
518 309
524 688
171 323
409 340
243 127
524 505
116 224
606 617
442 500
540 230
238 95
517 229
203 394
58 167
653 602
91 483
236 541
222 386
686 584
606 660
105 225
594 133
442 491
583 430
606 253
345 191
594 281
517 218
382 691
244 473
686 349
594 219
409 658
243 622
222 502
654 469
524 10
243 470
194 5
442 164
524 269
409 96
686 564
236 348
345 619
517 275
541 664
382 620
671 276
238 304
431 574
639 55
639 582
203 269
583 460
606 353
123 380
222 233
244 34
194 270
238 471
517 374
524 682
203 628
31 178
243 669
245 306
238 610
639 22
639 497
243 675
105 510
442 674
236 659
345 291
431 660
541 170
639 255
606 221
74 117
123 9
654 541
345 28
431 329
524 145
594 579
382 248
105 572
236 635
686 468
518 233
653 600
194 352
517 309
203 207
606 593
518 347
686 309
654 186
91 422
243 144
524 387
686 325
116 524
431 529
345 215
431 26
123 274
244 66
639 485
238 162
91 587
194 419
639 325
74 389
606 355
58 270
654 361
51 151
540 531
517 99
203 656
243 58
345 349
244 108
686 523
442 609
91 407
123 343
238 7
238 498
74 578
606 83
31 557
671 454
653 327
243 187
686 73
116 277
541 243
194 119
653 634
31 81
203 108
123 498
91 184
203 63
431 417
409 111
222 64
518 36
203 352
194 453
583 139
541 321
541 566
243 116
606 492
171 429
74 314
516 443
345 416
171 59
442 355
345 168
51 55
123 565
123 219
245 369
594 501
518 690
51 431
31 522
516 12
686 489
51 237
345 95
31 319
236 544
639 78
91 426
91 547
540 241
639 278
382 653
654 478
116 461
671 341
517 676
594 504
540 305
244 395
442 686
345 199
51 37
238 620
238 399
686 456
245 388
243 271
431 87
671 512
517 474
116 643
671 180
244 676
442 264
74 10
517 513
517 267
653 338
431 433
594 127
594 526
409 108
409 61
222 26
238 296
238 539
171 163
345 467
671 546
654 351
541 348
654 366
74 689
31 606
686 60
442 420
123 216
345 314
431 387
91 650
654 14
244 461
517 170
604 616
244 223
654 79
654 671
516 68
116 330
517 469
686 550
540 214
116 595
105 16
541 672
540 604
105 287
171 562
245 215
91 487
686 197
31 181
639 588
604 81
541 628
686 359
639 378
654 197
518 295
105 529
540 313
345 413
671 291
91 594
245 77
540 485
58 577
194 245
105 238
541 540
409 185
105 418
517 163
671 588
105 666
524 570
238 633
409 205
105 474
442 85
123 299
583 196
431 371
238 174
91 580
171 111
171 641
541 458
639 216
171 310
116 481
243 30
654 400
91 310
123 617
686 299
524 128
244 239
442 673
686 395
382 521
671 25
516 42
382 533
517 332
244 524
123 222
541 78
654 333
604 565
594 620
382 560
345 152
203 129
518 241
123 333
686 617
540 57
51 415
243 691
238 575
524 562
686 532
653 654
524 294
516 524
382 337
171 208
583 573
222 528
244 280
244 525
686 672
442 308
345 69
671 209
409 633
541 441
222 646
606 657
236 29
524 270
431 482
244 282
236 677
604 523
382 115
194 480
671 371
606 466
431 671
222 16
541 659
243 259
653 325
236 660
639 441
105 489
606 296
654 491
91 664
431 537
105 574
516 312
222 608
604 673
524 425
382 623
236 525
639 642
594 370
594 553
639 248
58 35
74 323
222 356
594 147
653 639
243 373
245 576
194 501
243 45
345 22
244 464
604 398
74 59
541 196
74 506
516 583
671 583
244 220
194 484
245 50
171 52
524 684
654 675
245 604
194 2
409 243
244 447
409 343
686 193
639 5
583 58
105 476
203 671
74 677
431 438
51 190
123 501
238 495
517 384
517 437
238 398
245 416
524 390
442 623
583 78
222 523
583 342
516 317
516 627
203 225
431 338
58 516
74 271
243 17
236 109
442 35
51 79
238 469
91 327
517 622
58 268
51 287
594 264
518 404
382 29
431 354
238 263
58 582
671 252
222 442
583 509
653 637
540 432
517 257
653 47
194 520
409 501
58 644
654 424
243 645
671 99
686 155
31 195
345 657
91 266
116 493
518 598
116 249
686 572
431 446
345 514
116 494
203 56
58 508
594 488
583 390
541 455
31 221
604 575
518 629
203 464
51 444
194 87
171 260
238 259
245 688
409 447
123 673
671 56
524 479
686 319
442 448
116 208
236 600
516 472
31 645
222 433
243 567
105 389
583 14
51 344
244 561
74 300
245 221
243 538
123 659
74 332
382 131
639 383
409 470
244 261
686 29
671 9
541 388
194 580
116 125
431 565
382 281
222 55
222 412
203 468
382 566
236 251
540 360
51 46
540 323
654 249
516 675
74 52
517 650
51 202
516 143
583 633
541 508
171 249
604 125
686 638
604 22
31 392
540 517
517 477
517 76
639 405
442 531
105 657
518 553
409 518
518 596
604 635
604 657
653 618
671 339
594 236
382 397
245 151
431 64
345 608
541 340
194 473
236 529
541 678
639 363
243 624
409 154
91 446
105 27
541 90
524 88
583 553
51 527
105 87
518 510
409 226
540 182
540 610
105 174
123 517
583 627
244 541
345 77
382 636
31 641
686 300
583 676
345 578
51 469
105 498
583 153
238 85
105 344
116 393
105 302
540 381
653 284
58 408
244 542
345 305
431 418
594 463
518 457
194 340
518 600
123 101
91 353
243 97
518 155
345 170
442 683
654 301
409 220
105 374
604 485
653 690
409 66
518 244
524 561
540 568
31 98
654 639
654 160
516 336
431 408
604 377
540 66
653 149
382 541
382 540
245 644
442 485
203 437
541 597
524 113
236 631
243 391
74 61
653 488
516 342
594 149
31 358
244 681
51 653
74 71
540 590
171 71
171 480
123 55
74 402
222 11
606 32
540 631
244 87
91 688
583 216
606 197
194 287
345 142
540 134
431 362
583 435
222 559
524 277
203 399
524 421
686 141
243 427
194 467
583 444
540 377
243 264
31 431
540 651
382 63
686 127
594 592
244 403
516 152
171 483
74 588
244 639
540 228
442 188
345 394
203 76
31 233
243 353
606 536
517 677
518 621
123 593
686 78
74 440
243 49
686 627
203 53
238 320
654 313
74 295
583 55
243 33
594 549
516 412
116 220
203 573
31 237
51 156
524 560
594 198
171 333
382 213
686 600
442 444
517 492
516 202
442 344
116 548
245 479
524 526
31 346
31 490
409 24
686 20
105 688
594 411
31 405
203 387
409 179
222 589
222 645
243 365
243 534
244 354
431 315
91 72
236 574
123 251
686 330
203 669
604 391
442 425
116 560
409 537
583 324
583 357
116 283
604 354
524 52
409 639
431 492
222 229
409 120
203 540
540 41
116 322
606 551
541 189
194 52
604 609
431 682
524 167
583 636
431 425
171 570
123 399
382 48
442 189
594 602
58 111
116 331
442 567
243 332
431 1
594 304
116 466
583 332
51 593
245 285
594 48
171 280
518 140
442 292
58 669
518 226
51 620
604 84
238 240
245 299
243 680
639 580
203 381
194 182
517 527
91 519
518 30
653 363
243 223
105 155
58 307
105 650
51 382
123 169
123 386
31 239
194 200
203 223
116 650
203 193
518 610
123 67
222 504
606 430
194 209
653 193
604 640
604 355
639 525
74 257
116 185
540 675
91 488
74 399
431 52
171 116
540 687
653 171
236 510
594 535
653 139
594 521
686 667
518 86
517 416
583 174
516 326
236 73
409 306
524 464
105 333
245 242
583 47
518 354
245 542
653 368
203 258
51 672
431 528
583 419
594 201
74 539
236 520
243 648
58 648
671 69
541 602
244 120
382 27
74 508
245 73
194 463
516 602
639 448
686 111
671 338
105 68
409 40
244 122
518 308
105 606
671 316
653 107
431 211
686 130
58 581
194 618
431 557
203 654
516 369
203 558
58 680
244 467
540 26
171 454
171 579
123 491
382 316
442 581
517 680
91 419
74 223
245 15
243 258
604 139
116 316
31 67
203 190
604 677
442 507
604 87
639 173
516 306
382 344
171 88
442 534
382 324
583 481
243 105
243 439
639 104
524 609
594 46
540 678
639 90
524 215
203 105
606 231
116 308
91 321
244 84
654 490
51 430
604 437
653 191
244 575
409 570
238 249
222 432
594 541
639 575
31 162
524 149
409 274
194 249
171 198
245 127
31 269
671 294
171 608
91 325
604 379
409 482
222 188
123 652
105 99
244 146
171 401
583 664
243 358
222 403
653 21
518 198
203 83
594 247
91 390
541 238
245 55
74 38
345 356
91 687
516 206
105 152
583 129
236 167
671 370
74 686
74 553
604 345
382 390
604 52
382 71
686 460
541 593
244 439
382 584
58 193
51 325
123 247
244 492
91 107
243 104
518 556
606 453
194 607
105 651
382 594
541 343
654 422
431 318
105 356
194 313
594 524
203 383
639 307
123 193
654 31
203 103
123 523
541 591
654 310
671 652
431 491
244 604
345 275
653 510
116 571
540 232
244 680
382 11
245 489
431 442
236 219
74 339
524 447
382 75
51 281
409 593
583 143
518 664
524 476
382 125
516 628
431 3
604 589
431 19
442 679
58 620
431 187
594 166
686 431
583 310
345 587
382 410
105 223
222 29
442 296
606 285
686 274
238 284
606 49
431 11
382 308
91 75
604 531
517 413
639 568
516 198
345 104
518 109
653 464
671 129
594 326
517 11
653 104
606 327
