31 244
31 489
31 340
31 485
31 452
31 266
51 408
58 382
58 592
58 204
58 16
58 220
58 316
58 190
58 171
58 542
58 202
58 472
58 606
58 200
58 517
74 243
74 144
74 641
74 16
74 617
74 540
74 307
91 472
105 74
116 51
116 328
116 238
116 80
116 246
116 690
116 672
116 621
116 327
116 534
123 407
171 382
194 570
194 507
194 604
194 477
194 577
194 690
222 400
236 328
238 171
243 236
243 238
244 516
244 629
244 266
244 340
244 566
244 489
245 654
245 374
245 459
245 128
245 645
245 524
345 355
382 400
382 287
382 325
382 259
382 616
382 272
409 422
409 543
409 478
409 253
409 436
409 428
409 569
409 58
409 335
409 606
409 621
409 223
409 222
409 291
409 643
431 58
442 73
442 540
442 570
516 485
516 566
516 31
516 520
516 244
517 654
518 286
524 245
540 434
540 272
540 296
540 236
540 507
583 171
594 604
594 396
604 296
604 199
604 102
604 416
604 544
604 114
604 400
604 152
604 17
604 504
604 365
604 675
604 217
604 185
604 573
604 293
604 527
604 4
604 77
604 353
604 436
604 183
604 629
604 95
604 65
604 541
604 378
606 472
639 442
653 604
654 128
654 150
654 573
654 138
654 459
654 245
654 296
654 9
654 594
671 559
671 70
671 38
671 416
671 566
671 665
671 532
671 511
671 432
671 462
671 353
671 3
671 268
671 403
671 185
671 323
671 470
671 541
671 373
671 596
671 504
671 72
671 422
671 481
671 643
671 485
671 199
671 122
686 149
