2 641
7 605
7 367
7 4
7 22
7 350
7 1106
7 548
7 125
7 354
7 9
7 383
7 670
7 936
7 483
7 1147
7 525
7 1131
7 498
7 795
7 457
7 373
7 108
7 762
7 256
7 325
7 94
7 625
7 725
7 405
7 665
7 1165
7 678
7 1138
7 798
7 628
18 490
18 292
18 986
20 873
20 1147
20 198
20 901
20 483
20 763
22 605
22 871
22 398
22 383
22 484
22 108
22 483
22 525
22 670
22 366
22 548
22 330
22 683
22 834
22 561
22 884
22 373
22 625
22 936
22 9
22 795
22 552
22 325
22 798
22 4
22 665
22 367
22 744
22 350
22 1165
22 1138
22 354
22 648
40 220
40 933
40 993
40 78
40 858
40 603
52 484
62 736
62 55
62 1156
62 967
68 92
68 133
68 803
68 1148
68 543
68 1156
68 174
68 181
68 857
68 290
68 923
68 130
68 1071
68 721
68 442
68 228
68 904
68 890
68 1152
68 162
68 507
68 1077
68 654
68 853
68 283
68 858
68 790
68 1164
68 839
68 730
68 491
68 755
68 381
68 482
68 170
69 438
76 104
76 596
76 1165
76 40
76 846
76 1177
76 1077
76 1156
76 638
76 779
76 930
76 1046
76 721
76 781
76 980
76 220
78 312
78 1077
78 40
78 1052
78 667
78 853
78 44
78 1096
78 1039
78 1025
78 721
78 875
78 439
78 575
78 858
99 901
100 857
100 1196
100 637
112 1192
130 581
130 677
150 66
150 258
150 163
150 877
150 305
150 214
151 885
152 967
152 62
166 921
166 743
166 300
166 76
167 527
168 638
168 678
178 288
178 882
178 605
178 725
178 346
178 330
178 1054
178 274
178 726
178 350
178 770
178 832
178 884
178 485
178 219
178 667
178 311
178 798
178 795
179 1038
180 339
196 384
196 858
196 1177
198 126
198 228
198 1200
198 376
198 245
198 966
198 658
198 350
198 265
198 951
198 53
198 438
198 395
198 491
198 399
198 52
198 389
198 899
198 908
198 1124
198 976
198 770
198 958
198 63
198 739
198 423
198 1116
198 523
198 942
198 823
198 1158
198 732
198 804
198 1106
198 294
198 310
198 898
198 1046
198 185
198 729
198 28
198 900
198 1041
198 1142
198 968
198 459
198 252
198 190
198 34
198 546
198 475
198 879
198 306
198 1174
198 1059
198 364
198 439
198 940
198 1179
198 905
198 1122
198 535
198 172
198 357
198 1057
198 381
198 1184
198 859
198 615
198 448
198 906
198 404
198 469
198 354
198 237
198 75
198 682
198 463
198 100
198 257
198 726
198 600
198 291
198 854
198 1023
198 891
198 549
198 366
198 481
198 957
198 885
198 796
198 1193
198 144
198 159
198 675
198 156
198 567
198 435
205 683
205 125
228 1144
228 68
228 621
228 918
228 589
228 100
228 1025
228 811
228 889
228 196
240 214
240 1041
240 291
240 877
246 502
246 1162
246 574
246 300
246 312
246 57
246 794
246 842
246 898
246 757
246 975
246 1054
246 1005
246 168
246 483
246 823
246 69
246 399
246 233
246 1130
246 966
246 655
246 681
246 425
246 60
246 75
246 944
246 74
246 868
246 164
246 857
246 869
246 780
246 801
246 654
246 711
246 1107
246 734
246 40
255 1146
255 831
255 662
274 795
274 178
274 1054
274 605
277 1008
277 428
277 581
277 1183
277 797
277 300
277 956
277 1179
277 1041
277 617
277 930
277 79
277 858
277 694
277 268
277 384
277 706
277 977
294 71
300 999
312 78
324 490
339 885
339 527
339 1142
339 306
339 180
339 1165
354 364
354 1142
354 206
354 1106
354 762
354 4
354 367
354 325
354 725
354 330
354 871
354 125
354 628
354 726
354 936
354 884
354 171
354 256
354 483
354 9
354 383
354 648
354 474
354 561
354 665
354 1138
354 552
354 1190
354 457
354 1131
354 22
354 605
354 1165
354 366
354 670
354 793
384 608
384 1035
384 930
384 59
384 326
384 142
384 440
384 1170
384 268
384 491
384 1033
384 439
384 736
384 164
384 135
384 810
384 858
384 1185
384 484
384 714
384 335
384 544
384 1187
384 700
384 638
384 1195
384 229
384 196
384 581
384 735
384 857
384 1095
384 1088
384 738
384 546
384 57
384 1041
384 500
384 118
384 129
384 312
384 575
384 534
384 1102
384 255
386 889
390 89
415 662
415 18
415 255
415 1146
419 527
419 864
419 1170
454 1156
454 179
460 168
460 327
460 672
460 858
460 921
460 1128
469 888
479 1192
480 1156
483 648
483 18
483 1165
483 675
483 858
483 228
483 384
483 246
483 330
483 1147
483 1156
483 7
483 20
483 977
483 130
505 767
525 7
525 483
525 1147
525 670
525 628
525 762
525 605
525 22
525 4
525 1106
525 548
525 125
525 834
525 484
525 871
525 793
525 134
525 561
525 552
525 350
525 498
525 726
525 398
525 648
525 457
525 366
525 884
525 725
525 625
525 354
525 607
525 1142
527 419
527 339
527 167
529 171
543 216
575 1011
575 415
575 511
579 261
581 889
581 78
581 575
587 225
587 421
587 977
587 1136
587 20
587 1082
587 218
589 711
596 858
621 228
621 1085
621 711
641 579
648 936
648 628
648 1106
648 834
648 561
648 1165
648 94
648 4
648 625
648 744
648 1147
648 473
648 607
648 762
648 793
648 330
648 398
648 373
648 484
648 325
648 366
648 871
648 605
648 367
648 795
648 7
648 798
648 350
648 48
648 483
648 9
648 1190
648 670
648 22
662 1146
662 255
662 415
664 973
664 339
666 1192
666 112
684 827
685 474
714 589
714 781
714 647
714 455
714 800
714 425
714 1101
714 483
714 728
714 803
714 826
714 1132
721 326
736 575
736 811
736 819
743 853
743 152
743 62
743 967
778 846
780 901
790 538
800 587
800 338
800 1166
800 435
800 483
800 803
800 762
800 781
800 463
800 1101
800 858
800 455
800 99
800 714
803 575
811 608
811 1096
811 800
819 506
819 1053
819 129
819 858
819 843
819 78
819 878
819 602
819 1156
819 806
819 188
819 8
819 1092
819 1037
819 444
819 584
819 1095
819 29
819 1167
819 90
819 977
819 404
819 1177
819 548
819 579
827 1147
827 684
827 185
831 1146
831 415
831 948
831 376
831 718
831 738
831 454
831 834
831 1084
831 1049
831 861
831 1041
831 277
831 12
831 406
839 384
846 977
846 953
846 790
846 330
846 567
846 446
846 428
846 887
846 68
846 950
846 736
846 426
846 1196
846 534
846 75
846 1130
846 1092
846 140
846 882
846 139
846 944
846 818
846 467
846 781
846 164
846 102
846 1082
847 575
847 977
847 326
847 736
857 100
857 1088
857 246
858 255
858 579
858 1170
858 164
858 1182
858 1095
858 196
858 1187
858 999
858 1035
858 26
858 118
858 40
858 575
858 384
858 979
858 326
858 930
858 735
858 59
858 335
858 217
858 1041
858 839
858 500
858 1148
858 977
858 160
885 491
885 410
885 205
885 1132
885 1119
899 480
901 977
901 425
901 898
901 780
901 705
901 1095
917 44
917 242
917 1102
918 1025
918 228
918 473
921 0
921 460
931 339
950 62
950 152
955 258
955 252
955 53
956 1041
956 839
956 100
967 152
967 62
967 1041
977 330
977 976
977 1044
977 491
977 126
977 827
977 1200
977 741
977 91
977 131
977 319
977 343
977 665
977 1179
977 26
977 95
977 901
977 366
977 237
977 210
977 877
977 739
977 1129
977 18
977 75
977 898
977 986
977 551
977 1089
977 463
977 423
977 192
977 871
977 910
977 520
977 879
977 647
977 325
977 612
977 181
977 845
977 881
977 439
977 271
977 308
977 885
977 770
977 228
977 1101
977 859
977 546
977 600
977 36
977 951
977 780
977 144
977 899
977 1174
977 1127
977 409
977 579
977 291
977 25
977 675
977 555
977 817
977 854
977 230
977 178
977 732
977 1142
977 586
977 164
977 857
977 100
977 483
989 1025
989 164
989 384
993 1034
1006 691
1013 1146
1022 277
1025 989
1025 711
1025 621
1027 112
1035 612
1035 858
1035 126
1035 300
1035 40
1035 999
1035 22
1039 1197
1041 133
1041 468
1041 588
1041 401
1041 829
1041 377
1041 426
1041 946
1041 803
1041 977
1041 858
1041 57
1041 1095
1041 166
1041 668
1041 608
1041 482
1041 614
1041 886
1041 1004
1041 956
1041 371
1041 109
1041 834
1041 806
1041 339
1041 384
1041 511
1041 135
1041 967
1041 490
1041 999
1041 247
1041 846
1041 579
1041 397
1041 736
1041 124
1041 164
1059 1054
1059 795
1059 330
1059 726
1059 770
1059 288
1059 346
1059 882
1059 311
1059 832
1059 667
1068 4
1068 1165
1068 793
1072 168
1082 483
1082 587
1085 621
1088 957
1088 135
1088 230
1088 1039
1088 5
1088 1156
1088 906
1088 889
1088 290
1088 1021
1088 245
1088 130
1088 546
1088 269
1088 319
1088 57
1088 900
1088 1178
1088 140
1088 781
1088 147
1088 182
1088 945
1088 711
1088 392
1088 218
1088 721
1088 342
1088 407
1088 977
1088 366
1088 22
1088 1186
1088 615
1088 1147
1088 400
1088 446
1088 657
1088 777
1088 468
1088 278
1088 773
1088 43
1088 120
1088 60
1088 757
1095 846
1096 785
1096 400
1096 828
1096 1140
1096 338
1096 647
1096 442
1096 384
1096 822
1096 692
1096 399
1096 44
1096 86
1096 1171
1096 827
1096 1120
1096 602
1096 146
1096 1077
1096 290
1096 1052
1096 312
1096 811
1096 78
1096 540
1096 667
1096 1025
1096 758
1096 56
1096 789
1096 568
1096 339
1096 518
1096 904
1096 324
1096 28
1096 853
1096 483
1096 575
1096 775
1096 569
1096 800
1096 858
1096 261
1096 1039
1096 217
1096 191
1102 242
1102 463
1102 527
1102 809
1131 22
1131 256
1131 1138
1131 7
1131 726
1131 484
1131 354
1131 325
1131 648
1131 9
1131 405
1131 366
1131 725
1131 744
1131 1147
1131 48
1132 44
1132 66
1132 419
1132 917
1132 1102
1132 885
1132 339
1132 809
1132 463
1144 189
1144 1173
1144 826
1144 228
1146 940
1146 921
1146 255
1146 415
1146 662
1156 7
1156 823
1156 135
1156 1040
1165 725
1165 108
1165 125
1165 882
1165 884
1165 568
1165 726
1165 1050
1165 474
1165 525
1165 483
1165 339
1165 795
1165 330
1165 9
1165 134
1170 474
1173 1144
1175 803
1175 57
1175 839
1175 1156
1175 847
1175 993
1175 843
1175 220
1177 228
1177 1112
1177 196
1177 156
1177 468
1177 977
1177 546
1177 399
1186 1006
1192 666
1192 112
1192 853
1192 163
1192 305
1196 100
1196 463
1196 40
1196 1049
1196 130
1196 435
1196 1017
1196 1001
1196 977
1196 612
1196 1183
1196 946
1196 857
1196 1026
1196 135
