78 1033
1068 608
20 572
899 194
743 670
312 336
736 172
885 852
1085 1065
931 86
179 1146
1173 537
858 907
168 805
505 355
736 398
641 1117
505 331
543 933
1068 960
1192 808
579 293
899 136
1025 15
921 238
1006 96
505 1072
847 552
587 618
1096 419
178 368
1013 79
505 637
505 61
741 824
641 84
967 816
812 205
950 1028
390 454
1027 116
1131 248
1175 1167
294 194
454 1179
112 1136
151 814
99 1117
827 578
1196 953
827 385
274 1037
529 909
179 1196
831 79
100 732
505 368
354 780
178 1171
831 17
977 614
69 1128
875 596
581 1027
78 246
179 311
993 1120
20 1064
1177 706
1186 1145
384 514
104 381
469 1014
1192 1118
1072 0
166 581
415 852
589 913
953 885
736 993
662 1169
921 987
505 576
100 820
277 501
130 856
977 706
255 1054
790 610
684 324
885 346
648 766
581 21
454 1178
384 1049
846 945
166 718
1170 952
931 1081
1197 566
78 275
839 561
151 1026
62 832
150 717
1192 1147
22 331
112 1170
950 1167
14 191
587 1114
1175 950
20 419
460 726
579 565
641 439
721 932
790 1012
917 1038
901 1085
847 208
918 849
811 926
480 356
384 381
1175 723
294 297
989 18
180 712
469 757
641 479
901 657
20 646
684 350
917 561
460 60
1035 325
1013 609
130 901
99 1018
390 582
300 127
52 203
2 976
918 29
198 767
685 767
1041 629
543 847
1197 1077
1197 916
1096 200
803 135
662 158
294 907
529 24
151 495
22 876
1131 1048
543 1069
1146 889
1096 987
205 99
167 125
1102 1051
917 245
721 687
180 102
955 564
1050 484
454 27
1144 741
621 1091
741 553
917 1195
180 1163
339 546
384 872
899 1068
294 143
918 459
277 30
1146 1183
1192 533
180 1110
505 721
736 740
921 1089
69 974
641 997
40 570
857 726
112 241
953 1051
68 557
1041 229
666 1019
240 831
460 932
483 928
2 997
343 61
917 226
857 253
1013 973
168 47
596 407
76 113
953 56
151 536
354 897
589 664
956 507
228 447
1068 918
1146 232
931 879
741 995
529 421
955 289
312 918
505 157
621 62
684 316
1041 843
575 329
505 863
179 1164
839 900
339 229
324 48
1025 282
953 270
419 619
228 922
666 156
666 54
917 103
885 605
684 743
7 1173
1095 1068
529 926
857 862
1013 628
1177 99
956 686
1072 759
1085 419
68 456
240 980
339 77
931 293
857 449
621 405
956 392
339 693
151 1050
1027 902
151 958
240 680
931 965
1095 82
579 920
419 733
312 143
196 60
993 821
18 162
998 308
581 506
390 493
480 1004
875 205
899 326
20 389
339 382
167 855
312 891
543 952
151 756
40 653
1068 89
989 293
931 518
1102 860
736 237
917 93
790 850
587 353
967 411
1095 2
664 111
1068 1104
736 1039
575 204
529 945
52 725
460 1084
931 930
885 942
62 1089
386 424
1082 856
324 173
1197 730
167 60
20 793
1006 1112
1072 643
1192 142
721 1042
989 342
469 864
596 168
1072 991
180 418
52 542
664 861
326 533
1039 949
483 149
1050 161
343 177
721 179
69 145
179 118
22 789
166 1164
198 1097
1022 611
1085 504
22 64
741 427
312 844
857 841
240 344
419 574
1173 130
1102 740
1102 290
666 699
1041 232
529 595
168 631
469 416
589 528
22 652
277 798
950 644
1041 77
274 343
741 1163
151 783
167 600
1088 367
76 870
1144 1065
1173 875
1102 165
917 481
1186 900
274 245
819 652
168 317
587 578
179 228
196 303
130 197
22 599
384 416
354 268
1072 946
479 1035
527 720
998 41
575 655
1006 995
1025 1033
989 812
69 161
99 474
953 381
885 60
800 499
300 438
998 597
1085 836
1035 677
1082 480
803 1115
953 842
1039 274
1068 36
1068 167
579 429
917 120
324 1130
198 719
1035 1129
480 1020
1059 940
1025 890
827 545
803 968
589 262
953 318
1059 535
847 34
1165 1020
1128 881
274 919
800 144
790 505
1132 364
69 1064
326 703
918 354
736 1105
112 320
741 1151
527 895
1192 300
1165 70
40 31
246 978
168 213
953 10
483 80
306 955
819 401
454 704
819 532
130 716
875 506
1059 325
198 668
714 378
255 613
819 565
246 797
1025 78
460 822
1022 944
858 244
104 68
78 24
454 337
955 292
1165 206
20 750
179 768
664 541
339 1078
386 191
666 36
1192 865
78 367
977 278
812 514
1131 154
1088 1108
505 378
641 304
18 823
354 1150
641 715
76 377
1085 618
1085 1197
931 182
917 646
130 1069
1059 521
343 817
100 1020
1170 616
956 399
306 889
78 288
662 1168
790 414
18 121
1175 129
950 1106
255 565
1022 970
1128 1141
167 999
454 43
479 822
152 384
1041 889
1196 429
312 941
736 539
1144 940
1186 1182
240 145
104 391
641 741
543 981
831 880
454 990
151 88
1013 14
955 301
343 1021
324 488
1165 341
953 279
741 390
178 208
14 80
255 516
741 1079
1085 200
1059 809
505 100
827 486
931 469
415 954
921 191
977 1115
1082 1077
104 66
1082 55
1068 561
529 467
664 179
1027 663
40 630
819 77
641 382
69 687
664 115
956 629
641 927
917 294
130 22
425 542
20 1040
240 1113
955 695
168 761
454 608
483 158
956 568
312 303
858 33
20 84
480 425
1131 771
104 1152
527 734
324 238
1072 70
875 748
68 156
1059 923
918 1202
736 541
180 713
274 396
736 849
384 320
800 944
1173 897
967 605
812 251
839 292
168 1084
581 260
343 834
1146 1080
150 255
339 24
955 550
714 369
178 250
14 795
827 1034
846 229
998 1187
178 634
22 551
68 1073
20 665
953 175
22 891
714 541
525 1065
339 559
130 953
14 1191
743 172
525 218
166 554
343 603
1197 1093
875 1126
543 437
899 14
228 17
648 1158
228 778
641 793
1173 190
216 496
1192 266
778 1002
736 51
1197 587
596 890
543 980
955 637
7 702
1068 1061
931 303
1197 1082
953 829
415 63
1006 112
20 965
953 895
152 1151
1041 274
648 669
812 697
324 1082
641 1071
543 490
1013 557
641 160
454 736
1156 814
255 1082
168 875
846 118
7 21
1131 779
721 501
581 1140
1088 264
216 49
967 57
1022 509
1197 280
419 1138
343 665
1177 1120
150 303
664 663
62 7
343 1089
714 448
1096 239
967 1112
543 48
1197 348
1132 836
953 1176
274 614
415 570
1156 850
741 412
343 1138
483 891
69 768
152 31
178 699
1132 861
967 342
955 17
839 213
104 933
324 513
1025 853
62 464
527 786
1050 387
587 261
505 1170
20 871
324 574
205 973
811 411
2 644
40 1072
885 342
803 233
847 139
2 911
998 660
931 1133
1175 974
1165 144
596 365
743 1199
22 199
967 47
479 768
168 757
778 300
581 1200
1085 324
2 424
790 1183
306 957
827 557
1128 65
415 1021
917 613
993 1130
1085 193
858 526
714 650
1025 174
216 1090
1068 480
112 701
743 6
354 931
104 583
178 1093
52 1103
479 305
1128 173
714 432
1146 162
104 394
1175 1178
1186 231
575 562
662 1067
1035 374
1082 566
901 251
664 104
324 30
641 1007
277 707
529 290
1085 845
1027 712
780 258
130 345
228 1083
525 259
589 613
812 643
7 528
324 468
575 476
1025 622
967 416
858 824
1059 159
989 797
1177 623
40 139
306 528
1082 458
1177 732
277 149
1170 135
166 794
1146 642
662 843
589 942
846 880
1132 485
581 113
1170 1013
20 785
166 1075
596 578
76 93
743 418
527 504
425 454
621 188
918 109
847 42
152 1183
69 996
803 1088
390 591
339 98
714 614
1196 330
831 1090
977 109
899 173
1035 690
587 442
778 404
1025 735
648 120
989 1091
1177 1103
664 403
1175 548
505 151
899 904
255 905
277 658
803 1180
579 686
899 560
425 931
274 358
1027 856
1102 296
294 316
386 110
899 188
306 144
857 243
1196 941
1027 46
415 69
1128 1110
1039 4
180 1029
685 544
196 431
819 816
743 1028
1177 190
885 552
69 749
1088 426
803 100
812 875
1082 601
827 568
454 711
112 306
589 236
543 684
664 700
1165 874
527 1046
1186 617
246 43
277 302
953 938
483 456
324 19
587 752
78 781
324 524
354 201
1146 1068
666 336
454 525
339 274
205 539
130 1140
228 594
386 987
581 604
827 1184
99 1202
40 1191
339 1027
454 443
69 38
312 311
40 851
1146 722
953 1078
899 1056
339 858
216 1202
1132 298
950 835
714 1033
662 226
1072 378
525 144
1027 486
1132 824
460 606
343 769
1192 988
22 696
589 641
1085 537
800 236
99 12
1013 1026
390 168
803 66
294 464
384 899
306 343
76 396
989 492
812 911
1088 1126
662 776
741 359
179 1061
1027 354
1072 572
40 678
20 1156
1039 375
1192 764
955 716
312 130
525 43
386 277
274 73
811 275
1192 1143
596 673
800 1087
778 71
581 663
20 880
1165 488
130 1045
1102 703
69 0
575 129
1186 72
1059 532
1050 204
216 987
575 1173
967 163
685 827
977 627
790 209
306 295
40 681
78 689
228 880
1102 1024
1177 1155
858 346
196 420
1131 191
354 1137
875 388
831 627
956 76
1088 710
240 660
425 1168
803 333
543 366
967 531
1197 281
857 406
589 387
40 459
1186 1061
112 354
390 817
1175 586
827 259
899 286
18 376
130 1189
857 51
589 162
7 571
918 1161
415 548
354 2
240 537
246 121
386 1154
1088 507
240 1011
527 779
68 570
354 413
953 384
917 579
953 446
1102 819
575 585
100 442
240 372
666 843
1197 770
857 976
255 222
300 971
1035 980
151 620
1144 398
167 1155
831 394
1027 933
390 372
819 674
354 783
955 876
596 303
525 1074
846 716
839 1105
589 822
875 1125
100 1026
1088 360
2 167
1013 279
460 1122
527 20
812 806
875 1035
875 892
931 192
40 808
112 63
196 686
390 271
1165 189
277 869
827 815
454 61
899 1064
505 678
274 463
743 1002
112 399
480 600
1027 281
956 235
306 378
294 741
993 729
354 71
198 895
294 975
778 98
1022 280
343 666
899 1013
736 169
18 841
1059 118
78 542
1132 126
662 565
575 1067
1156 644
953 397
1102 887
543 244
827 227
803 700
918 379
1041 874
899 902
581 156
831 18
277 432
198 832
20 1129
1059 383
1035 1155
780 891
831 181
1165 644
196 515
112 177
1156 957
587 904
326 685
151 531
1085 509
664 61
130 160
819 170
167 15
831 187
483 81
14 416
166 890
1132 988
69 736
1196 942
104 735
525 1113
1050 1168
953 985
529 682
1131 231
581 829
196 251
483 327
112 309
1027 836
575 689
78 797
579 1070
425 532
1025 403
1006 95
7 477
648 1038
68 807
1177 917
240 489
812 901
621 758
324 1088
543 451
68 269
7 64
505 776
1013 706
20 643
956 844
685 809
415 291
917 626
228 671
803 1185
178 1195
1146 657
931 964
956 407
743 155
167 1053
386 136
1025 230
839 871
167 706
1041 520
1082 1017
246 248
1041 320
1146 502
277 363
803 449
993 1067
240 496
714 414
168 133
52 962
998 789
240 958
384 523
274 1038
1102 281
198 992
899 1029
1050 364
18 1129
621 569
300 1069
354 549
300 464
240 663
354 1184
847 1020
112 338
847 708
1192 102
312 1025
666 1169
228 970
778 959
529 1116
228 218
469 431
198 1156
1173 1185
454 746
543 692
180 1138
180 1149
483 274
529 851
180 182
1132 266
166 9
62 734
1039 967
1050 598
390 717
714 778
641 922
778 823
100 1032
386 695
130 539
525 305
780 528
168 236
1095 1049
78 106
736 1061
1177 662
1059 484
294 92
885 150
1132 27
179 343
104 1035
166 844
989 24
1197 1048
819 173
901 1155
1050 359
977 40
1006 1160
14 494
62 609
989 599
168 215
812 524
1082 1097
950 755
505 876
1085 627
168 1040
1146 1
621 884
469 586
1059 411
529 96
386 342
20 411
18 884
666 255
1177 483
246 202
790 512
167 1159
20 38
68 1119
198 462
386 153
921 1117
831 1144
1146 906
1170 964
78 512
505 725
721 837
780 922
22 184
1050 904
76 256
324 114
1144 568
621 917
1128 302
780 828
1096 33
274 430
7 1130
811 47
62 225
589 294
1022 761
743 1145
800 550
955 999
22 1021
1025 429
648 439
274 111
1192 665
875 1137
955 665
454 876
543 1076
339 551
666 1175
14 575
998 1049
180 604
324 861
1027 50
827 624
803 858
1173 109
1072 716
977 925
685 1081
479 981
575 484
151 681
216 1071
390 962
955 407
274 995
152 237
1165 1154
483 1022
743 1000
831 606
480 114
469 442
1186 707
152 288
621 677
857 507
581 311
300 116
384 935
953 1133
1072 76
2 84
921 619
664 806
1175 1002
112 224
205 84
977 473
324 722
858 395
800 1052
648 362
324 1078
69 651
1196 740
1035 909
875 888
714 159
343 1104
112 39
483 830
977 668
198 415
953 867
858 315
469 452
736 311
858 213
721 654
950 360
621 768
246 982
931 1002
811 638
104 680
847 1125
198 258
354 91
312 564
721 809
99 76
99 383
454 534
543 803
875 509
648 102
790 35
152 104
543 177
1128 657
525 270
998 986
52 351
14 440
666 827
1022 528
819 1194
198 932
166 809
589 1025
1096 877
1173 1154
741 897
1170 321
977 1074
1177 944
419 1111
917 161
950 379
989 261
857 710
1095 87
300 629
100 794
662 13
743 1026
950 882
641 962
130 480
641 1186
228 262
505 815
575 719
1156 115
736 364
326 1093
1156 132
1144 1001
480 1180
529 916
827 736
460 568
662 319
875 10
664 681
790 335
460 1025
255 928
579 637
1175 447
99 483
1041 1140
386 556
714 1167
1022 894
454 546
1177 540
1175 614
721 975
831 297
827 363
300 1111
7 1031
166 889
1186 95
589 1159
543 858
479 713
2 377
1006 1182
326 460
216 518
1082 518
168 363
150 663
953 1114
589 596
827 558
1131 520
621 817
104 154
104 1183
917 687
483 419
800 1028
662 321
1165 317
343 437
579 508
1072 619
1096 719
306 953
277 868
390 286
130 267
167 853
780 1029
294 124
956 1126
1059 719
641 602
1102 920
543 976
839 84
989 684
167 261
921 851
875 680
104 926
2 1003
811 887
1165 511
1170 16
454 51
1022 702
483 381
1170 861
666 590
1085 305
847 749
1102 1163
827 192
819 550
104 20
1039 127
300 100
425 924
527 280
847 84
99 1199
419 1136
666 1047
525 202
469 1072
917 1060
1144 76
1170 847
931 744
1059 727
998 741
339 908
390 696
847 582
977 344
294 831
1082 312
1096 397
989 778
1102 779
1144 810
454 22
953 233
575 594
921 813
454 832
579 738
885 219
100 570
1132 960
847 532
1025 1008
1085 1134
306 710
1144 1052
1041 141
104 516
196 967
151 301
1192 1046
339 1156
847 678
736 1116
662 665
778 917
22 135
1088 1175
18 308
1197 489
780 875
306 536
386 105
326 272
579 57
641 413
479 715
918 750
1177 413
390 863
2 271
589 427
479 1142
104 88
18 1
1085 304
1192 790
685 742
390 950
1027 906
130 746
641 773
1175 1138
921 432
811 259
1041 298
1186 432
1102 285
68 435
812 38
931 936
1177 400
326 536
1039 509
993 1074
52 336
956 1053
198 521
354 732
419 158
1022 175
228 1098
989 321
306 313
20 40
956 217
812 256
166 1199
18 421
1175 218
1177 572
240 782
1068 773
684 257
525 778
1096 962
62 465
529 807
130 488
454 145
621 328
1192 963
998 637
1082 1040
240 611
255 379
326 22
819 224
1170 316
1128 574
1170 206
778 461
168 270
950 398
1085 414
1027 1107
168 305
1088 1049
664 278
575 1054
953 634
803 263
575 715
1175 1146
1088 734
52 766
178 1037
324 274
967 908
641 541
180 864
525 819
790 804
525 953
150 773
1072 1009
1131 883
953 1087
575 110
469 1098
505 356
40 997
596 1000
857 1013
525 1115
811 247
953 26
339 1036
648 65
384 1063
901 889
846 358
662 1013
664 235
589 200
1039 349
621 903
736 337
885 307
989 871
228 1007
741 818
827 1025
2 443
875 128
899 565
2 285
579 101
899 1125
78 479
1196 725
800 673
240 1000
480 121
803 554
662 681
1006 1190
899 1053
1022 589
343 309
950 913
811 387
130 1196
228 774
921 90
662 833
339 6
216 447
384 734
1068 504
685 70
581 571
778 590
228 1071
78 562
505 313
664 786
1175 97
899 832
529 121
827 890
130 826
196 91
1085 976
167 346
1196 373
1146 370
22 449
1022 181
130 228
1006 364
1027 482
858 1118
150 539
685 512
1146 86
579 228
967 765
505 557
743 438
529 84
326 411
294 946
743 90
18 848
803 126
78 187
454 214
685 232
857 43
780 249
684 230
166 388
664 351
662 555
579 1019
955 891
1035 417
1186 1075
529 772
20 564
1096 854
178 305
415 437
1165 1077
505 231
1050 73
343 1164
1096 649
294 342
1177 576
460 310
62 739
579 104
306 43
22 918
1072 151
1192 730
324 519
1175 1140
1197 806
505 790
300 1009
621 372
384 107
527 409
778 186
150 937
846 823
1186 354
977 869
819 926
839 633
587 272
989 1023
885 1115
1197 960
977 490
454 909
1013 621
205 1136
99 704
479 70
780 1024
104 267
1146 742
483 1181
1022 1107
205 931
198 797
1165 1072
803 524
1059 307
917 593
858 264
1144 251
354 141
1022 888
2 832
819 696
112 887
621 1153
130 187
917 1142
480 423
950 1062
62 1094
827 124
1013 22
324 391
246 457
931 354
198 1110
62 334
469 96
483 520
918 310
967 1021
300 619
956 1140
858 914
14 551
790 1169
953 564
386 21
130 703
899 636
579 668
596 498
858 1178
100 218
780 155
529 598
811 818
1072 429
306 46
354 676
901 443
240 1171
1022 440
741 169
1022 4
166 573
1146 140
1027 1015
1165 1086
306 785
714 324
529 986
300 277
480 474
40 1011
1035 948
714 1059
2 1024
917 1180
811 945
847 385
1170 296
1035 1075
326 167
800 92
386 1060
917 439
240 313
1146 1164
812 244
811 908
989 1171
343 279
953 1186
1177 1101
998 399
1144 744
326 1073
955 815
343 149
68 175
52 430
1128 871
166 815
354 768
525 141
1095 698
386 389
1022 990
1144 200
1068 814
152 331
425 95
454 1
505 86
1013 879
641 930
989 180
525 1197
460 35
52 637
14 941
152 1133
425 1123
390 437
274 381
741 132
1025 1153
743 933
419 956
827 277
1196 363
998 26
899 29
240 1125
529 662
150 980
581 152
384 436
294 486
294 426
326 463
18 1113
931 459
1170 1167
589 662
575 274
529 973
99 526
14 904
255 1003
1035 577
1196 192
20 903
198 92
22 868
581 1123
1186 582
1173 13
479 1202
741 139
666 464
390 409
543 711
827 116
166 588
1102 935
953 1126
14 98
1068 212
339 1065
885 1122
899 1030
205 68
899 894
741 548
846 764
112 114
152 971
22 494
1146 537
343 934
168 478
989 480
1197 946
993 940
152 1002
956 647
152 723
178 357
1096 567
469 506
885 894
1027 760
415 80
255 1140
196 826
343 324
205 292
1059 9
527 1182
1027 201
803 739
918 826
955 374
858 30
847 578
1025 298
326 596
386 603
1165 291
240 1127
100 491
483 242
167 1173
1144 743
1177 798
977 734
166 331
2 445
99 960
741 895
1165 440
721 875
18 428
847 792
216 47
1022 1100
950 1147
7 338
743 87
339 1033
386 171
901 1194
917 146
721 10
803 789
648 535
384 427
743 1014
931 712
130 433
858 1196
1175 550
62 1138
950 885
130 253
575 723
819 573
151 24
22 384
839 648
1072 1139
993 173
166 320
14 386
998 1024
918 950
1095 891
505 1105
589 775
1192 946
76 875
460 743
778 116
460 339
525 849
918 104
100 788
803 1152
76 1020
1156 296
205 219
1177 294
22 356
1006 184
839 1063
1085 1140
1131 623
811 11
324 87
343 1153
1027 643
2 576
917 884
1173 541
130 1107
1192 297
527 257
901 629
1068 897
956 1062
956 996
1039 1048
99 1044
1173 599
178 282
989 19
998 199
277 46
721 1116
875 22
993 1101
1192 585
343 595
151 616
1146 321
575 872
460 30
967 33
76 713
648 872
76 351
1013 437
1170 735
918 518
998 317
152 156
196 16
306 253
1173 454
827 187
20 1168
931 711
827 443
1146 820
685 889
685 853
52 130
1173 702
1041 893
419 845
575 742
312 1039
993 935
1082 175
819 924
390 1022
419 3
1041 1198
684 653
130 31
743 325
527 49
803 129
384 666
714 33
69 665
917 827
7 223
921 726
112 336
1197 552
780 10
1059 728
1027 1069
527 867
22 787
196 944
300 146
1175 127
104 440
198 664
685 487
918 737
205 938
575 698
641 756
1022 492
780 1175
168 196
1170 1135
196 808
454 117
1082 825
480 969
811 370
18 620
621 1139
847 561
152 664
483 436
846 663
803 1129
811 359
743 220
78 1175
621 956
425 1165
1131 433
1085 78
240 379
581 325
99 756
831 200
384 665
425 329
931 396
778 1032
527 370
354 181
575 331
505 525
1006 1020
846 928
198 903
354 888
953 157
454 20
921 367
152 468
2 612
846 554
354 842
529 105
460 981
950 1188
274 1062
575 839
1128 73
1027 955
52 985
69 670
18 7
1192 1006
803 602
390 764
596 953
1132 1119
736 1077
386 239
274 1091
104 286
956 116
205 487
648 1056
1025 599
1128 49
198 503
68 258
151 724
1068 990
875 152
684 1002
1186 380
811 1188
20 3
901 1030
1197 1071
78 454
1027 660
1170 222
858 1011
1013 1043
587 1175
812 638
1186 1067
274 524
811 225
1197 724
666 386
956 115
1095 297
543 777
179 495
216 765
1131 173
525 566
40 421
415 938
664 454
167 10
1132 104
921 1064
921 649
40 894
1006 453
479 1125
1027 317
621 1121
1131 579
811 1005
846 871
1177 289
1050 442
993 1072
480 216
899 582
846 263
505 335
100 418
901 196
480 9
543 522
955 190
112 238
998 1097
847 361
579 826
22 59
205 301
1096 203
152 426
2 802
1050 248
454 500
178 312
425 955
390 1025
581 623
1082 935
112 451
339 869
921 1025
1177 173
505 360
1096 787
666 358
52 689
743 1048
1192 773
525 773
1025 822
778 471
300 374
1144 572
596 1154
277 378
179 1097
415 514
621 223
1165 1064
812 1195
917 820
1177 599
1025 167
1006 1102
1170 685
812 381
255 533
1022 377
294 923
587 204
831 583
480 901
1175 356
1144 127
168 598
178 16
228 293
460 909
112 135
1132 55
326 336
800 390
20 1054
846 920
800 466
931 107
505 38
1041 542
950 1001
112 1039
953 769
847 232
858 1139
684 864
7 1077
386 725
1128 231
390 38
419 89
78 809
1156 1058
685 752
857 450
22 377
1068 940
76 910
790 256
104 572
956 310
1035 813
917 461
167 1139
664 1020
1041 505
1156 1003
179 96
20 453
587 607
778 95
1059 339
18 432
917 386
1196 771
529 841
425 172
166 614
483 410
790 1125
480 359
479 394
483 512
68 1118
1095 897
1068 650
812 401
527 868
1170 14
956 380
1175 1024
956 1100
14 249
454 57
662 498
1027 463
1196 1162
641 652
76 1003
151 85
989 802
76 403
76 895
846 273
166 310
425 744
419 196
294 616
778 60
483 608
621 485
666 553
1177 448
847 1012
166 548
543 1119
1041 303
1006 365
1096 745
1095 686
419 308
1144 65
150 129
1072 253
78 845
469 486
69 233
180 239
2 861
790 1099
857 808
112 962
1006 104
790 780
152 88
1096 6
967 718
166 204
803 278
1144 867
68 8
527 537
839 228
1096 1068
419 264
589 609
167 99
1102 638
178 908
300 379
1095 845
1035 943
324 654
1027 215
741 793
998 691
40 649
196 258
425 259
76 205
790 144
1041 1177
839 658
736 404
483 1155
425 797
827 587
955 176
390 183
967 195
901 553
1144 819
384 490
205 414
179 199
68 646
1156 477
469 111
527 345
20 879
76 326
274 57
811 1125
480 700
741 617
901 325
469 747
1132 1164
803 942
1022 68
339 406
505 399
1102 695
7 384
1128 261
196 531
529 800
240 303
1186 1074
831 740
587 123
152 518
1131 33
166 724
819 707
100 872
543 860
306 940
1035 570
589 792
527 366
454 1121
246 735
277 187
68 604
179 1011
662 490
790 181
648 681
216 57
479 899
714 740
76 640
99 302
274 754
998 1051
104 812
918 457
100 318
1102 709
1006 392
1102 260
885 747
780 222
339 547
1068 823
339 930
1050 944
300 248
587 963
166 755
950 79
166 301
648 60
277 153
178 957
589 911
460 962
899 826
324 693
1088 1008
736 791
736 167
648 816
800 992
953 509
736 704
827 912
812 34
152 111
1041 788
1039 621
811 1033
419 437
1059 391
579 1043
989 799
1039 300
736 285
339 1010
579 1151
52 930
179 655
150 883
339 935
1131 95
684 65
901 675
69 448
300 731
621 309
339 458
386 464
743 214
479 26
1144 185
1177 7
384 94
918 951
977 35
7 539
205 984
857 57
714 1127
384 456
989 879
648 16
1035 543
99 110
14 90
1175 56
469 392
312 665
790 162
998 341
827 449
1085 384
581 85
1041 574
326 815
741 873
989 312
525 969
917 834
240 361
857 653
1165 470
483 201
22 662
425 147
666 1153
1013 485
150 988
130 1159
1186 663
1196 3
1131 161
1132 124
1013 950
1132 634
1041 82
7 1034
99 581
1082 555
1088 956
255 668
1197 56
1165 904
780 132
827 775
621 452
956 1008
901 478
819 331
205 429
505 1188
857 95
1095 475
1096 392
714 34
587 617
1095 544
100 531
22 590
343 9
7 407
196 1082
1165 24
736 610
899 642
479 438
529 593
454 288
1192 86
666 1079
1131 631
831 928
69 263
812 1055
811 848
811 910
14 523
1022 796
811 126
993 1163
1006 1018
425 355
277 683
596 1129
1085 72
1039 776
505 152
99 1126
666 565
166 1060
1173 308
294 122
18 224
166 673
480 520
1175 432
1173 436
76 717
228 846
312 973
1095 609
274 310
579 905
579 550
1192 765
1165 153
819 678
167 318
721 247
899 1157
1027 67
1175 18
52 1199
166 185
151 1076
1128 221
1006 102
641 975
1131 428
780 690
104 1147
721 945
20 161
1041 201
812 614
20 723
460 330
527 466
22 519
100 1021
167 161
525 593
1022 1203
1175 333
847 769
1088 444
178 988
460 928
875 295
180 532
294 798
7 771
885 2
78 146
1041 594
827 764
931 1100
306 548
1131 172
1059 138
1059 734
581 20
196 561
596 119
950 121
62 841
1050 1022
1027 503
343 814
587 461
956 437
918 1037
246 1038
967 41
40 855
1025 8
2 1007
666 383
1132 678
918 230
469 1054
1173 402
480 469
714 1058
99 359
1035 505
1006 903
950 622
1128 840
112 822
1050 663
18 364
1027 183
812 264
901 33
641 639
827 911
277 903
1022 122
812 71
198 717
62 1120
384 144
579 903
1177 1194
216 268
240 919
415 123
1025 1156
1085 740
685 997
780 539
885 124
1041 1161
589 580
543 947
811 31
246 802
579 480
1186 273
778 313
100 1036
579 260
167 551
741 954
993 771
100 968
685 909
255 1023
714 783
666 225
294 1028
112 799
1156 283
415 693
1132 579
1197 461
198 998
1027 1153
152 641
1170 981
847 1062
875 383
543 1116
1072 948
827 184
2 553
419 1047
99 193
917 1136
921 614
780 797
1128 795
76 1143
99 839
168 531
684 518
62 1192
166 793
527 79
899 1155
778 520
812 551
579 996
989 344
69 854
1096 1013
20 90
736 188
2 1049
917 838
277 291
931 277
993 680
246 299
179 71
736 1072
641 291
575 11
662 592
246 580
1041 753
1146 760
1096 69
721 91
525 511
1156 262
69 288
587 797
460 440
811 798
839 231
581 991
425 144
384 1114
736 29
812 602
846 1080
480 185
1039 587
1197 1102
527 180
1035 352
800 65
664 1181
525 272
425 335
931 1033
714 297
998 1087
589 578
525 597
1192 78
150 228
274 700
641 172
479 1023
1035 639
743 718
827 884
847 205
20 148
581 25
819 796
7 542
989 851
40 298
780 1171
885 306
69 511
967 1068
460 1010
294 873
1196 611
483 841
664 811
1082 500
918 46
1177 241
1013 824
1088 577
180 727
1072 1170
1068 1179
901 908
998 443
743 527
354 970
1146 116
166 1071
1027 624
875 1191
811 87
529 892
300 165
743 1194
917 515
14 302
1095 1080
150 476
180 81
1102 222
469 713
78 131
178 549
1170 276
977 176
918 717
100 819
998 926
778 698
384 662
885 273
78 960
300 13
1165 1160
460 303
390 601
664 227
425 694
664 233
168 997
22 382
901 532
846 508
993 1057
386 143
527 549
846 771
901 292
857 379
1196 351
52 364
1197 929
1085 951
179 911
641 912
543 589
112 98
180 766
1068 751
1082 741
1175 784
803 907
778 118
998 881
274 698
1128 1166
846 691
354 49
354 667
1006 116
62 936
7 891
587 1146
300 748
819 135
505 293
343 321
152 1163
831 622
1022 99
648 1179
62 375
917 618
255 507
277 74
858 780
7 114
1035 86
274 1118
469 692
1128 1105
1027 84
216 387
596 691
811 420
300 794
354 446
790 107
180 772
648 1159
216 459
527 1172
76 919
587 495
1196 681
130 888
167 270
685 860
274 702
1196 209
778 249
419 995
14 113
1095 300
240 266
1197 963
790 397
52 717
168 498
415 283
100 128
216 202
901 837
343 901
581 485
575 472
1156 155
255 263
662 643
460 355
899 449
846 57
875 8
1085 215
1035 337
527 902
7 538
621 576
22 57
1072 1069
240 589
483 581
875 994
736 304
216 972
99 200
78 524
587 1161
1170 392
525 1128
1096 1093
7 355
664 366
1196 914
811 1123
857 928
1059 948
52 376
1177 280
112 251
69 192
343 406
901 1069
1196 445
1006 498
354 1194
1025 709
179 1162
1085 1178
857 1203
14 646
1039 496
18 51
151 546
246 130
1128 741
1128 946
69 1136
1132 965
2 548
917 92
179 716
736 1041
819 1110
1170 351
736 424
1096 420
1102 131
274 1145
684 37
255 490
527 29
1175 5
1175 868
130 726
931 204
1144 19
1170 568
1027 819
62 925
875 107
993 226
790 83
483 438
648 145
743 371
22 46
1156 635
839 51
529 1008
1088 8
1132 687
1006 1042
1013 753
196 1103
621 421
827 987
1156 851
205 884
1082 459
812 372
52 912
294 964
274 205
977 367
18 1074
343 102
104 383
831 982
419 351
326 73
743 301
166 382
899 920
1025 1172
2 686
339 647
581 825
454 593
684 573
977 1191
931 881
917 195
953 1190
343 641
425 553
246 404
7 684
589 448
931 690
168 911
1006 250
483 407
386 922
150 876
240 80
180 976
104 454
721 318
300 432
819 798
343 821
1131 789
312 854
18 218
52 58
858 234
953 618
1035 289
950 691
1146 1197
274 686
953 482
205 1064
1041 984
1082 1093
1175 741
483 403
587 933
950 632
831 602
386 417
721 775
857 713
505 270
152 388
967 1135
454 570
69 440
921 482
857 823
956 1104
198 508
480 852
662 286
1059 210
846 607
274 181
1082 629
425 37
20 946
901 268
390 1049
419 326
505 673
505 512
885 255
1192 530
294 739
721 1126
899 208
579 92
312 101
743 240
7 802
22 503
104 989
306 585
1072 1122
1072 10
7 225
277 1100
460 74
228 419
460 500
662 457
977 72
575 36
743 1021
1128 180
579 65
575 1163
1146 88
1059 539
460 1014
505 140
99 677
1025 1125
1197 336
354 870
112 458
953 821
977 751
714 205
1096 1098
579 762
811 124
76 950
1186 424
901 895
685 492
543 102
178 453
384 764
847 180
198 904
714 225
1156 714
294 1013
955 149
743 998
216 1052
326 192
1131 199
1173 941
736 547
386 195
20 7
1144 949
198 679
917 976
846 557
1072 1073
1095 1160
14 543
18 651
1039 1167
167 707
300 947
1186 884
76 72
240 1094
151 1038
596 165
918 1154
152 747
419 443
581 990
454 69
306 783
1085 812
955 203
736 417
839 391
950 1087
993 40
469 1150
1050 1164
454 93
1196 1004
527 562
300 946
839 1149
1068 1181
857 374
662 326
1156 427
152 234
543 240
1165 845
20 359
277 151
977 329
20 638
858 641
240 289
1102 161
875 313
1095 629
921 1059
525 800
479 144
967 190
955 1172
1035 748
390 1092
1132 531
525 353
899 767
1059 1158
811 643
1144 700
790 543
1186 512
179 1095
306 346
714 467
1095 185
1186 385
803 168
1082 508
419 366
1025 683
1027 2
875 1199
950 183
989 443
419 340
685 726
216 168
14 1177
152 1069
62 298
956 67
255 79
1072 793
953 588
255 465
76 932
1102 1072
858 565
18 163
1088 811
130 1058
666 357
741 1019
1170 385
831 198
294 349
40 913
150 296
69 1134
415 947
1175 518
1068 442
831 773
1165 819
648 692
339 1145
543 1084
1128 401
589 794
1059 822
543 891
778 657
274 227
1177 1014
811 1138
743 666
1197 141
1096 196
505 412
839 887
18 811
800 702
525 351
1025 519
917 1160
1096 279
1177 395
205 609
1013 574
419 456
274 778
846 1192
527 862
955 561
339 1095
527 27
901 568
483 117
2 393
1013 269
178 14
18 95
62 134
100 1186
99 1028
993 451
384 1017
839 1072
386 70
1102 1044
384 498
955 843
240 959
684 803
1085 206
180 15
20 1133
1095 141
1128 1070
277 503
921 799
1025 14
1025 435
306 806
390 1096
167 216
390 1110
819 1047
847 275
525 951
1144 512
950 1040
152 67
596 170
150 552
419 557
1192 232
1128 621
1132 159
205 134
918 359
684 125
1131 71
18 352
78 226
885 364
415 745
846 317
847 389
151 114
1144 20
662 1031
1146 122
1082 502
967 285
858 809
100 634
527 729
587 876
921 948
167 507
228 1074
78 1047
685 462
419 259
505 8
390 1137
1175 996
151 571
641 1136
216 661
178 759
956 1134
641 911
7 888
312 82
858 364
803 399
198 909
460 227
151 400
967 368
384 854
858 620
22 840
1096 674
22 797
168 1035
196 362
857 904
198 959
460 907
811 762
1082 355
240 224
648 882
662 379
685 947
52 974
112 716
581 557
664 657
819 248
151 851
14 852
1006 1095
179 250
543 920
846 64
741 736
179 338
152 427
1156 197
7 555
899 477
1131 214
741 364
112 1125
130 537
1177 197
312 258
811 224
1025 13
714 789
641 209
589 402
998 231
581 153
246 722
205 256
977 989
76 1048
205 138
1039 209
858 1066
846 1098
1013 849
641 1126
1050 581
803 600
216 412
529 493
100 986
166 1067
1186 435
1041 609
684 655
800 975
1025 921
40 587
274 867
1131 502
343 446
857 1145
977 695
324 1044
415 696
151 332
664 901
1128 891
326 648
846 506
1022 602
312 1125
326 902
2 918
216 1109
581 355
1013 644
1035 383
7 282
527 488
800 820
589 1162
460 570
104 1150
684 145
178 495
384 648
1035 111
326 479
790 441
1088 7
294 674
1072 316
1072 752
7 1052
1186 573
1192 202
196 590
460 736
589 648
1173 394
875 262
483 677
198 370
2 75
274 1044
901 1081
100 560
857 696
790 184
354 439
989 86
1095 564
354 264
931 649
743 879
104 838
899 17
901 665
1197 163
460 969
525 1145
741 232
831 325
1022 459
589 522
1082 708
460 379
354 106
721 307
460 526
354 50
1196 306
1006 448
52 980
198 818
274 275
178 146
20 112
621 418
1095 156
1041 195
875 1111
228 157
343 1156
18 750
196 831
166 765
989 737
736 832
14 961
1197 764
967 750
1013 29
1144 680
819 517
300 831
589 1008
505 156
846 518
167 1116
7 1158
1175 383
1059 746
390 1187
179 32
1013 1072
343 574
1072 1183
7 1191
575 363
621 90
294 78
714 222
918 580
255 639
78 838
69 1102
1144 451
1088 440
343 311
780 1118
1146 1096
178 292
415 1179
901 858
505 269
917 904
479 924
40 433
415 651
228 397
1175 240
721 1156
390 898
20 592
684 124
858 796
100 838
790 32
662 272
168 1183
581 824
151 654
112 891
112 1160
150 454
168 18
425 418
277 686
150 65
415 378
1192 212
921 760
343 143
918 481
479 145
621 636
803 558
953 661
1096 579
390 11
1022 398
736 504
803 838
596 1178
846 801
1156 346
1144 749
324 247
819 650
931 522
480 254
1177 792
1165 743
68 744
1013 371
1050 678
581 503
641 533
596 763
575 378
950 876
1027 1126
7 424
1131 1166
1131 645
581 814
621 855
130 396
741 40
479 648
780 750
847 613
714 90
1041 852
1128 404
167 155
300 433
998 552
1096 298
179 923
300 561
800 63
168 424
274 749
790 89
575 460
812 483
812 449
917 252
419 1064
1128 425
1006 657
454 1012
78 835
1039 490
40 265
2 731
168 1185
819 114
621 133
166 767
846 1069
901 577
198 454
527 360
803 45
419 855
1072 784
480 196
648 835
240 1194
1006 1152
648 122
179 793
480 1087
666 193
69 25
480 1078
858 918
581 348
1041 592
179 477
641 1174
1095 504
596 348
1102 596
579 206
664 34
525 891
198 542
1186 902
1144 876
62 113
168 1116
641 402
354 729
198 683
621 990
62 90
419 1171
581 819
1072 340
543 387
741 951
529 739
846 211
543 1151
993 754
104 900
419 383
1102 582
68 77
1131 453
950 140
579 933
384 398
811 163
166 445
52 416
666 792
300 699
454 663
1088 1016
955 727
1013 1126
1146 715
425 1110
1035 273
1156 1125
1041 345
151 1066
384 791
166 1009
721 1164
277 152
666 95
354 985
1085 943
1177 79
662 945
1131 318
1082 445
100 416
525 905
274 442
99 710
899 242
827 1186
2 422
168 426
294 874
839 628
419 358
386 509
875 932
641 237
425 488
846 421
1072 546
76 81
180 1090
354 164
40 529
277 342
1072 472
819 555
415 332
875 137
800 970
354 276
993 985
811 769
1072 760
803 863
152 1113
168 325
950 148
1035 502
14 711
1072 588
216 631
479 805
662 577
812 392
1050 213
956 434
1013 1199
918 38
469 404
743 759
648 541
168 577
277 423
1041 538
415 197
69 504
1035 501
255 739
741 498
100 808
579 1127
587 376
2 272
648 1071
1128 1087
875 448
1186 458
579 1185
100 718
721 73
167 454
596 255
1022 743
581 544
1175 793
1006 679
384 502
274 810
664 592
76 851
390 1053
18 321
1050 140
579 218
130 7
324 556
479 289
483 799
300 544
993 74
1132 865
130 252
69 1202
587 598
1131 1182
354 258
179 1163
684 326
18 777
205 916
168 885
1072 25
1013 653
743 993
589 963
1035 895
743 929
812 637
2 232
78 742
778 641
1096 921
7 462
216 924
827 91
386 1001
931 125
100 638
480 307
1022 36
306 850
20 672
240 830
198 791
168 54
99 478
69 949
899 579
955 1050
847 928
780 454
1085 2
931 733
1146 367
68 332
69 506
579 657
1068 890
790 893
179 1193
1177 100
525 724
1025 9
790 939
62 827
1072 791
1006 510
166 781
99 937
857 1073
780 542
527 644
1196 296
529 691
100 8
543 528
240 1109
953 292
1146 285
386 1029
1082 351
1039 707
875 853
1102 815
178 594
993 1046
955 49
7 1030
803 794
847 863
998 205
68 921
1096 117
684 1003
1177 244
1096 280
1096 1000
68 638
741 762
581 487
339 994
454 159
196 279
778 501
104 544
666 632
780 666
1144 415
99 705
1035 907
354 619
857 529
714 1063
324 1079
1072 970
179 657
1165 427
166 874
575 111
112 568
240 1131
989 762
543 638
1035 884
1186 364
69 80
831 1077
641 90
918 989
1039 632
803 268
62 1046
529 413
354 1148
386 605
596 1055
62 962
112 630
543 445
178 1048
152 962
14 956
1013 1176
621 193
7 566
40 489
1177 871
811 499
921 62
977 465
277 325
179 439
967 812
2 704
1173 1108
885 47
246 439
950 985
529 472
425 607
858 408
354 136
20 1166
1006 245
543 750
1088 1087
685 1052
2 648
743 709
151 869
977 165
993 164
918 644
998 684
2 1080
390 424
885 685
7 96
274 597
743 866
18 871
847 231
831 290
827 708
326 4
847 782
790 827
811 1054
596 1185
790 463
1006 899
167 929
921 657
18 101
1186 1087
99 805
621 1004
525 324
641 274
324 333
1022 1065
918 653
1035 507
167 737
741 957
479 1126
953 230
918 713
480 191
1039 334
1197 270
857 131
180 710
14 436
78 319
294 327
479 150
78 616
22 34
1050 1202
918 23
846 469
839 587
343 247
255 877
803 625
479 977
575 25
40 354
839 925
998 359
778 29
324 447
390 410
419 272
1050 502
384 150
150 501
14 1183
483 606
621 68
68 360
240 1014
2 300
1102 569
1095 861
803 180
931 1109
800 357
1039 840
166 386
1072 433
300 916
390 1151
543 1152
885 1095
1102 753
780 972
130 42
857 234
246 1079
1072 565
14 553
178 671
300 7
240 239
343 1085
1177 297
918 389
1039 837
790 53
479 753
68 246
1096 1069
858 1098
1013 844
839 954
100 301
469 980
1027 604
666 894
52 488
543 892
1088 1100
525 1051
216 115
543 515
384 70
14 911
1131 1071
152 647
1059 445
662 724
575 169
179 887
454 622
1068 279
483 892
955 456
1013 734
1050 836
1197 1040
454 143
166 980
977 258
1175 392
1095 679
1095 260
1095 251
780 1157
543 804
741 774
469 41
1068 43
343 225
967 337
179 787
955 759
1096 102
1085 191
780 112
300 331
1085 369
989 129
581 588
1095 855
587 120
1196 207
390 459
1102 375
831 651
858 993
847 443
1088 595
819 637
684 122
621 1073
7 613
1027 613
1025 135
1050 401
68 499
312 682
390 521
831 118
885 892
790 595
589 386
354 1116
666 982
1102 452
180 301
480 1079
2 170
326 836
20 251
216 841
1131 718
1013 1048
18 1202
1131 23
803 491
1013 320
875 1025
1025 814
1165 1129
875 734
1085 76
1156 722
998 620
18 561
52 915
998 226
989 714
479 1033
425 1038
419 735
1096 183
306 942
1039 60
998 282
664 906
425 283
419 958
721 937
525 190
151 685
684 505
52 561
527 954
205 834
1102 151
167 337
306 1034
52 409
1095 457
1035 198
575 382
684 364
664 294
454 1188
589 435
1088 599
529 354
736 16
931 82
885 997
579 75
685 796
839 137
1132 86
1165 407
1196 600
1177 111
977 280
104 629
479 644
641 1192
1144 666
167 1122
1186 87
151 362
130 573
274 337
1192 493
1095 1066
780 51
1175 945
150 457
955 701
1095 806
931 892
150 97
1072 717
714 149
858 829
685 1158
1027 314
415 478
1050 356
736 852
196 571
641 804
858 169
827 766
1072 259
989 84
419 243
40 1177
1013 1047
857 264
648 996
1146 861
419 651
998 609
40 1040
917 1178
112 269
648 152
575 179
205 70
1068 1005
714 940
425 211
714 605
354 156
589 403
587 542
581 760
1192 908
1068 513
953 957
827 177
7 584
246 593
196 813
684 829
179 784
1096 241
52 1040
950 42
579 877
324 43
20 1057
312 103
579 79
780 353
790 608
1156 159
1170 997
955 846
743 916
228 307
875 11
180 452
529 655
179 734
300 480
1095 801
14 155
1131 351
1013 658
1059 185
1175 696
22 390
1096 826
40 175
685 486
99 338
324 717
62 480
998 622
425 719
589 931
386 226
1095 423
1197 844
812 930
274 632
846 1111
1088 618
778 475
743 517
527 839
1131 599
847 808
664 1048
989 1187
1146 167
967 546
684 611
415 736
228 899
312 484
1144 953
1197 215
1059 336
312 865
22 657
811 1126
839 177
827 478
419 1035
780 634
967 805
294 53
662 1135
454 551
100 370
684 695
989 745
1165 398
736 66
52 357
104 143
20 974
529 382
294 282
1165 305
150 1055
589 631
419 173
575 107
800 892
460 461
1146 865
294 920
641 629
1146 602
714 804
1082 1005
812 150
343 746
40 637
306 292
648 211
112 960
69 852
419 179
714 182
664 645
1170 303
666 821
641 37
1197 564
819 44
847 801
18 42
575 515
1196 710
1050 1203
386 304
800 1073
240 948
1022 1046
112 8
1170 549
1039 516
228 305
743 79
1144 354
306 866
1156 154
780 3
1027 654
721 848
354 843
277 806
589 27
527 36
847 718
575 783
479 1053
100 364
989 1141
1170 1113
1088 947
277 1006
479 440
460 732
76 968
180 1129
22 189
1050 294
1128 1008
1035 519
152 539
529 696
993 529
1144 158
917 1070
1096 959
151 308
721 259
950 858
179 766
69 646
827 408
956 279
7 718
274 1034
255 904
648 881
179 1054
300 27
1175 491
1013 95
858 693
150 468
198 18
180 631
811 150
875 641
1132 738
1102 5
386 1147
179 452
130 283
575 483
811 295
662 224
1146 971
1072 980
662 805
196 150
1177 661
180 14
166 400
812 154
955 281
581 875
312 684
857 208
950 1126
921 702
300 69
831 1167
846 1144
1027 1054
857 297
179 1176
306 980
166 864
1197 396
99 870
666 289
324 914
1013 582
205 553
18 917
1095 400
967 1168
579 1173
666 163
953 731
950 826
40 877
7 813
150 212
1146 23
899 704
989 67
917 824
803 258
312 226
205 388
666 729
1050 760
831 763
1146 347
579 440
1059 33
150 210
469 288
714 89
953 358
596 1039
2 396
955 1004
20 647
1173 1017
384 368
384 741
326 340
1146 1024
196 1112
721 572
152 318
354 660
901 1200
78 474
1196 380
483 867
1039 791
166 190
205 1157
1096 596
1128 1101
306 29
168 394
99 194
1102 701
152 842
596 516
803 559
130 174
847 870
68 103
179 564
469 158
76 303
130 1023
967 1127
811 407
685 570
425 49
857 122
1025 33
339 536
277 877
68 1075
1068 97
1082 875
993 746
339 268
62 572
1025 1042
1146 1091
326 958
839 62
847 224
167 669
1196 976
950 772
198 999
1059 34
1025 171
956 1115
166 932
901 1007
998 895
152 577
989 927
1146 843
648 1148
460 841
390 529
1192 713
228 909
178 704
168 586
1096 353
18 449
831 446
819 860
469 504
527 1093
875 486
178 1005
875 880
956 991
460 779
589 649
527 101
205 330
52 587
955 1033
419 67
100 860
1095 976
312 217
68 712
1085 735
1096 426
180 1199
480 143
326 679
1186 633
228 406
778 389
1165 417
885 164
69 294
1173 632
579 542
1013 312
339 314
312 928
1146 600
596 1156
205 752
1088 909
827 119
1082 662
993 1159
921 1003
300 674
78 554
1197 132
384 696
819 809
1050 755
950 401
240 475
1146 342
885 598
812 76
1022 1098
621 23
168 312
1085 375
1041 334
803 389
152 873
62 321
525 24
921 972
780 349
685 1178
1131 183
339 874
581 722
386 654
1165 1041
662 709
179 641
277 513
312 1113
950 231
1022 400
104 48
7 1152
955 288
274 1082
306 103
483 169
827 159
178 1156
1068 844
950 548
100 1073
78 453
52 490
1144 461
736 1165
166 565
685 1100
989 77
589 901
641 518
306 424
99 910
918 55
1165 906
1196 784
993 418
415 725
78 276
1025 784
1072 1150
326 235
993 471
112 300
479 265
955 645
1059 162
527 1140
14 55
587 640
589 459
529 456
168 494
1177 914
885 1140
827 860
1156 379
953 282
1068 355
205 551
479 862
1025 875
741 321
1128 80
69 1075
666 392
312 581
1059 877
354 333
967 995
479 358
2 952
312 750
196 11
858 961
589 145
666 363
847 120
790 736
589 164
1197 637
1170 174
1088 1105
505 700
1041 286
831 97
1197 366
151 845
343 921
790 919
339 18
277 314
596 460
721 495
839 757
803 1099
354 157
76 55
956 57
277 943
1072 907
415 189
20 4
150 1033
803 562
216 61
666 62
666 1112
1039 712
956 1106
326 664
419 1029
847 854
1165 1179
100 1162
306 1137
198 642
460 1062
69 695
1156 963
386 775
479 949
918 260
386 100
7 297
989 304
575 547
99 1029
1170 752
69 983
277 51
419 148
743 199
529 415
1175 353
390 838
1132 823
1006 881
343 768
386 598
14 141
1175 886
641 498
178 791
1156 1029
180 711
977 301
324 152
955 708
956 418
255 932
596 589
274 378
168 588
527 746
1050 1174
69 250
1196 711
1192 1104
875 196
921 846
641 114
1096 235
150 704
917 680
454 1087
76 576
216 714
875 827
168 346
300 790
1170 809
589 684
483 507
812 996
714 556
743 778
1027 800
589 588
1022 869
20 1146
527 1156
918 453
1082 551
684 1043
743 357
196 802
68 186
483 103
812 1189
819 27
343 993
950 531
899 542
168 245
69 171
847 751
255 938
460 136
846 758
14 884
130 767
150 630
579 5
300 1086
1128 747
921 436
152 343
2 395
246 883
839 755
7 687
579 1147
112 745
648 565
921 342
167 355
803 353
596 1063
454 377
324 878
1072 251
152 1155
1186 574
274 493
1131 31
527 294
1025 498
1068 1175
151 518
1196 572
1132 195
525 1094
1006 993
721 212
1059 1153
1131 916
386 807
575 34
505 421
326 456
1186 144
178 861
1132 94
100 137
931 364
803 1009
743 1094
14 66
419 946
130 576
179 181
179 331
130 296
306 235
648 756
685 312
150 1071
1022 607
1175 456
168 1081
529 814
1128 1113
857 409
300 65
198 509
300 190
846 863
1165 1000
166 747
1041 912
178 281
800 747
324 995
1096 195
274 193
205 1044
1175 828
294 899
780 789
505 459
831 784
216 414
993 25
780 1194
1068 636
1035 920
525 544
216 712
52 467
543 403
1186 519
112 647
587 646
977 698
20 244
721 756
2 1131
339 589
858 1103
1146 690
666 976
1025 759
993 23
18 806
1022 358
662 531
168 314
743 393
1175 992
40 208
425 568
858 1111
1146 84
167 282
579 1168
40 1078
228 8
1013 406
831 460
150 515
1102 962
52 838
827 246
1102 841
112 478
714 484
1170 636
918 124
1072 358
1132 841
918 1048
662 1171
62 1035
151 1185
525 334
741 160
803 225
1192 486
790 730
14 865
312 32
1088 1091
112 1082
460 513
714 812
858 529
112 27
918 266
527 1032
386 416
324 791
857 990
20 102
1022 1185
505 806
179 666
596 173
390 230
1156 176
166 124
1041 389
384 620
112 583
306 294
1027 35
130 286
150 1056
274 1027
40 273
1050 303
1059 1135
196 815
178 1161
778 1061
741 994
1165 294
685 890
621 239
7 905
7 1203
666 1053
1170 506
931 173
300 219
875 1117
20 319
525 370
685 900
858 774
196 541
1175 24
1006 712
1177 863
240 183
483 882
22 971
1039 1072
917 223
921 286
1096 997
112 571
950 454
589 231
1039 437
20 80
483 834
2 516
803 903
100 119
150 983
1025 175
780 948
166 253
1013 518
1156 386
390 1186
953 13
178 750
1170 325
1177 176
525 210
685 378
1082 1159
178 777
596 927
205 1107
664 804
454 487
505 388
228 300
839 113
1144 852
2 10
14 146
575 488
167 105
505 314
20 691
736 1056
306 316
527 411
529 512
425 754
52 352
778 397
743 964
921 124
921 868
1102 1090
343 720
917 770
918 773
324 549
1132 921
847 960
1088 663
505 717
99 978
343 174
1072 597
7 610
1085 657
2 263
415 747
228 363
1128 691
998 409
69 500
858 6
300 759
246 494
857 365
1088 55
1059 829
596 336
20 796
1096 92
425 299
240 699
1068 727
52 767
721 799
384 609
846 15
587 1197
956 134
1128 731
1102 407
648 797
196 59
596 65
1197 780
469 1170
846 791
240 863
274 24
167 648
857 413
1027 408
743 163
1146 805
312 390
579 349
685 149
274 933
714 677
166 1129
581 879
641 463
921 120
100 802
575 558
1088 658
277 569
1170 1183
1041 236
1039 515
1006 7
7 120
454 308
998 814
479 302
384 1042
1170 87
1192 788
425 404
901 205
479 901
956 338
483 316
953 289
662 1064
780 401
721 591
205 383
384 991
1128 349
68 968
780 317
527 775
1197 949
1059 37
812 864
2 17
112 1022
899 675
778 1152
1173 657
483 658
1165 493
950 103
7 945
22 966
14 1172
839 861
14 398
415 266
596 101
529 946
68 1056
1165 191
529 67
918 699
1096 813
2 960
529 1171
1059 974
99 471
743 983
587 644
811 472
587 906
255 815
819 1116
386 1007
1035 928
899 535
857 326
803 601
1196 22
277 593
741 760
800 73
685 332
130 840
780 881
1197 752
1035 914
78 1181
354 559
326 621
2 925
831 877
790 365
78 898
415 392
803 899
1175 805
819 570
14 784
20 1190
425 105
300 791
99 724
454 590
152 1178
993 53
1128 480
931 1199
956 1109
62 488
415 981
246 185
1050 742
1192 1049
1144 715
812 1035
917 1085
1072 294
483 1010
343 1058
525 124
931 542
589 998
505 375
2 630
1186 202
228 770
246 99
917 573
1132 920
790 1190
324 627
666 315
205 510
621 190
921 159
306 787
1027 1111
1006 786
736 702
857 516
525 933
469 340
831 289
1035 1105
480 43
1006 239
931 783
460 558
300 1170
684 435
326 377
415 432
274 35
18 373
921 163
993 1100
993 306
354 703
78 283
294 391
648 750
743 1093
648 307
20 58
274 236
7 631
998 1050
589 952
921 613
950 626
917 446
274 170
641 1160
575 398
1144 1121
216 1000
1050 892
641 406
858 1030
306 513
99 1027
205 141
306 999
167 230
76 1096
62 245
917 335
196 978
662 499
130 665
579 155
300 658
803 289
354 36
2 819
294 222
736 939
179 619
1035 495
1059 233
1050 653
151 450
1050 241
811 9
684 983
917 941
955 357
641 669
666 602
967 436
20 742
780 502
1144 295
648 67
1102 63
743 330
1085 81
589 518
1041 527
196 877
104 946
581 287
78 490
112 326
587 601
178 721
326 761
20 1015
18 843
1035 924
69 742
460 545
1022 190
386 263
166 1143
69 337
587 371
1039 727
354 148
7 193
354 539
228 1006
390 949
736 678
721 735
326 1171
78 644
1128 372
847 1097
839 559
69 153
326 291
167 48
684 970
857 190
857 54
918 415
831 1118
846 1108
1156 1075
527 639
150 902
721 1088
885 202
76 716
1035 630
1146 997
1041 1132
1039 157
180 924
152 598
324 1134
454 458
479 271
780 1098
885 136
1027 1093
684 646
1088 571
1082 74
812 950
714 797
953 525
419 848
300 792
714 713
950 224
857 1015
22 800
1013 102
386 473
977 686
18 851
1027 764
180 1035
18 1107
99 344
294 337
112 117
803 1171
178 363
130 425
386 810
274 1196
1175 1101
1173 694
527 185
480 456
839 917
1156 874
255 204
52 774
1085 1081
1186 726
78 1180
1144 1125
166 692
178 883
228 1045
150 86
7 90
1095 21
1177 42
684 170
918 853
1068 843
20 74
1192 1151
780 1006
662 178
1156 299
778 354
1050 454
40 91
1131 426
1041 1049
684 790
2 1104
664 686
151 261
664 331
931 437
641 452
228 499
527 517
339 919
1175 663
246 592
800 239
1192 799
99 408
664 812
1144 1084
469 606
1027 1190
294 228
950 909
198 444
1096 328
918 8
998 248
306 207
921 1153
326 608
589 576
956 811
326 212
1025 765
741 745
1146 995
306 1117
100 43
7 192
166 1175
967 1008
529 756
479 463
648 891
151 627
130 584
1035 305
977 997
152 691
40 128
196 866
899 985
1131 890
917 191
819 453
1068 95
899 1188
216 255
68 1015
150 141
205 987
1175 976
7 222
648 1025
1096 167
1035 61
918 182
1128 498
664 192
579 229
917 652
1156 271
14 514
1035 1023
205 153
525 234
1072 490
956 637
581 540
324 430
621 1106
151 782
901 920
839 1031
664 528
479 35
684 345
454 130
112 1028
152 189
1022 938
858 339
1006 283
69 392
130 709
1170 1110
885 678
306 223
240 186
901 265
240 956
1177 1100
425 1015
390 257
228 33
641 1050
2 439
343 792
527 737
875 360
1039 227
527 538
246 584
425 768
419 473
1059 124
384 314
166 563
150 1015
390 958
1146 933
885 871
168 635
525 290
104 411
277 59
240 1003
741 848
875 204
339 938
543 689
1068 66
22 1158
1022 912
666 147
621 285
40 148
714 1148
1006 319
40 131
326 1118
1006 546
1156 1028
179 722
14 1134
205 679
967 1124
1006 1026
1146 1001
1082 1113
384 98
1156 967
216 1161
277 548
100 1150
1128 252
885 167
300 885
343 687
300 141
1068 681
527 1113
216 612
300 132
112 580
419 320
1156 1108
1177 586
1072 13
685 854
228 633
62 776
950 1070
1197 956
69 924
621 296
104 1177
1170 1198
847 485
1022 933
685 11
306 645
480 896
955 793
68 641
955 1054
216 874
846 89
100 422
1006 647
104 247
575 995
1146 160
977 765
1059 23
326 550
312 1102
1102 1111
505 1031
543 587
1197 204
1170 1046
1196 880
62 744
950 896
1039 108
953 761
14 205
875 499
386 128
324 971
918 476
69 727
857 83
178 733
166 777
543 119
1068 651
581 973
858 842
529 928
62 223
326 68
14 725
1192 572
967 240
831 1120
22 271
1013 262
18 24
390 924
306 255
68 206
1006 1050
339 784
1170 255
390 371
543 348
179 774
300 377
641 317
581 245
300 206
505 1103
899 142
641 167
18 822
1022 994
1128 129
7 612
1132 517
1165 83
312 815
505 439
180 213
2 38
151 819
1177 352
543 81
354 1185
52 99
664 752
300 774
1196 1099
76 871
589 261
543 1127
1013 128
240 1079
1006 89
168 172
14 121
648 59
112 319
2 1197
1068 1196
662 1201
14 1115
68 1199
664 13
581 301
505 800
104 351
1196 1060
875 61
1132 832
1095 1115
216 473
99 1113
167 506
1041 872
736 1033
839 604
18 922
648 595
68 596
587 621
736 630
1196 1122
419 640
52 1114
1027 504
20 381
1006 53
326 321
454 320
1059 1034
641 65
166 693
324 828
104 241
415 916
22 896
998 815
664 957
151 257
1022 1013
1144 726
255 192
885 1112
178 1095
274 1171
1186 1038
1186 1114
543 999
527 218
255 702
76 1130
99 992
666 1178
621 319
641 0
901 1103
339 498
480 727
1085 741
274 934
780 390
1041 311
390 1010
152 854
1039 742
1196 146
921 1190
847 1189
78 466
454 702
858 1107
839 784
714 372
918 1073
62 802
1128 420
1013 374
339 506
166 885
178 1008
205 951
921 968
7 44
419 649
326 762
1175 1061
167 489
62 272
167 1014
1165 232
76 801
460 318
205 252
1035 184
955 984
1095 713
167 236
921 415
1041 721
479 82
811 1192
216 710
454 660
1006 938
1013 1058
425 224
778 1073
525 512
1059 184
1177 1019
166 978
1102 916
168 964
736 1094
827 1020
505 191
1035 569
1088 1124
339 610
998 397
543 890
1027 38
901 783
1006 945
390 732
1165 1116
480 200
505 77
846 138
454 404
743 368
1082 537
99 950
664 908
998 33
596 77
483 1020
1146 1076
343 67
228 398
819 1039
977 636
993 2
390 285
78 100
1170 656
1197 427
950 761
151 25
324 449
662 377
20 434
827 1063
130 473
1128 76
875 656
1085 342
505 416
721 723
415 618
14 99
240 227
921 730
52 462
812 24
839 566
326 622
846 41
875 802
1197 698
1088 996
736 817
778 547
18 913
22 1170
575 1131
1177 644
99 660
1175 223
179 238
800 1074
800 337
343 11
596 1163
240 165
967 953
664 91
68 569
800 431
621 82
1131 897
1027 411
1173 1059
14 1128
1132 847
1088 1103
812 1058
847 1056
18 1149
1006 595
1102 736
741 563
339 888
1170 266
1041 1130
130 428
977 297
1027 59
993 177
790 128
579 663
1068 423
831 1080
384 170
857 388
950 27
1013 738
167 949
40 34
1186 559
1102 628
40 599
130 615
69 277
425 964
246 880
384 752
790 78
1022 18
1173 978
454 629
589 997
1027 385
858 238
480 1176
714 931
955 1106
306 713
1146 76
419 512
1131 630
714 422
1072 775
1022 838
274 207
354 999
339 343
274 827
166 703
1039 601
386 1199
324 766
901 389
415 1113
425 174
1102 739
312 224
167 139
1022 661
20 882
875 169
596 1145
76 997
167 1137
312 375
1170 736
20 481
1082 326
662 802
62 842
104 1168
885 612
20 155
306 1000
1025 313
1035 1094
390 98
819 987
1165 831
425 433
1006 789
858 618
847 1154
62 818
989 224
685 399
480 448
1059 1179
479 166
196 931
800 598
579 225
993 106
1035 984
714 466
104 553
386 903
1132 396
300 201
274 742
1196 918
460 1002
575 926
858 756
1041 485
150 544
326 1135
300 961
1041 325
1022 355
180 249
579 950
469 883
425 761
52 663
198 1114
1197 340
1165 479
581 675
1170 1026
1128 277
1022 369
1050 349
343 711
180 675
18 322
454 973
811 171
151 835
2 354
525 88
425 585
104 299
1146 61
839 415
589 303
152 720
587 39
216 1188
858 1067
274 1018
955 77
1096 737
641 823
384 83
918 482
2 988
1197 71
778 1049
40 375
790 533
277 312
255 399
130 1070
875 140
1156 736
460 827
1132 1149
743 980
152 29
575 185
1096 424
326 576
480 624
790 13
1192 510
179 428
1072 94
998 2
1186 193
812 1135
839 1054
1156 774
921 483
714 755
152 537
2 655
858 143
324 224
977 620
831 213
998 300
901 301
827 507
666 133
993 869
1096 632
993 1132
246 193
819 255
246 695
529 422
998 184
104 696
858 1017
811 738
589 499
112 488
130 313
196 354
1027 947
1013 96
596 130
2 374
1177 820
7 269
425 92
99 293
76 13
78 373
1085 126
150 597
803 1066
1059 748
800 698
69 1035
99 725
1039 324
596 309
240 1061
179 583
151 0
130 774
790 269
977 1145
1068 784
1059 1048
1072 935
179 1008
956 186
205 397
1146 654
178 955
62 741
803 133
998 626
216 263
104 509
312 232
454 1018
196 785
875 284
505 56
1096 53
529 925
1088 255
1035 768
198 1150
967 449
811 265
1102 353
324 682
579 123
104 937
1041 767
69 206
899 1002
989 1085
641 262
1132 538
196 694
1192 290
1196 383
62 13
1102 672
839 300
811 32
641 1154
228 809
1041 1008
100 433
180 538
977 603
454 540
885 592
1177 658
875 217
587 464
483 53
40 97
953 38
778 1085
246 1010
52 53
1186 743
168 231
1156 1049
666 1078
390 125
343 1091
977 474
858 736
1102 359
955 1000
596 167
7 67
527 816
1068 845
306 760
1144 162
579 819
918 447
800 632
967 820
354 320
993 395
390 187
152 695
196 1085
151 115
527 905
62 388
955 1086
99 751
22 401
246 559
1082 634
390 1173
875 823
778 991
956 157
460 1149
479 181
1035 348
7 623
415 765
527 803
100 67
575 147
899 400
621 4
312 196
196 814
18 1133
294 18
641 459
1175 119
664 379
989 1001
736 156
277 116
885 117
326 650
240 364
246 1182
899 982
1006 996
596 94
1156 1172
998 156
460 585
216 1028
274 376
529 1036
14 274
1022 1021
581 649
1146 714
587 290
1197 322
2 18
684 1171
685 226
527 910
104 315
621 367
354 245
543 653
812 310
168 485
1165 1132
1025 48
684 104
847 780
527 326
967 92
14 157
596 389
1192 934
1041 253
1072 528
1072 368
967 917
778 671
993 389
847 286
827 712
384 510
7 361
294 665
993 50
1192 987
1059 354
2 106
989 948
228 1086
1186 616
989 1162
425 940
921 123
1082 321
1170 57
875 411
300 634
178 722
240 314
1039 259
1096 1072
469 758
384 93
579 70
1173 299
312 700
666 1012
921 1093
306 865
167 1097
529 1185
480 1026
68 908
384 367
1025 601
1085 567
384 315
989 686
827 577
326 1049
198 59
1102 284
621 488
989 413
839 459
527 1138
858 651
743 885
1039 399
998 690
621 413
460 97
1050 914
40 268
1072 485
1035 8
543 1088
621 653
917 597
312 260
1102 77
1156 677
714 730
326 1111
743 859
20 1198
386 1118
1041 1170
917 894
1131 345
112 908
52 674
587 312
662 702
196 1115
648 151
831 171
918 89
324 1089
1170 1028
312 713
20 203
1088 666
1196 908
178 148
741 749
99 926
1144 478
460 401
812 750
2 334
99 1022
112 529
827 595
1082 573
415 999
839 1118
1186 615
386 529
575 284
78 103
62 145
167 9
68 842
1144 199
343 563
69 199
736 423
62 169
527 956
78 120
819 844
741 224
901 1185
803 620
918 1107
22 573
875 382
343 248
1192 434
68 102
931 356
1186 1037
1196 837
921 356
819 756
1096 1148
415 305
736 771
198 499
167 1080
1170 201
736 91
151 741
736 250
274 675
666 1094
277 128
386 800
977 980
1197 1178
901 874
480 904
62 1153
78 133
648 801
1095 1126
931 585
666 764
62 558
386 966
950 862
326 388
921 276
1197 1047
300 1179
827 13
790 748
977 1049
205 755
1072 325
216 1056
543 31
1096 583
831 116
967 711
354 553
20 632
1165 779
950 980
152 147
150 1138
989 777
1041 544
7 212
69 246
1196 284
1192 74
1085 962
525 1173
68 195
216 464
917 785
1088 504
1013 118
993 186
1088 671
151 591
800 474
1013 730
40 1143
1165 822
885 640
469 314
1039 139
1144 861
827 266
989 580
885 192
527 337
917 1147
857 1148
1025 524
505 10
246 20
529 910
384 228
7 1086
294 672
324 1031
819 541
1144 941
921 413
390 1155
1027 230
255 994
483 1128
78 833
918 351
1068 1101
1006 1144
14 968
294 852
228 578
324 760
641 689
151 271
1175 455
1059 317
1022 943
312 1040
1096 438
989 168
76 1023
52 463
198 800
812 73
587 68
152 841
52 143
339 1201
1146 1093
180 1105
7 947
1173 469
621 181
885 196
1197 428
993 1029
529 587
1082 1064
1022 946
