692 502
769 511
1143 437
834 308
692 859
778 1177
421 356
64 906
919 120
962 711
421 729
834 940
20 97
295 568
355 1149
144 860
1006 782
184 1141
1064 971
20 351
577 887
712 622
355 406
778 225
184 259
146 950
843 712
144 638
843 433
843 1031
712 323
20 92
20 257
577 409
1006 1155
1064 371
944 720
184 586
840 291
804 32
840 670
712 219
1006 34
146 306
944 227
20 233
804 610
2 985
769 984
778 504
577 283
146 1144
712 571
144 270
64 577
184 822
944 1118
834 1133
840 810
355 384
184 1066
421 79
1006 504
778 44
834 628
834 921
184 1035
355 991
834 3
355 846
20 925
355 292
1006 781
355 214
769 248
355 1173
769 959
1006 1035
9 214
1006 1036
778 1077
144 470
577 250
944 112
843 95
778 190
1006 274
712 805
712 695
1006 367
251 1186
20 117
712 448
944 172
692 110
692 294
843 358
251 1179
421 1157
251 211
843 808
144 778
1064 1065
834 1159
9 974
834 1068
804 839
778 395
804 693
421 627
778 1041
1006 1158
146 40
1006 560
146 851
184 808
421 109
692 50
355 1199
355 1049
355 678
692 796
944 13
840 38
1006 1193
144 134
184 818
944 1080
1006 497
20 363
184 635
769 396
834 677
944 467
843 776
944 681
184 509
834 406
356 72
834 582
421 699
840 628
843 307
64 727
421 1128
1006 322
962 742
184 938
840 127
2 1168
421 588
355 337
843 236
944 786
144 728
834 410
944 268
769 425
712 469
184 712
712 87
944 673
919 154
184 616
843 755
712 1034
712 458
577 120
1006 382
804 1154
577 459
1006 344
843 727
769 319
944 161
355 376
919 198
146 941
843 411
184 152
692 438
944 604
144 262
692 1144
769 993
1006 913
840 42
20 82
834 1023
712 1172
692 581
778 1129
778 1079
778 991
834 556
355 421
251 395
919 886
1006 342
20 803
355 62
778 32
355 855
944 393
20 909
986 288
769 67
769 114
1143 141
944 906
421 458
778 854
251 832
577 719
1143 374
356 357
184 620
778 605
769 928
712 924
919 1054
716 110
64 999
716 395
20 500
919 588
769 1177
577 1042
919 967
840 630
421 855
778 337
1006 683
146 424
778 602
146 412
1006 845
944 82
778 46
944 898
146 572
843 593
716 340
184 437
919 139
944 262
834 454
986 1013
962 145
577 868
355 481
577 650
184 252
577 792
184 733
100 1137
355 665
944 47
778 1161
834 188
251 873
692 629
692 1127
577 75
843 1114
716 162
1006 825
769 455
778 452
20 331
1006 952
146 218
146 93
577 441
944 16
715 55
712 797
577 890
20 1021
144 651
355 1168
834 146
184 1100
919 450
1064 449
577 29
840 479
356 739
716 237
716 567
843 469
355 451
577 619
146 626
840 694
64 793
355 713
184 587
355 434
2 243
692 253
716 594
146 517
778 594
692 545
769 323
577 382
251 178
1006 634
712 846
184 761
843 957
692 103
834 300
1006 120
944 657
64 86
944 606
769 328
577 218
184 209
919 838
1006 520
962 224
1006 805
843 875
712 745
355 1153
692 899
1006 243
692 965
20 63
251 1063
355 1141
692 1135
1006 957
184 990
692 1129
577 98
919 472
944 404
577 596
778 326
577 427
804 424
712 500
1006 1191
944 1013
184 935
146 644
919 884
20 731
1006 908
184 423
64 904
944 809
2 567
146 870
769 566
20 482
840 463
769 331
144 1140
184 499
1064 568
769 1192
778 765
769 775
778 488
712 1002
716 218
834 654
356 13
355 634
2 66
919 363
146 723
692 386
146 28
840 812
769 471
944 325
184 1135
804 453
778 687
769 359
919 1191
20 474
778 24
355 1164
20 767
251 389
804 488
834 78
919 905
843 1086
1006 355
421 436
944 1163
769 533
843 902
692 189
20 630
778 780
840 944
944 635
712 1031
804 669
712 222
944 582
356 1078
146 351
692 967
962 984
1006 114
20 874
843 480
769 298
944 461
1006 218
769 458
146 354
355 264
804 489
355 782
184 117
20 229
1143 768
1006 139
1064 196
840 987
2 899
100 1090
20 555
919 1178
421 887
20 87
834 912
778 1045
421 683
355 744
356 853
692 1136
769 140
944 715
1143 965
834 227
843 479
1143 386
778 514
2 324
355 136
919 593
769 872
778 491
577 1180
20 81
843 69
944 961
692 701
692 517
577 628
577 96
184 634
840 1151
355 990
577 329
944 386
355 1165
64 42
1006 514
355 659
692 1191
712 305
184 218
1006 760
778 85
778 1055
840 1186
577 258
834 903
251 1176
712 371
20 476
146 1032
355 890
944 1131
944 716
1162 654
692 462
146 63
692 724
20 447
778 892
355 1100
919 9
692 425
251 194
1006 898
769 738
919 948
944 493
834 668
944 61
355 853
1006 677
577 354
919 130
778 124
843 761
184 134
843 211
944 993
20 756
355 420
356 352
9 538
356 384
355 883
577 1044
692 501
144 677
1006 1077
1006 627
9 1175
144 366
1006 366
577 482
20 370
144 853
919 1038
355 690
1006 169
804 128
356 761
20 421
944 502
1006 249
692 968
843 1191
295 910
944 1190
840 920
1006 807
843 824
712 315
356 613
355 956
804 72
355 53
421 40
692 226
20 1025
843 1146
184 734
355 74
692 818
421 366
769 1079
712 600
356 728
351 395
692 682
944 345
64 372
421 24
843 872
144 882
1006 226
919 999
577 323
778 782
834 162
577 115
351 654
144 508
20 36
184 666
944 708
715 419
712 310
834 131
577 417
834 616
962 480
919 738
421 264
692 349
20 1124
778 351
778 1065
804 928
843 334
2 615
2 1161
146 192
184 124
64 538
1006 83
20 505
778 647
843 275
184 884
1006 1013
840 166
577 1142
834 1081
944 410
421 833
834 489
692 598
251 1149
20 930
1006 247
351 999
1064 550
20 715
944 1100
919 362
834 446
712 813
577 1191
769 440
692 935
20 302
2 18
919 785
20 674
944 893
715 567
184 998
20 914
843 992
2 537
20 962
843 934
421 288
2 902
577 1202
944 1110
421 286
20 707
20 937
919 1166
251 896
577 136
843 72
778 193
146 1055
919 428
919 254
144 123
919 121
843 315
692 840
919 424
769 429
20 795
351 568
355 1020
20 305
2 494
919 1177
778 557
20 512
20 827
843 791
421 621
251 646
840 1167
944 303
944 504
20 124
919 571
919 539
356 24
577 536
778 1076
146 1094
692 121
355 606
843 84
251 571
1006 1067
840 436
944 217
355 156
1064 163
712 900
692 621
251 343
712 1153
1064 436
577 1175
769 485
1143 594
944 332
146 47
715 749
919 810
577 150
144 93
1143 42
944 988
944 799
355 644
919 262
184 868
355 655
577 1144
251 1201
692 787
944 574
577 1045
919 1132
355 899
778 285
944 1124
712 1070
421 581
20 398
778 364
184 95
692 680
184 205
355 320
919 696
355 850
20 1027
184 636
778 591
1006 417
712 524
577 554
919 375
840 168
64 774
919 1187
712 201
1006 873
769 146
834 663
146 214
712 326
577 873
184 294
944 179
919 1110
778 1078
146 427
1006 849
421 475
355 361
712 249
712 1182
840 91
919 527
355 148
712 232
804 1031
20 68
295 728
355 610
944 597
1064 307
251 184
1162 993
843 110
146 383
20 720
944 702
712 727
421 727
962 807
146 511
1006 822
1006 197
20 776
146 422
804 581
20 816
944 907
944 166
355 766
944 819
9 66
712 1140
962 1149
778 342
944 736
712 1101
146 790
577 820
9 436
919 44
919 270
144 736
355 1189
944 1009
356 251
251 288
1006 636
834 1195
577 217
2 234
1006 926
834 338
843 950
840 92
778 801
355 715
769 36
355 611
144 821
692 687
962 86
144 13
944 901
778 453
834 11
692 1014
944 261
919 328
843 376
421 1139
944 100
577 24
577 1087
20 1049
355 461
712 139
144 888
20 585
692 322
919 731
577 285
919 380
355 1023
804 323
1006 113
692 890
769 448
919 799
804 1042
577 248
778 1056
144 740
843 278
577 172
804 225
840 343
778 276
843 444
251 95
100 597
778 477
919 330
144 966
184 709
577 1150
20 646
843 1097
577 1049
146 915
146 762
944 334
355 195
251 162
64 383
692 361
146 193
712 662
769 538
355 311
355 1088
834 158
577 880
692 683
64 66
712 688
20 246
577 1050
944 758
944 817
919 7
778 273
251 1132
834 772
804 992
146 516
1162 236
843 1029
144 636
843 599
20 550
355 323
834 637
840 97
834 422
843 397
778 1006
1006 254
769 495
20 852
144 850
712 81
64 489
692 74
716 470
9 701
577 1003
804 888
355 1080
840 308
184 353
919 1007
834 1035
769 1037
944 77
778 81
184 1122
944 1133
778 146
251 1115
577 249
715 1086
944 630
1006 574
692 1022
20 1007
577 616
1006 679
919 52
421 1074
843 586
692 303
577 906
840 205
251 262
2 1192
944 1202
356 1137
355 915
834 566
577 230
712 226
843 438
843 355
692 628
778 668
840 18
1006 1176
778 399
1006 32
577 795
692 585
355 102
778 767
840 1113
20 626
577 1032
355 566
421 206
355 648
20 882
184 64
778 359
712 234
146 895
778 579
840 856
20 907
919 961
356 566
834 719
778 129
834 848
144 667
692 528
944 553
692 353
919 1152
20 183
1006 937
20 1104
778 260
356 104
840 421
834 220
692 666
356 583
577 610
184 1046
20 74
355 1084
843 81
577 592
843 199
20 833
944 698
692 655
577 204
843 435
712 613
919 280
692 576
577 544
919 874
251 103
64 543
919 205
692 817
1006 848
20 253
919 517
692 828
769 419
146 743
20 1178
1006 1031
769 196
712 748
843 693
712 895
577 1189
577 1058
1006 480
20 536
146 42
20 138
355 438
577 421
577 889
144 1107
184 904
834 1131
355 392
840 547
1006 223
577 1200
355 1202
64 494
919 752
712 441
715 86
355 371
804 399
146 947
840 610
769 1009
20 148
692 286
692 972
962 427
944 302
712 1081
778 1119
944 65
692 1179
778 533
716 1094
778 154
184 1169
577 984
919 823
944 1155
1006 185
577 835
184 36
20 1041
834 89
355 908
778 355
577 1177
843 319
712 566
1006 47
840 54
834 595
144 135
355 1183
692 819
146 1118
843 887
692 317
778 1158
1006 188
144 1084
919 1003
843 1158
843 686
834 384
356 630
712 182
20 1185
355 209
919 982
146 1179
944 934
944 992
251 588
843 989
919 813
944 639
692 728
769 967
834 170
356 1094
356 929
146 640
778 29
843 1001
355 527
692 337
944 228
146 479
1006 270
834 1181
184 1098
778 784
184 420
944 248
778 226
1143 1189
355 656
1006 285
577 518
355 1071
712 541
778 127
577 810
804 854
146 770
778 135
356 1091
843 1128
1064 842
778 650
20 314
356 590
712 1202
1006 659
20 638
355 953
712 1015
577 982
843 811
769 222
100 888
1006 248
355 1125
20 769
843 431
9 323
778 971
712 645
692 637
804 661
1006 407
355 980
355 993
834 722
986 48
144 371
712 241
778 1153
355 24
712 281
712 1139
778 22
20 1094
1006 647
295 494
692 268
840 61
251 942
840 757
769 537
944 1012
251 1062
804 1185
144 152
100 725
692 802
716 972
355 674
577 1147
251 965
1006 307
144 940
2 617
834 873
1064 1161
146 374
2 256
577 221
184 876
421 707
834 255
843 555
834 749
421 1159
184 996
421 768
577 765
20 174
251 384
355 847
421 631
843 685
944 583
1006 538
577 566
1006 512
919 756
144 172
692 39
692 903
1006 0
712 251
919 84
144 606
843 467
1006 1165
843 668
919 529
986 213
840 373
986 411
184 1142
712 917
251 308
804 981
20 375
144 1013
355 58
421 323
421 510
577 46
804 1027
944 133
944 406
919 159
834 140
2 215
355 906
577 1088
577 926
577 3
20 676
840 103
355 706
184 877
804 224
692 234
20 613
804 8
20 393
2 931
355 1170
146 697
692 228
692 693
843 65
1006 701
1006 219
184 462
295 51
840 1168
769 774
778 155
843 367
834 929
1162 980
144 490
712 189
769 1161
2 994
355 988
712 815
692 151
919 238
778 251
144 301
577 830
778 692
355 801
778 211
843 373
778 552
251 940
577 440
100 995
1064 1058
778 970
251 543
577 547
944 730
1006 768
692 651
712 1053
251 313
834 1128
769 975
962 63
712 521
20 446
1064 1017
843 474
804 216
144 469
712 753
251 755
356 538
144 8
843 294
692 328
577 682
944 704
712 595
944 37
840 104
144 962
577 850
184 766
716 1056
64 1020
355 1047
692 608
1006 1059
355 580
692 702
355 820
715 399
692 1029
1006 45
1006 944
1006 66
715 677
146 801
919 81
840 244
692 1102
712 199
20 908
144 835
355 131
840 159
356 967
295 418
421 468
843 954
184 1002
778 12
355 293
769 56
692 86
355 642
355 357
692 32
355 1026
692 92
184 196
843 454
843 252
843 240
804 969
1006 818
2 652
919 191
64 929
944 876
577 788
778 35
843 50
355 1103
355 1090
184 790
146 38
144 216
692 216
146 734
778 984
577 677
804 357
64 237
944 1139
692 712
577 506
944 1158
843 680
1006 55
356 571
919 256
1006 938
712 289
778 938
1006 308
251 686
355 1180
355 1087
712 343
712 767
843 610
1006 1129
144 613
778 147
144 243
692 753
769 594
355 625
944 460
834 678
146 32
919 708
577 84
355 37
692 351
355 1167
184 1117
834 421
769 377
712 776
834 309
184 874
692 139
712 744
184 395
692 312
20 1047
919 285
944 529
20 983
1006 784
840 171
716 139
843 237
1006 956
778 1051
355 666
144 984
146 882
577 1126
692 649
804 819
769 420
20 616
843 112
20 713
769 659
421 190
843 26
146 1191
712 104
692 130
919 572
919 693
144 607
1006 77
577 64
804 1110
843 528
919 79
778 231
692 383
834 291
692 950
184 592
778 271
834 1125
712 916
944 1162
184 678
577 1013
715 195
769 96
712 33
769 832
355 897
355 726
843 384
355 685
20 223
577 91
840 868
804 940
1006 108
769 651
2 366
843 1006
20 195
577 141
1006 513
577 415
843 35
577 776
577 542
577 95
944 1157
577 862
356 145
20 799
962 627
20 1136
1143 761
2 478
577 389
146 343
843 868
840 803
144 234
1006 1178
843 914
144 670
944 621
184 1124
840 774
944 998
919 656
769 971
840 219
1006 639
251 358
919 554
843 52
355 1081
355 576
716 887
20 101
778 1115
355 382
1006 601
144 476
1143 122
919 703
577 874
769 1051
1006 662
919 937
2 364
1006 443
778 771
778 1026
184 1097
184 913
184 863
692 1052
843 1152
355 914
692 759
1006 764
184 378
840 1178
712 473
577 584
944 764
712 494
919 310
843 665
769 128
577 185
843 688
20 17
843 297
778 709
577 390
919 162
184 693
769 915
712 837
64 45
778 133
712 594
184 1074
692 1122
355 769
577 259
356 606
778 803
421 262
692 165
840 163
20 143
144 290
712 884
1006 508
919 676
146 675
944 1142
843 1020
356 134
843 248
843 779
1006 919
100 661
843 506
577 929
778 303
712 880
577 985
944 213
843 368
834 841
20 1108
834 457
577 299
712 845
355 1024
144 967
769 588
144 392
769 540
577 388
146 1026
577 720
1006 958
355 1116
2 271
919 673
20 425
1006 236
944 816
20 436
712 801
9 371
421 357
1006 96
919 930
840 45
843 277
2 1068
1143 63
843 156
843 1140
577 30
919 974
355 647
692 1187
251 1141
1006 35
843 374
843 348
944 633
778 770
1006 1088
843 366
843 704
692 1060
577 461
712 416
1162 24
944 964
843 145
712 1020
421 236
843 132
184 376
834 852
144 356
144 466
295 436
986 358
712 1068
944 246
919 614
20 1090
251 419
2 156
20 1149
421 1065
100 384
251 732
919 243
919 973
2 190
20 198
577 186
843 1032
577 802
577 914
20 139
20 572
100 734
843 1171
421 1028
20 1018
351 449
577 522
9 690
778 720
577 528
834 558
843 1014
146 1181
251 1114
355 616
144 770
778 1197
1006 418
962 237
184 422
251 677
769 138
355 564
692 505
778 698
184 554
712 488
840 577
144 698
355 667
769 243
769 1105
421 1125
843 869
146 448
184 608
577 1193
2 626
20 1148
1143 66
919 624
20 1043
712 1187
20 304
712 821
20 733
692 468
843 1081
843 524
769 1201
20 754
834 24
769 1081
1143 306
20 857
778 1147
144 1011
1006 383
778 877
351 985
144 921
919 812
144 184
692 168
355 878
804 1026
184 274
577 1022
2 418
778 204
944 444
944 646
184 211
944 1152
712 816
769 219
1006 695
712 560
1006 269
421 494
804 592
944 938
421 1175
355 419
692 643
804 145
692 793
577 1010
944 596
944 320
712 788
184 719
184 88
712 367
1006 1138
577 637
100 810
577 306
355 1185
184 1171
1006 231
1006 1108
804 423
944 463
1006 559
577 277
144 1168
2 1043
715 145
355 960
840 884
919 595
356 972
944 240
712 273
712 615
295 940
1006 722
1143 623
834 488
692 587
919 753
804 1074
834 576
692 948
356 386
355 743
843 497
692 466
20 975
712 177
692 416
20 340
577 1179
919 1026
778 1171
692 542
20 187
251 53
20 322
20 806
834 826
146 956
919 875
1006 902
355 959
769 761
421 1196
843 179
919 935
20 884
146 680
843 631
355 555
843 225
1143 440
944 929
577 131
251 214
778 1179
834 671
146 571
944 86
146 1023
20 417
778 47
769 288
944 56
962 829
778 466
251 930
944 425
9 24
295 1175
20 644
577 267
834 194
843 944
692 1036
144 1122
251 1185
692 150
20 28
577 463
184 229
769 813
64 141
919 972
712 842
251 51
577 665
778 546
962 452
778 164
20 1173
692 129
834 946
843 1012
1006 448
778 1133
778 1174
1006 793
577 807
944 732
251 578
577 453
9 236
919 112
843 402
834 816
769 338
986 590
251 621
251 147
778 910
144 163
843 120
944 1097
355 1059
692 815
919 388
355 186
1006 359
919 1154
769 833
144 128
778 768
944 579
184 1042
20 654
944 713
919 557
843 929
692 348
2 128
100 249
1006 403
919 546
1143 489
577 928
251 1161
355 646
355 452
834 160
919 600
9 72
778 148
421 1090
577 947
712 25
840 671
769 654
2 799
355 350
577 612
146 125
356 546
778 14
251 793
778 867
355 488
1143 638
1006 1053
146 358
144 1074
769 1094
843 418
712 770
692 862
2 421
692 374
355 754
804 214
20 1033
769 842
421 740
1006 589
144 407
1006 914
577 1057
944 864
769 236
919 1025
577 314
421 451
843 702
919 5
692 171
20 428
944 83
356 610
100 770
944 871
769 1147
9 218
804 689
692 1123
692 1033
843 15
184 1195
355 977
692 149
843 293
712 864
840 234
355 146
577 93
944 185
692 411
355 541
769 383
144 790
251 216
944 1066
986 1168
840 751
778 91
834 367
712 679
184 390
944 589
356 1168
834 1132
355 945
778 853
1006 195
944 1117
840 169
944 115
692 679
962 494
20 971
356 627
577 151
715 66
834 270
1006 464
1006 885
1006 616
834 996
251 458
577 219
944 706
351 18
834 293
944 1052
778 734
355 7
778 730
144 143
144 1038
692 722
692 1196
1006 119
712 382
577 559
144 412
9 308
843 59
1064 594
1143 1022
20 321
834 395
712 1107
184 89
577 300
355 594
692 1171
843 819
769 1180
692 327
919 1031
355 390
944 1116
184 1047
184 694
944 882
715 1065
20 64
355 768
919 576
146 575
144 969
834 1101
100 236
100 436
20 461
944 900
64 626
843 512
919 957
715 581
834 1084
251 776
20 742
1006 1175
577 0
840 418
840 1138
144 630
1064 1022
20 670
944 402
1006 1183
1006 698
834 405
843 1
944 601
355 505
944 977
184 951
1006 869
251 497
944 282
184 1145
843 1061
577 1113
1006 623
944 1074
692 1013
944 671
843 1120
1006 148
184 924
20 675
421 753
64 213
144 930
577 686
251 176
804 48
919 798
251 436
843 470
692 646
692 1174
184 902
146 812
577 762
692 211
712 463
20 1137
356 354
692 332
20 568
778 214
769 586
840 355
919 1063
692 734
1162 1065
144 540
355 593
146 82
355 859
146 405
20 506
20 479
577 775
355 863
944 1197
919 642
421 146
834 77
1006 648
716 4
20 1170
20 940
778 996
712 410
769 853
251 724
1064 646
577 195
20 469
712 390
146 913
843 848
712 449
1064 40
251 712
251 407
1006 758
843 598
144 845
20 443
100 1168
9 485
944 623
355 709
692 34
1006 964
421 208
184 759
834 1042
843 285
355 955
843 352
843 105
944 420
184 1178
843 148
834 1037
843 216
834 1200
251 566
1064 346
355 739
144 147
1006 291
944 366
712 572
1006 363
769 171
769 1070
919 1170
804 1114
712 389
944 507
804 816
20 336
843 68
840 1185
843 630
251 10
577 114
184 192
944 503
20 868
778 1087
144 873
944 680
944 477
692 1116
944 104
804 566
778 1096
577 1170
355 958
146 807
944 22
144 181
919 391
834 152
9 237
834 86
712 958
146 237
1006 216
184 342
692 201
355 929
144 362
778 471
919 82
769 864
692 190
144 175
843 1195
184 649
843 674
843 439
20 1123
100 176
146 711
843 864
184 628
692 613
692 306
355 572
843 1199
421 274
692 279
712 1116
712 197
20 150
834 906
944 304
778 1112
144 955
986 654
355 551
577 896
355 388
20 1125
251 887
692 704
840 1044
144 994
712 608
944 1109
355 15
919 678
834 426
355 821
1006 646
20 277
144 874
146 987
692 107
144 352
577 67
144 82
184 1017
2 1029
577 979
778 1132
577 1187
421 440
944 1073
962 644
1006 763
1162 1029
251 674
843 788
944 306
919 347
577 351
843 970
184 907
355 673
944 1094
843 851
355 1093
692 523
421 249
251 971
577 1041
834 14
944 918
962 671
577 1071
2 10
804 530
804 358
769 10
843 449
804 659
712 168
2 701
577 997
778 636
577 246
356 637
692 31
769 314
944 235
144 483
769 857
1006 907
843 218
712 164
692 1080
251 820
778 18
919 962
692 2
356 288
944 528
1006 830
355 270
355 370
840 605
843 215
2 203
692 148
421 411
356 1011
1006 1172
1006 502
778 183
944 454
20 561
919 134
577 630
692 10
1006 708
1143 40
843 274
843 247
944 346
778 144
356 151
577 263
144 789
146 703
64 517
843 1135
712 647
986 1094
843 1067
834 985
20 590
769 306
9 677
355 738
184 523
144 1099
778 1062
919 662
20 423
840 841
919 848
692 342
944 922
944 634
1006 451
184 356
144 1058
834 236
944 455
804 793
577 309
712 22
712 1076
577 713
184 758
843 1046
944 338
355 294
840 22
769 1087
804 45
769 1043
146 970
2 728
184 625
840 64
769 17
944 570
712 602
843 1147
64 575
843 1083
1006 591
769 346
295 993
144 458
919 271
1006 36
1162 606
843 382
834 1103
778 1101
769 999
919 30
712 290
295 538
64 1075
944 316
944 169
715 974
944 12
834 884
1006 456
840 622
840 485
1162 974
919 635
843 768
769 484
712 417
778 161
944 962
355 41
184 1201
919 585
20 267
20 811
769 353
421 762
184 399
251 470
712 942
1006 276
355 589
20 39
944 97
769 694
2 1118
834 383
769 93
834 542
1006 963
577 1091
64 684
692 136
919 421
144 122
712 99
184 3
834 620
692 539
577 133
1006 290
146 327
421 1040
144 45
20 759
834 551
184 1184
778 919
919 916
184 1188
100 208
1006 564
834 867
840 281
834 1102
355 278
944 500
577 137
251 291
843 1176
944 277
355 874
146 202
1064 952
834 311
144 741
843 813
962 731
20 672
962 1161
712 47
715 163
20 547
986 985
184 1056
804 631
144 726
20 822
919 449
421 1148
2 262
715 605
2 1017
944 690
715 1168
944 485
146 110
778 850
184 661
100 929
840 1065
1006 153
692 531
20 481
804 558
355 1052
778 60
778 93
804 571
355 1060
843 239
834 1044
944 1104
2 552
355 783
919 761
1006 757
834 818
834 109
355 443
9 525
712 84
1006 1070
692 22
769 374
355 227
840 1161
919 789
20 214
251 842
919 114
577 50
356 1092
1143 48
251 249
577 768
692 206
716 974
20 619
944 666
712 406
919 210
712 775
712 1199
577 966
2 1164
834 1003
840 1099
692 59
712 1180
834 703
184 782
1006 785
2 1055
843 67
944 1050
769 1020
577 438
1006 374
804 55
804 833
356 810
834 579
146 1056
577 700
834 546
692 365
944 800
843 85
692 1138
944 284
356 1024
1006 311
843 583
840 456
355 860
804 119
919 650
20 5
577 1008
778 282
577 817
184 892
184 549
1006 370
1006 145
712 747
778 1024
834 72
769 215
778 1154
715 1090
769 945
944 894
986 32
1006 1180
919 1053
577 976
355 275
778 822
251 729
577 36
944 628
355 50
944 487
144 833
962 539
577 156
840 745
715 915
421 566
834 218
712 692
804 339
944 924
843 1138
944 1147
355 540
769 960
944 433
986 1137
356 163
355 29
577 558
840 224
355 696
843 489
843 282
1006 422
356 724
577 611
919 277
919 924
692 719
834 770
184 410
577 883
1006 198
355 900
840 243
577 1098
778 390
184 615
716 881
577 422
692 221
577 211
184 571
577 11
944 788
843 936
919 665
355 338
944 627
20 471
146 676
834 518
944 981
1006 438
1064 418
20 682
840 1193
712 814
769 354
843 394
712 586
712 718
692 578
769 59
778 1164
692 994
20 625
843 581
251 634
356 415
421 967
919 295
716 617
355 117
355 130
184 534
100 967
355 1133
804 525
692 333
840 1092
184 569
20 554
577 273
577 881
144 1039
251 140
834 959
712 735
1006 1080
843 885
577 991
804 985
1064 1094
184 536
834 1184
146 607
986 395
144 600
355 851
355 1032
1064 80
1006 500
355 623
834 303
577 826
1006 577
712 217
944 51
944 745
769 78
712 791
944 311
421 846
712 783
843 557
577 1154
146 581
843 826
146 611
919 1060
944 180
144 42
577 117
355 1166
843 608
355 1063
577 101
843 1028
2 1062
769 163
962 8
944 238
2 48
843 238
20 437
834 974
769 899
295 972
20 642
804 1059
251 575
919 358
577 293
919 426
146 376
184 659
577 1104
20 1164
919 443
20 185
144 186
146 101
20 1039
769 1013
20 780
356 409
944 568
1006 1136
944 344
146 13
577 678
355 834
840 80
1006 617
716 18
843 799
421 530
778 1113
1006 210
712 731
778 229
184 1115
919 447
355 0
184 883
355 467
843 268
1006 421
692 143
146 763
577 963
1006 262
712 785
20 78
712 472
146 209
769 932
1006 56
715 424
944 830
804 868
843 1003
944 457
986 974
355 502
778 433
944 392
2 978
834 748
944 1086
804 1124
843 1166
2 543
9 667
1064 251
712 503
834 589
944 151
919 826
944 986
843 541
355 579
2 1184
146 1153
146 69
769 886
2 4
962 921
692 341
64 661
577 1076
295 1055
843 1057
804 66
843 984
355 413
577 474
577 110
355 477
919 1123
184 795
778 521
1006 1200
944 547
712 512
712 881
919 797
251 488
184 683
769 226
769 753
146 585
840 595
944 808
769 137
944 1024
919 580
355 1054
778 833
843 162
712 368
20 184
1064 525
919 57
840 749
184 1001
692 288
184 113
692 188
355 519
2 1186
20 1117
146 97
778 476
715 288
769 686
184 576
692 9
20 1002
577 1132
20 1072
1006 245
840 213
778 435
769 133
944 749
919 1173
1143 215
64 966
146 725
1006 1146
184 1028
356 1141
144 771
843 880
769 356
1006 42
778 131
944 853
843 1040
577 514
146 671
1006 962
944 754
421 1020
355 352
9 224
692 1168
577 245
843 57
919 470
804 244
355 262
20 936
769 752
20 455
778 928
712 200
146 11
144 430
355 553
692 426
692 19
944 773
769 834
577 483
144 314
577 280
804 218
20 750
20 231
692 954
577 699
778 845
355 632
356 359
577 1069
919 1200
712 704
843 1005
843 233
962 910
962 967
769 592
421 17
712 7
184 1081
692 394
1143 1175
840 218
944 383
712 559
355 297
692 17
355 781
1143 468
692 283
944 577
692 748
1006 663
843 292
778 891
919 327
355 987
692 721
144 249
843 905
184 1149
834 1018
919 88
577 344
919 796
355 176
20 892
843 967
769 829
712 993
1064 1068
692 370
1006 1003
1006 529
919 457
919 109
355 409
692 80
834 1110
577 615
843 298
944 539
834 400
146 982
20 580
716 356
804 527
778 210
944 654
20 604
20 1121
769 367
712 1044
843 968
692 882
1006 426
843 561
20 468
577 212
577 722
804 93
834 967
712 950
1006 333
919 1153
919 1071
692 205
919 824
769 6
712 124
692 302
986 86
295 270
919 713
778 237
146 17
804 1106
355 359
834 261
944 243
421 346
712 1092
843 55
712 519
769 933
2 1114
355 1131
843 600
692 1012
944 722
577 646
184 893
834 821
144 182
834 761
843 21
712 31
843 705
843 879
712 329
843 775
778 169
184 1080
421 694
843 679
778 1088
355 1195
769 835
840 350
944 357
692 768
355 804
144 267
184 1110
834 45
919 302
843 209
843 1177
146 293
2 208
20 835
712 339
64 356
919 858
356 237
778 68
843 372
355 1172
843 1115
712 1102
834 147
146 1149
184 1065
20 397
692 4
355 962
355 818
356 711
986 237
146 658
1143 176
919 829
184 853
1006 685
355 975
146 45
778 666
944 442
843 569
919 153
355 677
144 744
1006 220
146 594
769 615
356 1175
843 722
834 987
840 958
692 713
351 86
251 437
834 861
20 823
1006 724
355 12
778 869
778 215
919 655
944 1195
692 731
944 435
712 723
712 610
184 878
251 696
20 805
144 220
1006 580
944 497
843 844
184 836
355 399
20 1111
919 484
20 470
184 1064
840 966
184 552
577 685
944 737
778 1095
144 774
355 282
712 1033
1006 380
944 511
1006 968
421 868
1006 118
1006 548
778 28
251 122
144 1102
355 905
712 1005
251 577
184 110
184 598
20 323
962 1157
962 262
834 449
20 559
944 778
355 1192
712 631
20 114
712 231
843 531
778 940
1006 204
146 382
692 1194
1006 983
355 152
778 603
834 203
577 756
778 989
840 659
712 1113
421 1057
355 1181
840 1137
20 285
840 919
1064 974
146 1168
834 831
64 763
355 340
577 649
144 110
712 713
778 969
919 820
944 15
712 397
421 291
944 230
834 962
778 291
355 339
692 493
716 906
843 556
712 1132
144 1126
184 443
64 865
20 48
769 181
355 118
20 480
692 538
1006 1049
1006 549
146 732
944 98
944 658
778 1142
834 132
577 816
944 935
20 501
146 33
295 147
692 1059
692 1195
251 921
144 851
146 865
577 960
692 567
184 745
712 684
355 344
100 424
716 793
834 734
843 291
919 821
351 615
778 1053
2 1191
100 1075
184 605
944 46
769 34
20 98
146 1175
843 939
778 1081
778 270
769 868
146 971
769 689
20 968
1006 1164
577 333
355 506
944 629
692 54
251 1202
1064 742
692 154
778 776
692 887
715 729
804 200
421 537
843 40
1006 378
769 660
778 1086
778 887
184 335
355 944
184 1082
843 1011
692 1083
20 556
356 985
355 692
944 1194
778 459
712 235
144 557
919 349
20 228
692 1154
712 171
355 672
1006 791
843 780
769 1172
1006 810
1006 287
692 568
9 32
20 1143
692 192
1143 993
355 509
1064 575
919 914
840 588
944 292
986 1055
184 65
184 1050
919 240
2 1175
356 331
769 64
1162 594
919 560
20 698
577 1089
355 896
843 709
919 32
843 553
184 286
692 78
184 413
843 1117
715 956
919 668
355 893
778 393
20 58
577 237
778 503
355 283
2 134
944 397
20 942
9 543
20 1053
355 405
20 984
355 1067
355 510
834 522
919 594
778 735
355 562
919 615
843 648
146 995
843 588
843 157
712 969
355 398
843 419
184 600
146 1185
184 435
840 575
834 253
840 12
577 641
919 1030
20 969
692 634
144 807
919 1047
355 223
184 972
146 366
184 577
20 404
715 887
919 658
100 956
840 1090
184 711
577 1016
355 788
769 815
1006 1135
144 1068
778 819
355 710
769 1024
944 661
20 755
355 1075
919 862
355 935
962 1055
144 221
184 481
20 1120
843 961
577 1159
144 433
692 471
1006 172
20 23
356 3
1006 346
184 663
1006 694
919 989
146 22
577 201
919 1027
778 714
146 894
20 389
146 264
769 322
834 842
356 881
944 478
356 887
184 684
20 920
146 8
146 129
834 1050
692 888
840 592
144 415
919 775
20 829
843 378
184 696
2 525
778 672
184 1027
834 741
843 940
184 338
843 108
944 600
2 89
355 525
356 696
692 128
843 255
355 1177
64 741
184 122
944 14
778 352
20 1184
778 802
146 492
778 708
577 688
20 854
355 1085
843 833
692 407
184 1202
712 83
1006 490
944 798
355 500
944 599
944 571
919 1023
804 17
712 507
843 125
716 1175
577 643
712 253
146 476
692 316
692 516
692 1099
716 538
577 496
577 27
421 952
919 1096
1006 335
1006 640
1143 753
356 240
843 676
9 1028
1006 67
355 762
144 194
919 334
184 1112
20 204
1006 1039
20 825
769 1106
1064 374
712 1166
20 238
146 34
2 770
184 681
843 1095
834 720
64 437
692 743
577 531
184 70
715 888
146 461
834 684
1064 106
843 1036
144 587
843 60
769 943
20 745
9 346
843 224
184 10
692 966
1006 1101
1143 846
769 712
100 181
834 913
712 985
692 400
843 460
577 385
769 362
1162 1055
20 270
944 287
20 528
9 742
778 478
840 0
712 1100
778 575
834 452
20 855
1006 24
144 293
840 723
351 374
778 311
840 573
184 373
184 971
100 617
146 410
778 1194
944 41
144 459
712 1006
778 868
1006 1147
184 176
20 1118
769 264
251 1068
944 183
2 640
843 398
919 459
712 53
144 383
184 439
577 468
962 1020
944 903
712 705
944 1043
20 608
715 1125
778 468
355 180
986 1179
355 1019
843 412
843 51
919 986
962 860
146 137
146 738
843 191
577 62
355 473
1064 63
20 264
1006 746
944 239
1006 1066
146 205
355 1089
577 122
184 45
2 490
843 754
840 1143
144 646
144 591
1006 610
20 1066
144 905
919 777
146 716
146 615
712 103
840 635
919 1192
712 247
944 1148
1006 971
2 1033
692 659
843 283
919 988
1064 693
944 813
843 391
146 651
1006 1011
577 13
843 73
778 619
355 348
692 767
64 411
834 221
712 513
144 881
834 55
712 261
843 204
144 902
715 436
577 1011
919 91
20 155
919 938
769 687
712 659
146 813
184 4
577 609
778 40
919 631
804 213
712 789
834 525
356 545
355 6
944 602
20 275
355 459
834 942
355 920
944 128
840 589
944 126
20 591
146 1141
944 441
20 592
144 103
577 97
692 995
778 1083
804 734
1006 973
834 1025
919 697
1006 296
712 319
1064 138
356 669
1143 213
1006 1026
778 1199
1006 369
843 43
769 948
944 495
840 865
986 693
421 1056
144 394
184 1132
295 1031
778 59
712 1029
355 815
692 440
1006 441
692 757
355 887
184 779
355 892
919 1202
843 200
944 35
1006 892
1006 975
712 738
778 1186
356 22
778 894
1006 717
919 745
20 860
1006 46
712 157
834 813
577 327
184 495
20 8
778 818
843 74
100 654
778 198
843 527
355 318
1064 395
692 723
843 816
692 458
144 769
355 618
146 367
840 974
146 349
712 213
712 1028
184 647
692 1003
251 1024
715 525
843 1143
2 205
715 374
184 38
692 1009
251 275
712 1013
20 268
144 224
1064 865
919 239
919 1137
184 238
64 419
712 1016
712 6
944 590
843 533
692 700
692 600
919 836
9 711
834 1202
184 965
769 1063
577 361
843 1079
20 459
778 300
1006 92
251 72
712 207
843 742
577 706
421 567
769 789
944 591
778 479
944 622
919 1052
577 471
843 834
1006 450
20 564
919 213
919 35
146 201
692 620
843 217
577 176
184 418
944 1083
20 400
769 423
712 505
1006 851
944 842
944 256
944 791
20 666
944 867
712 388
692 314
295 288
778 885
577 1158
712 648
778 108
1006 1084
355 380
1006 540
834 966
184 451
355 903
769 573
577 1181
20 284
421 432
1143 728
355 1104
355 416
692 320
251 913
843 118
944 275
712 405
919 119
944 718
100 567
843 1193
20 348
804 494
577 1117
1006 200
1162 910
919 404
355 11
804 747
355 714
144 640
1006 7
1006 728
944 943
355 217
20 710
184 488
834 161
184 1004
146 1126
712 978
919 608
20 575
421 163
20 1161
355 315
712 754
712 658
712 526
355 177
1006 48
577 220
577 964
778 370
692 908
840 226
146 1132
1006 533
295 1179
20 901
919 189
692 453
355 764
962 768
692 503
146 632
577 2
834 1164
962 66
919 445
1006 972
834 870
712 65
712 63
769 642
184 1093
1006 723
712 1103
804 373
184 224
692 67
577 707
919 498
64 1036
355 439
355 1178
64 424
100 694
356 63
577 673
769 505
577 895
834 1078
184 1070
1006 934
146 988
1064 1084
804 688
944 139
778 608
778 1167
692 985
692 45
577 319
712 844
184 579
355 145
944 926
577 154
251 307
692 508
251 826
834 642
840 778
769 205
840 624
712 69
1006 872
2 1124
919 279
834 327
2 677
355 902
840 611
944 140
944 1095
769 623
843 448
251 195
577 412
20 1157
692 381
20 1061
1006 726
834 259
184 155
355 1137
712 901
840 1015
355 310
843 513
577 1107
1006 160
712 656
184 328
20 147
421 851
804 770
146 255
184 1010
146 162
184 749
184 502
144 387
778 462
577 247
20 346
184 939
834 1055
20 826
355 1010
184 580
251 1200
769 581
944 826
843 536
146 677
919 732
834 575
20 83
840 943
20 309
2 86
944 757
712 725
1006 193
712 137
834 938
355 230
355 1036
843 726
577 457
962 753
421 1075
804 860
769 186
715 298
20 271
355 901
2 452
692 562
843 1110
692 636
944 1079
843 1009
355 204
421 1098
355 595
843 458
251 85
421 1055
843 364
769 103
20 196
20 849
184 1181
778 470
577 369
355 4
778 325
144 1160
962 218
944 1045
712 266
20 929
184 918
20 538
1006 1162
355 1043
840 1030
919 840
1006 1139
944 838
919 846
146 740
919 300
20 49
778 16
144 22
843 1105
834 183
1064 727
1006 703
1006 895
356 67
2 430
944 210
20 43
251 699
1006 615
184 27
843 432
146 679
184 436
1064 348
144 86
577 878
840 1041
355 615
577 752
355 155
20 113
355 374
1006 1127
712 1158
351 703
184 383
778 799
692 490
919 570
577 918
919 954
144 195
692 987
986 449
144 998
1006 30
355 238
843 354
769 12
944 362
355 97
144 589
144 948
769 438
421 456
2 103
769 1133
944 26
919 1102
692 738
355 246
843 163
769 31
20 926
769 902
778 367
20 169
778 1089
692 864
355 965
840 546
692 588
355 848
944 685
184 981
20 1193
355 983
355 986
804 312
712 1061
184 940
769 1042
356 816
144 178
843 1116
577 480
692 703
20 467
769 1118
421 1091
251 494
184 458
184 200
20 927
146 804
100 985
295 470
251 224
144 1001
919 688
834 1027
712 655
944 612
355 385
843 243
769 564
944 187
692 928
944 990
962 592
355 718
834 257
144 468
769 175
2 395
20 96
944 388
1006 294
1006 834
962 450
919 386
919 474
355 658
716 978
184 763
146 749
577 254
778 286
184 355
184 131
712 769
1006 552
919 360
843 7
20 1105
184 762
2 1090
712 140
1006 395
919 675
944 1159
146 1029
1006 379
355 917
577 304
20 815
1006 1005
919 763
778 252
712 1065
9 978
769 1101
692 809
577 79
355 203
962 697
804 1121
778 1110
944 1182
20 1097
778 346
840 138
251 1188
769 411
962 972
843 56
919 38
715 1027
692 1175
778 781
355 819
251 460
692 265
1006 930
577 1102
804 405
843 1132
20 673
944 593
20 558
944 560
577 242
692 858
834 69
20 341
20 1177
840 51
834 1052
716 411
840 35
355 108
295 237
144 67
146 827
769 477
355 346
919 1125
146 972
834 537
1006 305
919 1184
1006 929
919 641
712 429
712 611
1064 236
146 298
712 666
100 1017
778 574
769 930
840 549
843 138
962 1013
843 814
251 743
295 262
843 429
144 977
355 629
184 75
64 1114
804 271
919 464
843 976
843 130
355 457
577 527
712 682
184 637
919 40
712 86
577 128
944 828
577 103
577 726
355 1187
944 1000
769 431
843 913
944 372
144 980
843 305
577 767
843 518
944 844
20 994
144 813
577 489
1006 1174
577 492
1162 48
1006 811
251 377
692 1079
251 963
692 12
20 362
919 782
919 1009
577 146
20 236
944 352
251 206
1006 566
251 4
778 172
712 803
184 457
146 228
840 227
1006 619
355 182
1006 953
843 1122
144 1181
144 438
146 168
769 104
692 259
1006 410
769 802
840 211
144 205
1006 1195
184 650
843 28
577 1094
1064 631
919 65
146 589
184 698
1064 213
769 741
834 791
355 1123
251 89
692 566
355 42
944 765
1006 730
144 409
577 135
1006 595
834 119
144 745
20 657
1006 775
1006 642
355 36
1006 1075
2 485
1006 85
421 924
100 138
843 863
692 359
716 693
692 291
716 548
20 932
355 427
778 50
712 191
778 922
355 931
146 286
144 925
778 79
144 421
834 85
769 562
20 25
355 13
184 667
577 1124
778 294
184 1048
834 738
769 210
146 421
944 67
712 733
778 965
20 819
692 681
1006 651
962 449
778 196
184 633
356 863
778 645
577 411
986 1020
712 395
251 744
1006 600
184 967
804 344
1006 608
692 1091
692 1106
1006 28
146 965
840 237
919 220
692 122
778 205
944 971
20 1189
692 1176
577 764
843 889
577 617
1006 86
1006 459
144 742
769 757
355 927
20 1175
944 712
1006 318
355 843
577 787
919 1098
2 627
692 96
944 1056
769 81
20 623
144 104
1064 382
834 468
146 526
421 734
355 957
356 369
184 1148
778 449
769 1001
577 520
577 658
962 288
1006 147
1162 418
692 593
919 963
769 1153
919 122
944 466
843 1162
1006 979
944 878
184 361
20 278
944 563
144 910
146 1085
577 473
944 300
944 465
778 542
20 477
778 151
146 1187
919 413
251 1079
769 176
251 1175
692 744
144 346
577 557
804 982
944 135
2 139
769 38
692 433
577 481
843 535
1006 539
577 753
919 1136
146 385
1143 1009
20 9
778 1003
355 1135
144 313
769 674
2 192
1006 943
692 418
840 1060
421 1168
834 1047
2 550
355 802
944 241
843 147
919 850
843 538
144 978
692 1128
778 31
834 436
692 550
769 880
944 701
20 624
712 117
840 691
778 660
100 1065
843 1089
20 935
1006 106
251 1124
251 536
20 149
1006 1041
1006 1189
355 213
1064 67
834 490
20 732
778 492
577 92
1064 993
843 12
843 570
944 725
184 911
144 1041
778 7
20 1144
577 261
577 316
769 402
843 795
144 1063
144 1092
712 75
355 347
577 145
843 87
840 980
778 535
834 114
577 1001
715 931
577 100
834 526
20 789
144 343
2 904
20 293
1006 941
64 728
769 860
1143 880
769 86
184 1016
712 853
577 961
778 1190
20 209
295 190
146 854
944 1047
2 821
712 951
716 868
769 296
843 136
64 846
843 361
692 1177
944 265
840 136
834 376
351 972
144 686
919 284
840 853
355 514
840 740
1006 894
184 512
355 116
421 1192
692 942
843 167
778 1063
355 812
577 194
1006 1094
20 605
778 551
1006 131
834 1196
355 1003
1006 532
840 465
251 1022
944 942
712 556
9 356
355 445
20 472
834 48
712 28
577 821
843 1145
184 1005
712 1186
692 710
20 904
712 1106
944 234
355 436
919 687
944 576
843 757
692 282
251 812
251 1137
716 358
712 204
355 511
1006 579
1006 714
843 613
692 552
919 247
355 640
184 727
355 826
1006 1033
712 56
843 573
778 957
355 366
692 737
146 27
1064 1
944 784
355 301
944 1044
944 724
1006 905
356 271
355 1161
146 1079
355 38
144 810
421 667
184 66
356 543
712 497
692 484
355 727
20 658
944 285
20 885
769 390
184 1032
1006 449
1143 1148
834 1034
919 748
577 580
919 759
1006 331
840 382
577 833
20 453
146 1
184 1185
843 206
712 186
834 252
919 597
64 1175
184 1162
20 570
20 156
843 442
1006 614
577 332
692 923
2 382
421 538
1143 585
184 793
843 766
843 534
184 197
804 742
692 73
146 967
1006 286
144 804
944 790
1006 11
944 415
577 837
20 197
20 303
843 128
919 1103
778 1118
146 820
840 110
577 434
144 344
577 366
843 363
716 915
577 12
778 438
64 162
1006 384
251 558
577 994
919 822
1006 629
834 773
144 225
355 753
577 786
692 798
355 549
251 91
9 399
20 802
20 730
692 13
2 967
944 355
843 634
778 280
962 382
355 221
184 370
834 94
769 595
692 838
1006 705
944 341
919 1180
355 496
184 90
778 338
804 938
9 1068
778 1195
692 207
843 806
944 763
843 832
944 558
834 344
692 156
355 499
804 362
184 158
944 807
184 862
843 464
712 740
692 763
804 282
20 911
778 372
251 904
834 144
944 1093
712 414
692 138
840 1141
1006 416
577 1014
843 420
577 1066
843 1151
712 936
100 348
692 172
919 14
712 643
1143 110
1064 485
421 371
355 128
184 483
919 217
20 301
843 1133
146 803
843 210
1064 793
1143 1161
355 951
577 900
715 543
355 940
146 1099
184 1167
712 510
64 334
144 929
778 1178
64 176
804 594
421 830
778 116
919 359
355 1179
712 245
577 598
1006 847
834 638
144 255
843 182
778 191
146 411
1006 1012
692 998
20 186
692 1143
184 80
251 1011
843 5
834 396
2 803
355 1138
146 1137
1006 271
20 144
944 110
64 487
716 627
9 106
146 485
577 746
355 474
144 763
1006 260
919 808
1162 1161
692 989
769 1196
769 1135
712 1037
840 1079
146 66
944 23
577 413
712 618
144 285
100 1020
1143 693
919 224
184 116
577 743
184 426
184 845
20 41
804 697
692 155
1006 491
692 278
355 1058
146 384
184 178
716 681
712 420
769 1089
20 660
20 905
692 1078
692 749
295 411
146 789
146 491
20 67
144 89
1006 357
144 697
944 224
840 1121
9 28
834 190
834 10
944 120
2 371
1006 170
840 1097
1006 786
1006 507
1006 1145
577 239
804 921
146 285
962 846
919 768
146 624
843 159
843 658
778 111
769 879
577 210
712 636
778 362
834 621
769 561
778 805
20 706
843 144
577 818
355 253
843 2
146 356
577 524
295 585
778 1050
577 190
20 442
834 1020
843 258
919 232
834 343
692 684
944 1092
1006 1148
804 1150
251 271
20 42
712 147
919 1075
184 1062
712 564
843 273
834 1033
944 182
712 107
692 561
421 1106
144 165
843 197
769 456
577 858
2 515
778 678
251 418
843 241
355 468
1006 493
804 739
146 1120
144 749
20 1199
1006 429
20 335
100 1
184 701
834 736
421 585
692 1153
184 425
712 1168
9 40
769 603
712 1001
355 662
944 363
840 411
944 921
144 1055
834 391
355 460
355 274
144 487
355 426
692 964
1006 889
251 945
20 653
944 1064
804 449
577 1005
712 264
1006 149
144 694
1006 265
778 653
834 617
20 631
962 906
840 777
1006 575
356 48
577 1073
843 456
769 939
769 944
20 84
355 637
843 672
843 891
944 193
421 731
577 783
356 456
355 664
577 177
944 611
919 60
716 452
834 456
778 1001
184 459
251 952
1006 235
715 654
769 1050
1006 487
843 263
355 1065
577 589
919 804
1143 969
355 449
843 257
251 972
834 325
144 768
1006 625
184 357
840 762
20 240
144 162
577 49
100 331
834 890
843 14
355 464
712 418
692 395
778 1014
712 149
769 1085
20 165
1006 666
716 346
184 803
769 1028
251 1090
421 266
778 115
251 456
834 108
184 444
64 627
1006 280
840 446
20 1060
20 753
804 727
355 232
692 373
919 1189
1006 1137
778 496
769 526
692 689
577 349
577 515
9 270
919 351
778 747
146 498
1006 470
355 522
20 286
843 743
184 869
919 409
692 1011
1006 1095
834 658
778 663
834 713
421 1006
692 1017
577 74
20 1168
1006 652
1143 738
144 653
919 93
692 860
146 139
919 1134
944 1184
834 87
184 368
843 501
577 313
20 359
778 410
843 172
944 1078
20 125
843 284
421 661
919 314
184 49
778 1010
577 317
843 928
20 921
778 486
778 350
355 1013
1006 406
843 1038
355 573
184 565
843 831
355 111
962 147
355 462
144 1117
834 226
184 1072
944 390
184 188
712 78
355 824
146 212
843 158
919 200
184 145
20 200
919 868
1006 660
962 18
577 272
146 159
2 267
20 220
804 768
20 728
144 654
20 254
712 1161
692 250
778 630
577 535
146 590
20 372
944 573
778 142
834 316
421 141
184 789
712 120
20 105
1064 206
146 451
834 572
251 480
1006 631
962 483
577 1109
2 291
769 303
1006 124
843 451
834 540
577 519
834 350
843 102
355 1107
577 173
144 312
834 723
144 1106
692 1192
919 854
843 740
146 399
356 366
778 952
20 206
843 357
144 1143
184 772
577 1055
712 270
834 945
840 640
692 448
843 276
577 576
356 547
712 165
769 711
146 346
919 786
146 1039
1006 40
1006 906
840 131
1006 1020
577 76
1006 393
843 309
355 891
251 110
20 947
1006 543
144 1071
778 578
769 553
769 428
692 120
20 828
20 867
712 370
1006 808
146 1112
100 768
1006 385
692 668
843 542
944 147
843 571
840 107
184 283
778 1019
184 995
944 643
421 651
184 295
20 1154
355 161
944 1034
778 728
804 1017
577 370
944 1115
355 425
919 855
769 1184
919 242
919 998
20 902
834 508
944 290
692 589
1006 1169
692 224
1006 495
778 412
778 723
843 353
962 411
146 654
834 374
692 419
944 317
840 1080
944 619
351 1020
355 1176
1006 733
840 94
1006 1120
986 1065
843 892
100 575
100 1027
20 739
919 1035
421 449
715 1161
1143 1157
1006 583
1006 921
843 290
769 263
146 930
944 994
421 176
769 677
1006 1104
355 391
146 993
804 1137
843 551
778 617
356 875
712 288
692 1090
778 103
692 705
692 572
769 92
919 187
1006 903
778 950
1006 1181
843 558
715 1031
355 568
843 547
944 200
146 691
944 991
146 417
778 288
840 447
778 1012
1006 901
944 1004
712 887
716 66
184 182
20 1174
840 1112
840 1066
9 902
2 456
840 214
692 1097
20 193
1006 74
804 251
778 348
144 397
144 456
577 969
843 622
840 143
712 851
146 329
1006 1008
834 320
834 176
778 793
778 1036
146 931
1006 893
843 113
100 749
834 271
843 173
834 587
843 137
146 478
2 195
144 276
20 566
577 436
577 656
577 709
421 899
692 824
1006 1098
355 250
9 48
778 683
421 837
769 901
834 419
840 961
944 638
712 563
251 44
146 714
20 894
421 334
919 724
1064 399
144 894
1006 854
577 672
251 219
692 543
1006 856
20 702
355 699
716 993
778 6
692 530
834 878
919 725
9 147
843 325
944 74
184 556
986 374
843 920
778 985
843 1037
146 696
577 203
1006 1154
356 835
843 585
20 576
1006 675
919 995
355 795
834 364
769 1113
692 1016
919 222
944 1098
919 291
184 852
769 619
577 805
295 978
840 1179
840 667
769 1022
804 637
355 872
919 825
64 427
146 23
2 993
944 178
712 1150
355 888
577 330
712 696
769 1103
251 356
184 74
843 981
692 271
421 575
944 1049
919 864
840 683
840 437
843 1198
1006 1188
251 935
919 1181
146 221
20 465
355 852
1006 535
1006 61
355 844
692 131
919 721
716 1157
355 252
100 122
769 867
843 782
919 434
9 374
20 722
184 41
1006 989
919 889
778 631
843 987
251 163
843 550
351 1068
20 211
778 256
1006 350
146 100
778 1039
421 1135
804 855
356 882
834 981
1006 635
778 253
577 106
355 725
144 115
184 555
769 166
146 1016
355 885
712 378
843 1136
769 504
919 437
144 463
1006 150
840 133
146 497
64 399
64 1042
64 729
251 473
944 417
355 147
1006 1177
715 768
712 663
2 977
712 110
843 736
834 349
146 880
778 559
919 567
184 340
962 1068
144 475
769 772
769 292
1006 1058
577 599
715 468
355 1145
184 358
2 727
778 874
804 243
769 483
355 207
1006 874
144 1040
421 1179
778 641
692 338
804 915
356 617
146 792
944 603
712 404
577 602
843 82
144 538
692 905
778 1181
778 1028
843 392
355 77
919 1073
778 947
919 489
778 951
184 91
184 424
355 67
184 170
355 871
944 437
840 252
840 933
1006 931
20 141
986 906
356 770
144 539
184 452
144 4
64 55
184 805
144 1094
712 548
577 621
144 55
944 792
20 217
251 835
778 203
712 109
843 347
769 1132
146 236
355 202
355 972
355 356
944 1120
778 110
769 820
355 636
20 955
712 1000
840 599
944 891
295 1137
577 714
843 878
843 1197
919 591
1006 761
944 1175
804 236
843 381
804 281
692 1045
20 76
9 1065
834 801
840 340
843 498
712 346
577 824
421 391
692 164
769 301
2 886
577 831
769 358
146 1004
1006 840
843 927
144 339
20 208
834 358
919 637
20 1092
769 861
144 545
769 925
355 742
20 659
919 226
64 630
944 1171
834 1009
100 262
20 192
804 346
834 1199
144 1152
355 751
843 1015
944 847
778 961
778 916
146 76
778 547
944 837
834 98
2 1022
778 19
251 1094
355 235
944 1030
944 286
355 627
843 478
944 30
944 1174
355 98
100 110
769 577
2 969
1006 838
919 505
251 27
834 450
804 547
20 403
184 105
769 120
944 866
421 751
20 107
778 931
184 278
577 99
712 233
144 265
804 1199
355 1108
769 75
769 545
712 225
769 527
944 1187
146 1038
944 266
944 102
355 245
919 293
251 550
778 716
1064 411
356 152
577 1129
692 993
421 384
577 408
840 699
804 555
144 10
577 430
840 1046
100 865
1006 771
1006 809
712 726
919 311
712 1162
843 835
712 1160
421 1063
144 1010
769 704
712 1067
692 984
1006 936
184 465
712 620
20 234
834 365
712 635
919 149
577 1108
778 878
64 677
778 451
712 44
356 234
184 234
356 621
944 1137
144 731
20 218
843 1096
769 340
804 1068
355 5
715 437
355 28
100 923
944 660
712 383
834 385
843 1194
64 386
944 888
778 995
692 483
769 727
144 960
804 677
20 771
577 785
919 412
1006 22
1006 103
351 24
778 794
986 993
712 781
919 577
251 875
778 33
843 575
769 107
769 187
184 125
355 435
919 248
843 304
919 478
355 807
20 922
944 84
20 1142
1006 304
1006 1115
778 1008
778 86
20 369
1006 554
834 745
986 40
20 357
144 286
843 836
778 121
944 462
944 949
778 598
577 789
944 705
355 463
20 1087
20 37
919 856
834 120
577 9
20 1129
1162 566
843 3
2 910
778 967
840 215
804 910
356 243
355 106
834 250
834 511
692 1006
944 207
144 296
804 270
944 1126
712 621
769 1155
1006 828
355 1097
355 173
840 538
840 703
355 387
20 103
944 1040
962 1082
144 180
944 519
146 1125
692 173
2 575
778 1189
146 331
20 783
919 342
712 447
843 543
716 768
692 1133
64 903
843 626
804 202
778 0
712 236
834 609
577 938
20 499
9 493
577 78
715 585
692 832
146 646
840 1055
712 439
834 716
20 712
716 138
144 294
577 597
146 386
712 1017
2 636
843 580
20 976
944 823
769 286
692 358
919 1020
834 932
1162 358
778 1166
20 684
843 1142
769 405
64 654
843 975
1006 485
843 139
840 1120
1006 729
843 713
1006 911
144 986
355 907
712 208
577 1017
944 1121
577 402
184 59
778 4
834 1077
184 19
1006 767
944 766
769 897
20 663
184 1
1006 594
146 597
944 555
843 818
356 395
769 470
355 1068
20 990
144 674
20 1145
1006 306
1006 1056
944 1178
716 236
778 550
769 195
184 1158
146 1113
251 598
804 181
1006 562
712 443
20 787
577 1131
577 822
1006 626
577 841
944 50
184 568
421 211
251 348
834 1144
355 528
20 1035
577 859
184 248
712 734
184 102
1006 229
577 378
251 452
20 736
834 698
144 372
944 123
919 400
251 703
251 530
843 127
840 508
184 947
919 96
355 1160
843 338
64 218
1006 388
778 531
944 521
355 557
712 400
778 684
778 376
100 693
144 915
355 757
778 382
769 565
1006 420
692 795
355 296
351 1161
769 131
769 126
843 32
421 865
577 284
919 357
20 1126
834 65
843 915
834 368
184 810
356 78
778 712
843 443
712 722
944 886
962 48
251 387
355 493
20 325
355 291
834 12
577 460
692 518
843 982
251 325
1006 472
1006 481
1064 902
944 526
778 426
355 978
692 299
692 70
843 683
843 582
351 728
184 614
843 37
712 167
20 358
944 1062
712 262
944 833
1006 836
769 742
769 1091
1006 687
778 1049
355 470
184 943
20 334
769 916
769 33
778 159
144 1030
184 771
834 764
712 694
919 613
355 786
944 71
64 1137
944 677
712 314
944 869
64 1167
356 128
1006 801
251 1113
144 1184
1006 766
1064 606
20 839
355 691
1006 1166
944 231
843 1063
577 564
184 195
919 1100
712 933
355 806
919 690
944 173
577 1004
843 532
577 140
962 384
144 784
769 627
1006 1105
20 853
712 886
577 1163
840 748
843 356
146 148
769 399
355 316
1162 940
9 1110
843 729
251 171
355 581
712 910
355 531
144 348
769 400
986 171
351 842
20 496
355 1203
962 1135
778 345
1006 230
100 630
577 41
1006 727
944 1193
144 192
962 313
944 141
692 1094
834 424
919 384
20 533
20 890
712 1124
944 676
769 875
1143 480
1006 326
944 865
355 276
692 927
1143 190
769 607
778 701
355 529
64 195
251 32
577 556
1006 171
20 1048
144 748
834 212
100 18
144 566
962 880
184 692
840 669
919 199
778 425
100 727
1006 225
919 975
577 1134
64 110
184 360
20 1114
20 429
184 751
355 205
20 511
692 949
692 388
962 40
64 122
778 132
1143 108
356 585
944 192
944 795
834 850
146 1028
843 462
577 175
100 940
577 484
804 627
1006 534
840 75
355 512
2 455
146 699
144 298
1006 183
919 140
778 392
944 782
355 961
716 231
712 557
144 995
20 135
692 495
1006 528
251 564
919 1006
944 1054
146 831
778 66
919 55
834 1008
778 751
184 1018
712 474
840 275
919 145
1064 94
843 1075
20 1116
1006 1001
144 424
144 913
843 330
919 659
355 1064
20 392
1006 27
919 141
184 1194
144 659
769 99
840 155
962 487
712 1135
577 671
421 222
1006 526
355 567
769 289
692 842
944 197
840 791
20 1106
356 419
919 1088
769 43
351 974
919 1156
944 750
355 797
919 1188
944 515
692 976
843 563
843 1072
355 247
834 1182
840 1029
355 476
146 350
778 724
769 543
919 1056
251 542
712 95
778 1044
144 1036
692 867
355 829
962 213
355 241
692 1178
577 860
692 697
251 1167
64 80
1006 320
769 54
712 363
843 196
144 868
919 1091
20 906
355 862
1006 519
355 365
834 866
692 1015
356 1019
834 835
712 1157
712 131
769 444
144 156
692 260
577 119
184 915
2 422
962 42
295 842
715 40
1006 1107
712 240
944 890
577 373
919 265
840 387
769 1018
20 595
944 489
769 745
919 1174
834 233
692 573
769 521
577 1043
20 1159
295 449
146 404
577 988
20 549
944 953
146 899
577 282
577 1171
184 140
184 319
986 366
778 861
919 296
840 657
251 763
1006 829
2 915
146 793
20 601
919 11
355 571
577 571
716 998
100 993
144 605
769 1199
804 487
20 489
20 159
692 195
355 973
577 278
778 696
1143 1133
146 55
944 932
712 121
962 538
716 371
355 126
1006 302
1006 430
577 512
769 387
184 974
843 883
577 666
843 121
919 817
184 454
944 726
944 928
944 438
184 886
919 766
20 399
919 115
769 491
421 690
804 1056
769 605
944 131
843 798
355 486
577 446
834 931
944 923
355 167
2 419
919 326
251 992
692 512
712 415
355 586
944 1027
577 1140
9 51
834 949
692 1157
20 562
577 40
716 606
146 288
355 78
843 380
769 831
843 830
20 413
577 124
944 245
944 90
944 559
692 375
778 534
944 129
355 660
577 342
1006 251
20 893
9 313
1006 932
944 148
834 615
20 991
843 472
692 825
64 749
843 719
769 216
712 1152
692 325
1143 24
962 543
146 1097
919 227
184 1052
715 45
146 449
355 1171
64 151
843 1192
716 1028
146 244
804 543
840 147
834 754
1006 1110
944 762
577 766
843 646
146 176
769 183
184 28
843 1008
944 514
356 418
944 422
840 2
712 894
355 1016
20 490
355 889
840 10
577 214
840 114
769 418
778 769
712 612
834 310
1006 15
692 555
20 110
919 394
712 1181
919 454
1006 17
712 352
843 918
184 612
20 967
944 565
919 4
356 449
834 1197
356 141
712 1093
355 856
20 289
778 104
144 729
355 188
962 985
144 1138
355 1077
840 329
577 601
355 197
577 321
184 1008
843 287
146 600
577 1162
834 359
919 218
804 621
1006 301
919 1012
944 206
1006 409
944 494
712 829
251 424
944 598
144 690
64 969
919 750
919 897
769 170
355 747
577 1110
355 1066
944 822
1006 592
944 755
843 664
355 1152
778 171
769 865
20 735
843 689
692 196
144 368
251 225
692 443
778 53
843 952
20 225
840 1028
577 670
944 727
1006 127
20 237
715 865
184 1037
146 418
184 250
778 54
1006 463
421 47
2 206
2 411
778 1068
843 922
146 35
843 71
769 782
356 913
577 320
834 739
20 899
64 436
716 350
769 42
834 360
944 10
355 830
295 1027
715 835
778 814
843 323
355 700
778 1196
64 536
692 153
843 169
577 83
356 147
100 887
184 1101
944 413
712 771
834 874
834 1060
944 220
355 705
1006 719
834 588
840 255
577 586
769 722
834 163
919 332
804 680
778 216
840 652
577 996
769 620
64 970
778 783
1006 909
1006 925
778 45
919 69
692 75
1006 54
577 897
712 428
712 432
778 935
692 465
20 288
356 1125
834 536
944 92
20 34
919 895
146 546
146 180
577 287
146 377
692 775
919 471
919 1022
1006 205
843 677
2 711
1006 375
962 638
1064 537
919 695
577 183
843 548
20 274
778 1163
144 266
712 912
146 1114
1143 568
843 1056
804 163
840 101
144 965
804 311
146 1189
20 59
20 7
355 697
1006 244
421 773
778 1075
919 598
577 565
944 1020
804 462
144 1112
919 440
184 382
184 721
577 815
146 921
769 494
769 710
577 1155
1143 1154
919 906
144 37
20 1140
840 1114
20 804
421 993
577 624
1006 144
20 1098
146 79
712 274
778 637
20 863
421 703
843 271
944 832
20 553
919 1046
944 113
146 816
20 655
919 683
919 64
20 419
251 910
804 301
577 264
834 993
834 243
577 275
769 1071
804 955
1143 1114
20 504
1006 865
843 1112
712 644
944 683
577 778
251 650
20 452
1143 323
692 112
146 890
692 116
146 1082
577 328
778 1027
778 764
692 324
715 627
1006 747
184 654
692 478
715 1055
355 1121
355 650
577 338
843 640
251 781
716 1179
715 728
712 1075
840 55
692 366
716 424
843 707
146 577
1143 358
769 690
355 943
355 411
843 874
843 229
184 181
1064 701
20 1160
20 1008
692 1076
355 670
64 1090
843 923
1006 41
843 214
1162 985
20 978
944 941
1006 987
577 613
843 897
144 288
144 709
919 550
944 1010
20 748
712 328
355 1028
778 873
146 906
100 234
843 801
20 1009
804 537
251 485
834 915
769 795
1006 477
355 545
146 250
146 745
919 422
919 651
355 40
944 846
1006 282
1006 613
251 899
64 671
355 561
778 377
577 66
840 1162
843 673
778 1085
184 1133
804 188
840 256
919 348
2 93
2 749
712 665
1006 773
778 437
919 156
778 549
251 701
843 453
64 468
184 1069
778 888
778 757
144 611
184 7
840 863
20 329
20 194
1006 1051
778 254
919 353
944 93
944 326
20 544
577 1040
843 440
778 740
355 641
355 437
577 502
944 588
778 166
577 18
834 1153
692 827
715 727
9 740
421 543
577 10
834 1117
146 121
1143 1106
577 21
804 884
712 227
144 903
692 534
712 650
834 1162
9 749
692 272
144 922
944 116
355 1110
146 493
1006 1119
1006 980
355 198
692 1085
184 148
986 538
356 993
843 901
577 148
834 407
712 278
919 841
843 1183
20 846
778 634
1143 729
919 331
1143 218
840 972
2 703
144 1050
146 568
843 152
769 468
919 987
20 391
840 370
944 505
2 449
919 1036
577 223
712 847
9 18
778 1059
712 808
100 910
20 727
421 969
834 314
843 1164
1064 1028
144 703
778 318
769 371
1006 1179
840 668
356 1188
355 976
144 992
692 1095
944 952
20 997
944 572
944 153
1006 1157
1006 880
834 1028
9 967
1006 343
1006 431
577 469
919 847
843 793
944 184
144 567
712 136
146 340
843 1094
778 705
577 191
184 814
1006 181
1006 184
840 200
20 181
355 547
944 945
692 1002
840 326
769 531
944 855
577 232
184 344
20 327
184 393
1006 1134
184 333
778 858
421 1092
944 496
692 105
577 525
843 1065
1006 798
577 1009
184 664
1006 70
843 316
778 501
944 4
712 606
355 305
843 90
840 181
1064 617
843 175
20 38
1006 826
251 714
840 1068
840 384
1006 361
577 118
716 270
184 236
692 904
251 354
577 892
843 609
577 202
712 520
919 815
712 848
944 191
919 245
355 70
919 723
843 907
843 739
944 1103
769 911
712 523
144 148
577 48
1006 994
778 1060
146 510
778 78
20 316
692 1100
421 224
834 76
20 349
944 482
356 371
769 169
692 504
804 972
692 63
355 211
944 739
577 999
692 214
184 385
944 219
1006 391
843 135
843 405
919 513
577 407
355 617
577 1103
1006 1092
692 213
355 158
843 207
184 144
64 16
251 719
251 434
843 86
692 565
577 1116
843 778
1006 716
778 397
421 452
184 606
778 441
769 308
778 162
421 854
692 323
1006 1079
577 387
20 364
712 999
20 292
146 842
919 701
355 69
355 26
577 352
1006 792
692 959
144 705
355 31
712 482
944 1108
843 789
769 71
146 181
355 680
843 503
944 27
834 516
184 567
834 807
840 1169
1162 110
834 487
251 33
834 519
64 18
840 631
1006 68
577 708
577 400
577 292
778 974
944 522
577 43
1006 915
944 48
2 699
843 597
769 703
577 1027
144 535
843 769
1006 1055
919 629
251 574
778 497
20 687
1006 1010
9 364
355 941
804 356
840 1075
944 1189
1006 1184
20 394
1006 1168
778 423
692 648
944 1201
692 61
692 644
778 1116
834 793
834 573
100 581
20 26
1006 704
778 64
692 476
843 1200
20 1139
1006 324
840 253
144 1065
944 367
355 910
919 578
778 1067
692 1141
919 942
834 960
577 1021
2 323
712 220
1006 389
716 749
843 407
184 1111
843 860
2 1148
778 328
1006 852
778 220
577 981
769 135
944 530
834 88
944 501
778 609
778 999
356 879
295 985
2 483
834 853
1006 20
577 1086
919 8
577 243
577 869
356 109
9 618
778 817
355 895
421 66
843 1161
2 606
840 319
692 15
1006 425
577 209
144 693
692 30
769 923
944 655
843 119
843 484
843 1150
355 796
100 214
834 610
944 152
355 1128
251 54
184 339
986 515
944 520
919 1118
577 967
944 787
944 769
769 381
712 286
20 276
20 618
834 584
716 489
20 723
843 328
184 778
692 872
944 89
944 592
355 1061
843 909
712 1138
100 487
919 180
769 1011
1006 173
1006 561
1006 924
692 1055
944 211
692 1163
577 60
1006 1076
146 990
184 820
355 285
356 662
64 703
1006 765
778 202
2 181
919 776
919 259
1006 643
804 732
1006 488
144 145
804 343
351 1027
840 914
692 810
184 770
840 833
843 930
355 87
919 123
840 728
804 995
944 548
804 795
184 215
919 461
840 888
712 710
146 1138
144 772
919 599
100 147
577 353
184 566
843 300
804 324
944 162
144 357
804 184
692 56
840 470
146 534
834 151
295 42
184 135
944 785
712 145
843 342
355 172
64 145
355 367
769 578
1006 453
843 1125
577 594
144 602
20 775
1143 456
715 80
804 575
577 16
944 997
804 867
716 931
840 345
146 395
712 669
184 1021
769 408
712 212
2 358
577 588
944 531
355 431
834 237
692 298
1006 827
577 22
355 585
919 197
769 386
944 1006
769 433
421 301
778 656
716 1059
1143 1020
577 448
577 704
184 281
146 200
577 163
1162 494
355 160
843 578
251 462
64 357
944 958
9 216
944 1071
692 699
840 1043
944 458
20 639
20 881
944 492
2 995
778 353
20 656
778 1127
962 351
355 503
769 389
146 161
144 302
577 414
804 1118
834 872
355 75
144 399
769 1157
778 654
146 845
843 13
20 376
692 886
295 399
944 682
1006 1090
251 853
944 699
712 250
64 476
944 746
577 1080
778 197
919 711
184 298
146 535
834 680
184 1134
834 63
778 1150
1143 581
355 239
944 305
778 761
804 395
919 994
692 481
769 684
944 557
716 727
356 634
355 9
577 882
692 708
778 156
144 761
356 1171
692 357
843 746
184 725
20 1141
20 463
20 859
20 965
715 959
834 944
1006 143
919 246
712 1018
577 56
804 1080
421 560
355 518
20 245
778 1173
100 977
778 347
778 886
20 495
355 811
843 786
184 475
843 706
355 998
20 444
769 1038
692 696
577 1064
184 1055
692 834
1006 681
843 98
919 1121
692 439
843 417
356 1167
712 592
834 1045
184 61
20 1179
146 430
251 684
692 1139
919 849
692 169
64 1033
944 155
20 999
712 455
184 55
778 176
355 96
9 215
355 1001
355 362
144 317
716 820
184 629
100 974
577 501
692 280
919 891
804 710
577 345
834 891
355 453
843 45
355 723
20 1010
355 669
146 147
1143 734
20 508
355 189
100 944
778 834
944 283
1064 385
251 554
577 510
251 640
712 551
843 362
769 160
355 298
778 378
919 1111
944 471
1006 167
843 1026
919 907
20 388
944 398
692 1050
20 603
843 931
834 590
251 747
778 595
421 3
20 381
1064 627
20 982
577 1152
843 623
20 1167
716 995
804 725
834 93
712 749
355 336
20 251
692 642
146 1124
944 380
778 693
577 1070
184 44
20 934
184 1089
769 779
184 887
146 504
944 1176
843 202
778 625
944 801
1006 641
840 916
692 741
804 1077
778 396
356 1106
144 9
843 1074
356 306
20 988
20 850
20 950
1006 904
834 339
944 848
778 200
1064 126
944 1003
712 79
20 33
355 877
692 1166
20 970
20 170
944 1198
577 178
712 1176
355 870
146 650
577 739
692 1082
769 990
577 310
769 610
769 49
919 1106
769 812
944 843
20 242
769 1007
144 222
843 379
184 525
843 1201
351 10
1006 132
834 952
919 83
1006 587
840 897
840 452
577 182
1006 166
184 1153
251 816
919 530
840 202
840 40
100 681
778 313
919 402
355 523
1143 962
843 1127
577 268
577 428
355 886
64 978
834 1087
251 592
1006 101
144 864
778 2
1162 1168
944 951
834 708
843 89
778 232
692 71
919 12
944 1191
843 520
20 44
840 410
712 756
577 1168
20 917
778 543
769 392
100 1106
184 1067
577 782
778 20
692 583
20 599
919 1104
692 1152
144 323
20 810
944 101
251 947
834 857
20 1026
1006 611
577 620
840 931
843 335
1143 978
769 881
144 3
944 289
2 747
944 653
840 578
843 990
692 821
355 101
1006 668
351 437
769 466
843 1019
778 615
421 812
355 556
144 88
20 232
778 13
840 245
351 418
20 845
944 418
778 149
1006 799
919 167
144 264
355 684
577 82
355 300
1006 455
843 142
577 486
20 215
20 3
251 14
778 248
712 574
144 1083
1006 104
843 1004
944 171
1064 694
944 892
355 934
778 301
804 80
843 731
355 866
355 1040
804 597
355 1169
778 80
355 577
355 418
716 754
712 596
840 493
355 494
944 1169
834 31
769 1084
577 297
712 478
944 1085
421 470
577 777
944 1022
778 75
184 69
577 913
692 1053
919 718
577 28
778 431
769 1088
144 871
355 383
834 517
184 321
184 728
20 1110
840 688
355 989
144 500
692 445
1162 768
843 1104
769 653
962 1
20 1005
20 643
692 37
577 392
577 814
577 8
355 548
843 898
355 792
778 581
769 668
843 574
778 852
2 1137
843 476
144 214
944 381
1006 237
962 171
355 345
577 15
184 187
144 1031
1006 762
184 58
692 873
20 628
144 531
355 119
1143 985
944 616
769 312
944 729
355 1114
769 232
919 215
840 119
20 704
944 1203
146 963
769 724
769 63
692 344
20 123
184 575
843 314
769 112
355 884
577 1121
944 43
840 28
356 424
184 76
577 312
2 218
692 356
355 407
944 1168
20 1011
1006 1040
146 545
843 855
20 1029
778 607
712 1111
1143 452
944 1091
712 489
919 278
184 219
184 482
778 481
834 211
769 293
20 488
804 789
778 934
100 965
944 350
577 404
712 633
769 1124
843 1050
804 1055
1006 857
843 649
843 590
944 793
919 301
778 402
1006 437
1006 6
804 483
834 363
769 291
919 124
843 30
1006 64
944 631
769 15
778 622
356 931
843 230
919 883
692 829
577 742
1064 265
577 233
712 1136
778 1159
919 1094
355 112
1006 261
577 1083
919 947
944 333
944 561
778 450
716 190
692 630
769 311
144 550
778 114
577 425
355 141
577 876
840 882
577 238
692 661
146 776
1006 182
944 1179
1006 329
843 171
1006 982
20 473
577 513
712 52
804 1075
1006 945
20 812
843 577
355 487
356 74
804 180
986 568
356 1075
184 1094
804 847
843 360
144 40
9 494
944 233
843 124
778 180
919 901
577 773
804 1148
577 735
20 808
919 1157
1006 974
804 703
1006 1015
184 20
769 892
919 1179
2 45
146 588
919 316
919 1039
144 291
20 1051
577 45
20 589
1006 948
144 418
1006 586
834 442
919 339
421 88
778 1128
144 887
778 756
919 266
1006 94
843 644
944 674
692 41
20 1074
834 1038
144 263
355 1151
944 883
944 675
840 832
251 453
778 173
919 757
184 708
834 356
20 164
692 894
944 76
778 51
184 289
20 606
20 665
1006 732
712 955
355 400
944 1136
355 633
804 1086
1006 656
692 309
944 1016
100 42
577 188
712 1149
769 1045
919 1117
919 317
769 334
251 413
778 1148
716 109
919 395
577 971
804 952
843 671
355 1030
184 1068
251 886
944 1017
355 181
840 476
20 915
834 933
144 140
1006 658
834 691
577 1201
715 494
919 425
769 557
778 1034
144 1033
100 793
843 1108
692 776
919 660
144 453
251 631
769 1080
778 515
356 978
355 107
577 1048
843 812
778 1152
834 80
843 94
184 885
251 136
577 705
712 153
944 1107
20 366
20 1182
20 221
692 307
355 814
834 682
1006 977
577 1184
769 256
144 738
146 1017
944 523
843 482
919 548
712 870
355 277
843 710
20 948
712 258
184 169
843 732
769 1111
184 159
2 734
2 346
20 13
421 382
1006 654
778 1090
834 495
64 611
251 883
944 719
577 543
20 432
804 203
355 689
20 449
351 854
692 246
251 999
834 667
144 944
20 960
20 517
20 778
146 769
692 1164
834 592
355 393
778 749
919 1013
804 413
769 487
1006 125
919 710
843 306
2 373
769 1052
712 34
577 384
769 28
577 244
577 144
834 802
840 307
20 308
778 1097
712 14
834 138
919 488
769 1031
355 849
843 270
778 1125
251 295
843 529
834 266
712 391
692 902
715 236
577 1037
1006 3
840 988
2 577
184 958
184 470
20 319
778 777
843 926
577 326
712 834
356 698
712 573
843 876
20 551
692 876
919 772
184 547
692 296
919 194
712 248
355 875
1006 151
577 1019
421 155
692 414
20 178
355 267
355 1139
944 857
1064 476
100 449
577 917
840 763
355 799
184 804
146 689
1006 1030
712 4
184 859
944 308
692 457
843 383
2 696
577 603
804 821
577 398
919 46
692 480
834 855
1006 1068
577 864
144 935
712 3
355 694
712 188
944 734
986 1027
804 262
421 10
1162 18
769 1026
355 302
144 1020
919 667
20 1022
64 644
1006 377
184 54
421 910
1006 700
146 674
355 309
20 494
1143 145
840 890
919 1067
778 522
692 368
2 1141
919 431
919 827
421 1120
577 125
100 646
144 494
20 445
1006 397
146 48
184 138
919 1159
692 444
2 753
986 436
251 88
184 621
356 94
20 1151
2 476
295 854
1006 585
146 140
843 299
9 200
843 522
356 622
834 920
144 188
843 265
843 603
144 231
804 384
769 998
577 355
840 480
944 1154
20 121
919 526
944 662
577 747
144 1154
2 940
919 1099
184 233
843 371
20 579
692 918
64 40
778 553
577 4
1064 356
843 63
919 463
20 100
20 176
2 630
804 977
804 24
20 586
577 1078
20 1065
144 1118
144 1192
843 1044
944 517
1006 419
715 147
919 871
843 190
251 1001
834 1043
919 185
144 839
692 42
843 1139
843 815
351 215
778 73
20 560
2 1031
692 81
20 72
769 966
251 647
712 576
9 1090
692 1071
778 485
843 41
20 711
577 152
2 887
421 974
919 193
834 571
919 346
577 31
692 256
769 793
778 102
251 774
1006 284
1006 949
1006 128
355 1162
843 938
712 899
840 712
778 908
843 670
840 220
577 995
843 1102
716 1168
692 688
843 919
769 24
1006 756
840 313
840 744
577 1115
577 893
919 118
64 1026
692 622
1006 947
355 603
778 1134
144 1086
834 777
692 474
834 605
421 147
769 771
716 384
20 939
251 298
144 891
251 836
356 1017
919 236
64 993
64 967
778 568
919 1058
840 407
712 1177
840 875
843 29
840 537
64 1168
355 508
577 1146
355 174
1064 728
769 1090
712 299
146 3
20 629
1006 916
20 269
919 133
64 868
1006 213
146 757
692 434
769 1025
692 676
144 1129
146 955
20 249
577 703
778 287
840 1020
146 407
843 1098
769 797
919 853
577 582
1006 752
1064 48
356 888
944 203
769 1164
712 639
577 1085
577 1038
834 965
577 691
577 1026
834 975
944 1160
769 698
355 1191
692 726
692 577
834 156
20 1038
944 1061
692 1031
146 979
355 1083
840 627
712 276
712 471
919 313
20 985
692 185
184 640
840 414
843 871
843 186
1006 352
692 980
20 386
840 434
834 66
834 1090
146 271
2 298
144 1191
20 981
843 261
843 894
778 943
184 24
778 825
20 667
944 257
20 166
1143 972
144 842
692 841
577 618
1006 780
843 1182
769 190
944 575
1006 1167
184 1200
712 342
251 375
421 364
20 770
834 569
2 693
834 578
843 973
944 364
2 952
184 896
577 365
1143 1036
144 573
20 50
778 790
834 440
355 635
843 146
355 127
843 751
712 282
184 47
355 482
20 678
843 530
355 48
355 86
355 745
100 728
184 322
843 1090
778 74
2 1080
843 554
919 802
1006 655
1143 79
421 654
843 408
778 1192
2 437
184 1045
100 237
577 758
834 324
20 993
692 592
843 505
944 358
778 695
712 90
843 452
778 592
769 473
712 1173
184 891
944 976
944 781
944 905
919 161
20 832
184 246
778 679
251 1195
919 495
355 604
577 711
1006 609
20 93
577 540
843 657
712 306
146 452
712 624
355 591
716 728
184 1186
1143 538
144 1157
944 215
144 1075
355 995
1006 630
843 303
1006 394
577 904
184 1087
692 1027
146 998
692 527
712 537
355 49
843 669
20 91
144 581
355 857
1006 742
251 919
100 86
712 399
778 43
843 612
1162 1027
251 1080
184 646
843 584
834 1
712 544
356 79
804 40
577 622
919 1165
1006 31
843 785
834 74
184 85
778 899
184 797
1006 1093
20 600
843 1168
769 182
843 749
251 250
944 812
295 1028
944 689
1162 1137
184 476
20 876
1006 832
692 747
356 999
20 1083
769 972
577 958
577 38
355 761
778 268
692 844
577 663
251 670
144 517
146 24
715 190
355 954
712 457
769 395
1006 1050
919 203
20 1046
769 94
778 126
421 718
184 1088
2 1011
144 730
20 837
144 1012
843 691
840 98
577 164
9 985
692 220
146 1136
692 0
144 594
144 451
712 1095
843 523
778 520
251 619
834 267
577 226
355 507
20 29
834 362
692 782
944 416
146 332
577 867
843 1174
355 535
144 235
20 333
804 458
944 208
843 341
20 396
843 410
144 974
251 364
843 804
919 98
251 1065
843 943
9 470
355 349
769 332
715 93
20 647
712 316
577 1145
355 192
840 815
146 728
843 414
944 336
712 97
919 911
184 656
355 113
919 653
778 1046
944 448
577 829
1006 1149
919 512
1006 518
577 303
146 719
843 745
355 121
843 406
843 645
778 900
944 293
20 261
962 525
184 775
919 1133
804 723
9 835
843 129
1143 515
716 80
577 909
843 1066
577 667
944 242
944 982
834 839
843 839
804 681
577 600
355 1070
20 1079
100 418
944 1089
577 1006
184 223
919 102
944 806
843 738
843 262
944 985
184 928
712 943
778 1114
1006 234
20 35
778 1082
577 360
1064 32
146 1059
919 654
834 281
834 771
843 1130
804 590
355 360
146 1184
577 257
769 961
944 970
840 111
356 525
1162 237
146 458
577 1024
577 977
577 737
421 890
840 584
944 365
919 6
421 135
843 399
184 1168
778 797
184 1177
769 158
692 1113
919 458
840 126
919 17
712 12
184 430
1006 192
919 601
919 618
1006 174
64 995
944 831
20 954
804 109
769 111
9 998
804 608
716 476
64 593
356 42
944 693
9 163
919 1131
355 233
840 616
1006 466
840 742
100 448
843 281
778 1042
356 1128
944 331
778 95
778 576
9 1027
778 600
778 567
804 291
944 1055
944 236
1006 376
692 884
944 6
712 830
840 910
144 219
421 358
1006 1069
184 262
843 661
840 1027
577 315
20 519
64 1106
1006 1198
355 741
1006 432
1143 940
355 88
144 211
577 521
251 790
577 953
355 1201
843 945
712 1066
146 903
355 143
716 568
769 1185
843 34
184 405
712 2
804 249
251 80
577 1067
712 971
778 638
1006 935
20 880
20 514
715 972
944 175
919 54
692 978
355 970
355 144
1006 1199
355 51
919 852
834 776
712 308
1143 525
692 290
834 159
769 361
184 776
712 283
577 523
843 764
20 1052
1006 680
692 619
355 1134
769 811
184 856
692 38
834 1067
919 792
712 338
577 179
919 366
421 313
944 1151
692 875
184 515
1143 587
834 347
840 1203
840 816
20 1152
919 155
251 12
769 1036
251 1031
769 1175
692 285
577 740
64 1068
692 215
144 300
421 988
944 451
778 1102
834 143
778 283
251 66
9 1184
843 562
834 775
919 287
356 420
20 634
144 1100
769 876
840 938
355 839
944 927
944 297
1064 703
692 752
577 823
692 469
919 369
804 387
20 145
1006 8
251 236
944 632
251 181
778 69
944 936
843 852
944 391
184 1038
421 726
184 1000
944 687
769 994
843 486
9 640
944 1101
712 780
2 1094
840 930
1006 743
251 976
843 1106
20 46
146 904
355 913
20 1071
834 6
20 532
1064 1026
919 521
944 896
692 249
778 493
144 384
20 1107
184 175
712 135
834 506
843 838
778 37
355 539
251 694
1006 744
577 812
692 1114
692 350
20 747
146 531
146 325
944 679
944 873
712 468
184 18
144 442
577 721
20 374
944 288
356 184
769 1173
100 972
944 134
1006 90
944 925
64 48
146 398
692 931
919 237
919 1076
1006 228
843 684
840 793
20 1100
144 803
20 621
834 547
840 314
804 869
919 344
944 481
778 219
577 910
778 670
778 752
716 436
944 691
834 727
944 534
251 1056
1006 396
146 727
20 492
919 1168
1006 861
144 985
146 766
834 958
834 1161
184 1151
184 730
1006 5
251 417
778 245
1006 653
1143 881
712 668
692 472
577 1002
840 187
778 1020
1006 347
769 55
712 259
692 1107
840 822
577 295
834 1063
843 496
64 567
843 375
355 916
944 202
100 371
146 605
1064 419
843 690
20 111
919 705
843 1186
692 345
2 176
421 410
355 894
715 701
944 911
355 681
692 174
712 1089
355 410
146 437
715 1068
20 1055
712 949
355 1148
712 1188
146 256
184 641
712 64
804 548
769 954
144 1161
692 1185
1006 84
1006 319
919 31
778 905
146 783
355 823
843 996
843 666
692 7
355 708
355 249
919 632
251 906
184 584
834 757
712 547
778 329
20 543
1006 739
20 509
712 1003
919 1018
843 515
1006 563
843 544
355 43
778 589
919 373
20 384
834 110
577 696
577 5
919 628
577 478
184 585
20 869
356 1056
577 980
577 341
804 820
712 1057
716 619
577 1161
20 54
778 1172
769 907
1006 317
843 1022
944 741
251 297
355 601
184 156
355 873
712 795
144 816
843 559
251 232
944 137
692 403
184 1090
577 406
20 1186
1006 769
184 365
355 835
20 12
1006 1004
184 253
778 839
769 770
919 623
778 897
692 222
962 190
577 1136
843 948
146 552
1006 323
184 689
184 799
9 515
692 662
1006 358
295 1079
692 546
20 94
692 1186
840 1192
9 617
834 947
834 313
1006 315
712 317
986 1009
804 422
712 625
962 605
692 104
715 356
692 184
251 190
692 590
20 360
804 232
421 80
20 371
769 1142
834 187
769 318
834 583
712 293
146 829
184 323
146 455
146 960
804 922
1143 1055
843 735
769 327
834 27
944 607
769 903
944 917
1006 1192
144 1171
778 194
919 552
778 585
944 815
355 472
144 1149
712 1167
9 45
577 458
769 760
64 1154
986 728
351 1055
577 159
843 46
1006 816
712 743
944 1181
692 601
944 251
577 861
962 810
184 1025
778 614
919 209
1006 373
778 667
577 694
778 658
2 725
944 1087
577 189
20 431
295 1065
692 451
184 362
834 453
144 1004
144 1175
184 718
184 401
769 673
944 188
843 592
778 416
692 1118
577 307
692 725
2 106
778 675
144 1202
840 1171
944 181
184 409
146 705
20 318
712 1022
834 1083
1006 402
919 964
716 485
778 457
944 642
184 162
834 1187
769 261
2 1020
356 1055
944 254
184 186
919 371
144 1032
20 243
769 267
692 275
712 407
944 856
712 486
962 104
100 51
834 986
421 728
692 812
9 550
944 370
769 329
944 1015
20 207
944 668
944 877
421 403
146 387
834 585
355 652
1006 473
577 470
1006 910
843 395
355 92
944 499
692 631
843 151
251 318
692 1074
251 966
9 842
919 75
355 331
20 1023
144 48
356 89
834 59
843 655
144 906
577 608
356 508
355 760
944 298
692 892
769 575
577 1156
843 111
712 94
840 300
834 631
843 267
778 385
692 427
778 920
20 352
692 584
769 803
184 1179
843 895
769 997
840 1050
919 755
577 158
692 762
251 1143
843 877
834 623
834 346
146 622
20 1059
712 1128
712 565
692 111
144 721
355 483
1006 300
919 85
769 110
184 993
20 966
834 208
769 450
692 377
577 367
184 676
20 761
962 606
692 992
355 808
355 351
20 408
355 570
778 27
355 1140
1006 439
577 193
1143 395
944 176
843 326
944 149
834 726
919 684
944 714
692 362
577 89
1006 1113
804 468
144 411
944 686
692 428
804 176
184 739
692 162
919 682
712 1120
1006 259
1006 795
712 515
144 701
355 922
692 52
577 1197
251 772
421 995
20 61
769 681
944 396
20 945
577 891
769 1168
184 816
1006 462
778 1191
769 510
1006 264
769 443
769 683
100 605
843 133
251 525
804 386
944 1029
804 436
2 348
355 1053
251 730
295 374
1006 584
919 528
1143 473
716 72
20 137
840 346
20 817
843 400
804 650
692 1131
1006 1078
184 86
355 703
840 316
577 634
1064 358
20 709
919 544
692 880
944 1185
715 249
1006 492
2 578
840 490
20 47
146 224
944 456
355 832
20 542
843 682
64 566
843 222
20 324
769 469
834 443
1006 1060
778 228
962 219
64 585
778 973
295 974
712 218
355 994
20 883
715 993
9 395
944 875
944 960
144 251
1143 466
778 992
146 639
1006 208
144 1024
355 1158
184 742
962 67
692 402
712 331
843 1024
146 251
804 139
251 226
146 667
1162 972
712 82
1006 475
804 741
712 1077
1006 578
1006 524
944 709
20 460
919 231
20 944
355 465
355 1126
251 682
692 1160
692 1042
919 1043
843 772
1006 452
778 446
919 333
919 733
184 703
840 404
840 1180
712 132
1006 697
184 351
944 382
843 841
355 82
355 654
712 1142
919 138
834 389
778 688
840 428
144 972
778 369
2 470
1064 494
1006 515
577 53
834 9
146 910
421 86
778 815
144 485
778 564
1006 505
919 1068
769 266
355 1182
944 974
692 452
692 85
577 383
1064 667
577 493
1006 1071
351 543
355 201
840 1007
769 644
355 645
692 415
944 829
919 204
843 734
804 630
184 179
804 636
20 697
769 549
355 969
712 327
843 614
577 550
577 420
2 236
778 1015
778 330
20 844
577 675
577 485
834 145
355 728
804 298
715 1056
1006 783
778 499
712 691
843 1023
20 546
577 1139
712 863
712 271
778 513
769 148
712 787
421 801
769 791
778 955
20 306
146 1134
20 1075
577 578
9 568
944 307
577 1034
778 610
351 967
692 1040
712 676
692 1034
184 1159
692 318
944 335
715 449
944 827
2 293
20 1172
769 452
692 193
778 192
146 821
577 296
20 705
20 227
712 1071
919 418
1006 498
20 19
295 18
251 266
769 464
64 262
9 86
1006 923
769 978
804 865
769 726
778 640
20 1183
577 915
834 13
778 924
843 318
769 699
20 690
944 821
144 33
144 455
712 96
251 512
20 938
355 771
144 1088
20 239
712 446
577 702
1006 1025
834 543
355 1098
919 469
144 1189
804 42
834 225
146 849
834 980
712 43
251 324
355 909
962 436
843 492
778 349
919 1196
778 527
1006 868
144 683
712 1084
251 770
919 1203
834 868
1006 569
944 199
944 780
421 857
184 553
778 856
778 694
146 778
944 672
843 260
692 1062
577 572
840 661
840 1155
64 768
712 637
712 764
577 978
1006 875
251 1036
834 470
944 652
355 68
144 307
769 895
146 1197
20 792
184 126
804 950
146 290
986 236
944 103
692 1044
1006 690
840 796
692 911
1006 1073
712 1197
20 32
712 898
1006 412
919 524
919 876
144 63
356 719
20 1146
577 181
769 1148
356 324
20 842
577 729
944 52
778 418
840 324
840 1135
577 1092
843 123
146 1027
146 1178
712 875
577 455
577 730
146 777
712 878
577 252
944 973
944 72
840 1086
769 412
20 368
769 568
778 544
577 433
944 378
843 250
944 640
778 235
20 134
712 536
146 841
20 848
146 630
944 752
769 251
577 35
251 915
577 472
2 407
840 1175
251 1097
577 748
577 511
251 430
843 1052
144 1027
1006 239
20 1134
355 614
944 1076
2 213
184 652
944 1008
577 771
355 184
843 624
778 1018
919 1066
944 476
20 964
919 531
64 619
1006 91
355 1034
1006 802
843 170
712 190
251 874
146 1051
692 921
944 841
778 405
712 1109
919 212
769 604
712 873
355 687
20 353
712 244
778 621
804 887
944 695
692 430
778 406
804 1191
692 715
769 887
692 785
769 145
769 1141
712 1
919 503
843 269
100 40
778 1193
834 916
146 1167
843 971
356 176
144 1016
944 544
834 653
577 834
20 1063
355 402
251 585
20 1176
1006 823
843 899
944 62
355 732
944 1069
251 548
843 882
1006 1132
577 139
64 215
840 431
834 1191
144 970
251 1025
355 1105
146 1080
712 954
778 55
778 187
1006 1086
840 1022
146 587
834 22
144 450
251 1095
1006 755
144 661
577 69
1006 345
769 53
1143 550
944 818
184 193
769 167
144 571
712 1125
919 324
355 653
144 642
843 455
804 1062
778 571
944 707
184 464
20 648
355 544
843 66
769 348
944 550
692 597
715 346
577 112
421 536
715 213
919 839
712 493
834 876
843 244
184 139
712 925
577 545
944 165
421 923
20 1095
843 79
1006 250
577 255
919 131
577 208
692 691
712 1130
804 351
843 266
1064 1202
1006 997
919 244
919 559
144 692
100 606
834 103
356 928
20 478
840 1200
843 972
944 204
712 849
712 1038
986 768
712 459
577 1183
944 24
944 1172
804 607
843 6
692 781
804 696
919 1069
1006 582
712 1052
1006 1116
769 647
944 459
20 77
1006 1091
355 624
834 632
1006 165
20 157
843 38
144 493
944 1075
769 906
919 706
1006 321
712 809
919 793
20 279
577 925
804 491
1006 965
1143 960
843 857
919 164
834 827
692 1120
144 521
834 1075
184 203
144 24
834 618
20 531
355 590
295 452
769 1060
834 603
778 972
184 828
692 14
355 386
1006 95
843 510
944 904
712 905
944 351
944 1042
146 86
355 628
712 690
1006 1125
251 161
778 319
577 886
834 306
840 354
1143 382
577 811
355 1109
769 1099
356 642
843 164
919 49
184 1043
577 955
834 1065
1143 906
840 419
769 776
64 138
843 183
843 181
1162 525
712 256
692 1197
692 627
944 717
692 895
692 764
919 399
843 93
1006 1083
184 285
100 270
577 975
919 1080
577 20
712 112
1006 29
251 1125
1006 368
1006 721
840 689
843 748
843 1027
944 146
20 633
834 763
769 449
100 697
184 688
251 200
421 184
962 769
577 376
834 8
712 866
944 348
843 737
20 716
1006 1063
712 1004
144 324
421 203
712 143
251 804
251 841
712 579
919 188
20 1
356 244
1064 405
20 1076
944 33
1006 1150
769 123
1006 340
840 885
356 276
944 296
184 564
20 129
251 359
577 381
1006 1130
944 920
692 159
778 914
840 198
64 374
146 328
712 972
712 1163
834 608
769 617
692 308
692 1125
919 323
944 794
577 419
1006 1054
100 585
804 368
1006 353
778 830
355 166
1143 1065
919 208
919 859
1006 1186
1006 209
577 37
184 603
804 646
251 438
1006 89
1006 839
1006 1002
577 132
20 539
769 974
944 64
355 1194
944 340
355 45
1006 725
692 1148
1064 769
2 881
20 1191
919 374
944 158
769 940
778 570
251 890
184 296
146 206
843 1165
919 15
843 537
184 680
1006 1100
2 594
1006 423
834 28
843 643
355 724
843 720
843 963
251 803
146 1022
843 759
184 256
251 931
1006 483
919 790
919 475
834 728
421 1161
20 31
1006 116
1064 237
20 773
9 1149
843 321
716 195
355 153
1006 162
577 1151
355 1007
1143 147
146 619
184 185
804 702
804 1
843 1173
778 835
1006 833
804 812
1006 788
692 612
769 462
919 1033
421 216
355 263
146 199
184 583
843 1159
355 169
834 248
251 267
692 945
834 577
919 565
146 1195
1162 1022
251 698
1006 255
355 171
20 1132
712 1023
778 530
692 8
944 735
692 225
1006 814
843 829
1006 527
1006 667
843 1131
184 142
251 1134
716 585
2 573
834 693
184 468
20 622
355 833
20 66
9 139
144 927
692 997
919 596
919 1186
146 409
355 1072
2 571
692 1
778 639
1006 1061
944 1099
146 1154
577 660
1143 411
944 825
144 755
834 1108
1006 207
251 193
962 974
577 593
356 8
251 40
295 594
716 902
919 127
843 890
251 399
9 768
144 1085
20 785
692 540
843 784
20 161
692 1092
1006 159
577 253
834 437
843 893
843 752
712 906
944 226
944 972
251 630
184 411
712 1051
843 850
577 1095
1006 602
2 202
