51 261
51 895
51 683
51 607
51 1321
51 23
51 906
51 135
51 1355
51 250
51 80
51 771
51 3
51 174
51 142
51 1385
51 790
51 1019
51 883
51 818
51 32
51 1217
51 268
51 1160
51 709
51 1094
51 173
51 567
51 1311
51 584
51 938
51 109
51 1373
51 867
51 1346
51 162
51 1417
51 1238
51 440
51 1008
51 1016
51 467
51 188
51 1082
51 1365
51 326
51 942
51 433
51 237
51 1020
51 492
51 94
51 839
51 230
51 1310
51 28
51 566
51 1126
51 1095
51 1153
51 372
51 1359
51 637
51 1381
51 537
51 1279
51 248
51 800
51 956
51 214
51 588
51 1266
51 1024
51 147
51 238
51 601
51 1132
51 1147
51 1154
51 1374
51 134
51 315
51 1397
51 569
51 513
51 757
51 1115
51 910
51 767
51 1085
51 6
51 949
51 234
51 620
51 1433
51 889
51 1375
51 198
51 1152
51 855
51 552
51 1236
51 420
51 295
51 706
51 251
51 1283
51 195
51 434
51 1202
51 540
51 100
51 1401
51 77
51 253
51 696
51 1069
51 1058
51 1195
51 262
51 1394
51 31
51 661
51 871
51 1360
51 71
51 1282
51 322
51 254
51 338
51 1089
51 509
51 1263
51 760
51 666
51 324
51 330
51 1037
51 1010
51 1227
51 1277
51 1044
51 1193
51 850
51 1308
51 408
51 497
51 1189
51 224
51 1305
51 1284
51 381
51 804
51 444
51 244
51 451
51 430
51 1405
51 886
51 963
51 639
51 205
51 646
51 793
51 300
51 310
51 1406
51 457
51 984
51 1425
51 1120
51 83
51 1107
51 218
51 429
51 367
51 1142
51 1392
51 968
51 1330
51 766
51 266
51 677
51 1166
51 1383
51 85
51 978
51 1201
51 1410
51 873
51 731
51 987
51 1421
51 1038
51 409
51 481
51 208
51 1057
51 990
51 1128
51 982
51 350
51 738
51 917
51 123
51 145
51 520
51 1445
51 814
51 1004
51 55
51 675
51 485
51 36
51 1185
51 783
51 1287
51 264
51 1065
51 301
51 1306
51 1415
51 1056
51 357
51 1395
51 1441
51 621
51 257
51 765
51 1182
51 1108
51 1059
51 969
51 720
51 419
51 705
51 1323
51 1028
51 348
51 1352
51 572
51 1052
51 463
51 791
51 578
51 619
51 307
51 515
51 577
51 336
51 1187
51 84
51 1232
51 1137
51 199
51 387
51 925
51 102
51 1345
51 1091
51 1169
51 754
51 1439
51 634
51 1271
51 1157
51 1138
51 144
51 544
51 239
51 543
51 450
51 487
51 1386
51 172
51 1419
51 897
51 872
51 879
51 787
51 570
51 828
51 1075
51 957
51 443
51 288
51 1047
51 1364
51 441
51 808
51 628
51 46
51 1214
51 1402
51 553
51 1144
51 280
51 724
51 344
51 392
51 1210
51 398
51 438
51 1322
51 772
51 786
51 171
51 1399
51 562
51 1180
51 245
51 1035
51 733
51 1309
51 1274
51 1325
51 502
51 845
51 964
51 117
51 900
51 97
51 1049
51 1083
51 518
51 277
51 212
51 1357
51 774
51 256
51 704
51 389
51 830
51 152
51 4
51 329
51 1221
51 913
51 1413
51 40
51 175
51 462
51 1048
51 656
51 1018
51 155
51 1015
51 200
51 921
51 1303
51 971
51 159
51 517
51 1215
51 797
51 82
51 1042
51 524
51 841
51 636
51 803
51 730
51 1149
51 445
51 425
51 87
51 204
51 1164
51 718
51 423
51 281
51 1302
51 837
51 1356
51 1292
51 1178
51 1161
51 953
51 764
51 1300
51 1229
51 131
51 558
51 563
51 133
51 59
51 1211
51 660
51 937
51 930
51 129
51 386
51 852
51 868
51 777
51 915
51 1446
51 1030
51 128
51 670
51 1297
51 345
51 333
51 34
51 1371
51 514
51 213
51 1
51 65
51 869
51 1396
51 1320
51 780
51 140
51 376
51 672
51 1339
51 715
51 148
51 342
51 817
51 1358
51 911
51 1343
51 437
51 729
51 640
51 414
51 1167
51 125
51 267
51 361
51 331
51 1280
51 687
51 551
51 449
51 758
51 1377
150 175
150 724
150 1123
150 342
150 1203
150 903
150 613
150 947
150 933
150 914
150 777
150 637
150 1131
150 1020
150 1101
150 125
150 551
150 1396
150 830
150 1293
150 305
150 423
150 414
150 1116
150 733
150 1031
150 687
150 1178
150 296
150 1259
150 1202
150 1254
150 1190
150 266
150 645
150 443
150 502
150 1227
150 253
150 1429
150 1063
150 622
150 239
150 1046
150 553
150 802
150 1292
150 579
150 1322
150 989
150 156
150 1216
150 778
150 621
150 1120
150 925
150 819
150 546
150 113
150 209
150 632
150 717
150 1240
150 950
150 949
150 906
150 1199
150 1303
150 770
150 274
150 1317
150 585
150 1343
150 499
150 555
150 92
150 537
150 1305
150 1248
150 560
150 324
150 1331
150 1091
150 676
150 990
150 899
150 1321
150 403
150 11
150 1363
150 193
150 1243
150 771
150 814
150 1437
150 1180
150 261
150 171
150 964
150 445
150 338
150 628
150 248
150 1183
150 1302
150 683
150 43
150 485
150 1025
150 327
150 354
150 1329
150 1304
150 845
150 147
150 312
150 806
150 1232
150 1160
150 666
150 1407
150 754
150 774
150 1412
150 330
150 32
150 362
150 477
150 398
150 1170
150 886
150 1269
150 731
150 60
150 1312
150 1
150 1109
150 115
150 1066
150 412
150 750
150 1311
150 829
150 1405
150 696
150 277
150 119
150 636
150 1149
150 1424
150 944
150 1389
150 919
150 152
150 331
150 1108
150 255
150 168
150 140
150 1362
150 1379
150 1394
150 997
150 51
150 424
150 1392
150 851
150 625
150 1276
150 780
150 941
150 704
150 48
150 1094
150 320
150 1415
150 1229
150 758
150 1003
150 1280
150 902
150 1052
150 1418
150 1399
150 608
150 1375
150 93
150 1353
150 784
150 984
150 566
150 410
150 956
150 321
150 888
150 843
150 3
150 841
150 1413
150 1142
150 760
150 1010
150 966
150 1156
150 1385
150 602
150 97
150 692
150 308
150 518
150 436
150 100
150 828
150 289
150 278
150 59
150 912
150 996
150 1095
150 160
150 952
150 527
150 848
150 656
150 887
150 30
150 1134
150 1374
150 363
150 489
150 1222
150 582
150 109
150 915
150 978
150 529
150 1330
150 1217
150 860
150 1100
150 959
150 1242
150 205
150 486
150 620
150 251
150 1358
150 1016
150 798
150 148
150 146
150 1059
150 306
150 1282
150 761
150 427
150 245
150 216
150 373
150 456
150 957
150 540
150 262
150 783
150 1219
150 795
150 1103
150 884
150 17
150 434
150 73
150 1224
150 1439
150 1244
150 5
150 951
150 920
150 449
150 1135
150 1193
150 1058
150 803
150 1200
150 326
150 871
150 1047
150 110
150 657
150 463
150 429
150 267
150 1278
150 94
150 685
150 1122
150 557
150 279
150 1296
150 124
150 384
150 1024
150 535
150 137
150 804
225 100
225 785
225 946
225 1015
225 786
225 1312
225 199
225 933
225 99
225 1447
225 475
225 1227
225 104
225 134
225 483
225 814
225 1108
225 821
225 902
225 684
225 1215
225 1243
225 953
225 94
225 779
225 980
225 1336
225 1290
225 1122
225 262
225 434
225 13
225 1114
225 1204
225 1393
225 116
225 640
225 1328
225 579
225 905
225 110
225 710
225 1329
225 1109
225 1007
225 1385
225 574
225 685
225 1113
225 312
225 590
225 35
225 150
225 1355
225 143
225 5
225 973
225 1002
225 173
225 938
225 322
225 197
225 1193
225 515
225 916
225 729
225 309
225 331
225 630
225 1230
225 386
225 464
225 429
225 1102
225 612
225 1041
225 666
225 72
225 396
225 616
225 830
225 1399
225 1429
225 937
225 119
225 1133
225 219
225 1358
225 338
225 744
225 311
225 586
225 585
225 146
225 316
225 904
225 736
225 84
225 1234
225 1370
225 733
225 185
225 920
225 1065
225 525
225 1027
225 1209
225 1110
225 683
225 890
225 677
225 1349
225 680
225 421
225 669
225 1413
225 42
225 1093
225 1155
225 1236
225 266
225 280
225 427
225 272
225 1283
225 389
225 704
225 343
225 1120
225 436
225 627
225 1302
225 1320
225 1132
225 656
225 925
225 1415
225 1313
225 819
225 336
225 1107
225 122
225 118
225 277
225 106
225 631
225 324
225 1284
225 206
225 208
225 663
225 947
225 397
225 362
225 921
225 216
225 754
225 1194
225 1126
225 1311
225 205
225 1389
225 1366
225 707
225 569
225 310
225 917
225 844
225 1427
225 891
225 1272
225 566
225 254
225 1097
225 621
225 1280
225 1058
225 253
225 613
225 1324
225 1119
225 207
225 144
225 142
225 1222
225 702
225 148
225 1424
225 1070
225 342
225 1072
225 1090
225 792
225 101
225 919
225 846
225 1056
225 915
225 1380
225 647
225 1180
225 1439
225 44
225 912
225 838
225 875
225 1167
225 695
225 192
225 572
225 1125
225 248
225 439
225 558
225 269
225 251
225 1208
225 873
225 698
225 1419
225 73
225 128
225 622
225 20
225 245
225 481
225 425
225 97
225 339
225 1318
225 1239
225 964
225 1011
225 74
225 523
225 305
225 883
225 1066
225 978
225 935
225 1262
225 485
225 445
225 51
225 1226
225 1217
225 532
225 243
225 1037
225 1296
225 501
225 1353
225 732
225 800
225 1059
225 437
225 706
225 377
225 1440
225 1242
225 223
225 1314
225 1187
225 1405
225 1083
225 517
225 1009
225 1213
225 450
225 1347
225 865
225 837
225 509
225 147
225 1309
225 1235
225 302
225 1028
225 818
225 345
225 1323
225 1062
225 831
225 690
225 1400
225 521
225 1176
225 267
225 1397
225 777
225 1094
225 694
225 1387
225 1371
225 257
225 1203
225 268
225 842
225 390
225 1229
225 152
225 687
225 1276
225 402
225 739
225 778
225 1156
225 93
225 871
225 914
225 1392
225 1248
225 444
225 1200
225 799
225 1169
225 411
225 408
225 183
225 689
225 1136
225 567
225 22
225 995
225 770
225 490
225 59
225 1304
225 901
225 696
225 1074
225 447
225 765
225 486
225 230
225 1292
225 1184
225 597
225 1321
225 462
225 261
225 1436
225 989
225 186
225 383
225 327
225 1412
225 782
225 952
225 882
225 774
225 929
225 1445
225 1438
225 373
225 1326
225 791
225 1244
225 1039
225 103
225 1178
225 826
225 950
225 1195
225 1291
225 676
225 126
225 1426
225 1006
225 724
225 189
225 171
225 291
225 194
225 940
225 399
225 1051
225 869
225 1082
225 672
225 751
225 1245
225 761
225 984
225 495
225 721
225 941
225 249
225 430
225 641
225 85
225 1287
225 265
225 776
225 962
225 996
225 923
225 4
225 1411
225 344
225 866
225 1001
225 1205
225 1225
225 234
225 802
225 535
225 823
225 1446
225 489
225 1327
225 98
225 839
225 668
225 545
225 46
225 764
225 215
225 983
225 158
225 164
225 460
225 817
225 401
225 634
225 1140
225 850
225 250
225 259
225 599
225 1357
225 75
225 440
225 798
225 1197
225 601
225 772
225 872
225 422
225 1060
225 528
225 1016
225 787
225 391
225 1084
225 628
225 922
225 766
225 1322
225 1128
225 127
225 639
225 959
225 190
225 655
225 263
225 1144
225 1085
225 1240
225 357
225 715
225 1232
225 1224
225 138
225 368
225 750
225 1414
225 645
225 1331
225 1306
225 957
225 1256
225 997
225 857
225 1241
225 537
225 893
225 1418
225 494
225 897
225 1185
225 492
225 1356
225 203
225 1348
225 542
225 632
225 76
225 970
225 32
225 1298
225 231
225 58
225 239
225 954
225 398
225 400
225 133
225 1317
225 899
225 768
225 757
225 1010
225 771
225 734
225 991
225 518
225 1395
244 93
244 1287
244 947
244 1370
244 1166
244 1323
244 1090
244 454
244 1438
244 969
244 639
244 289
244 1024
244 995
244 1262
244 267
244 867
244 771
244 1310
244 1309
244 590
244 363
244 630
244 1209
244 677
244 1328
244 1119
244 532
244 127
244 828
244 1421
244 1126
244 987
244 707
244 801
244 1154
244 1040
244 865
244 573
244 257
244 231
244 909
244 63
244 194
244 621
244 1286
244 140
244 1018
244 126
244 1259
244 756
244 106
244 315
244 1440
244 265
244 146
244 593
244 178
244 1041
244 481
244 144
244 268
244 29
244 370
244 1006
244 160
244 805
244 1065
244 620
244 410
244 984
244 9
244 478
244 938
244 208
244 254
244 655
244 1430
244 186
244 368
244 101
244 441
244 841
244 802
244 553
244 1373
244 777
244 1193
244 568
244 1266
244 191
244 1204
244 1256
244 1183
244 1372
244 912
244 1355
244 860
244 474
244 379
244 1208
244 1110
244 1311
244 702
244 652
244 724
244 492
244 1381
244 230
244 1335
244 1273
244 238
244 572
244 675
244 1234
244 1123
244 750
244 683
244 65
244 99
244 437
244 726
244 1277
244 7
244 448
244 1415
244 1428
244 770
244 647
244 1238
244 314
244 439
244 690
244 1346
244 45
244 1420
244 1224
244 245
244 1185
244 731
244 882
244 1314
244 792
244 234
244 866
244 643
244 1445
244 596
244 1242
244 229
291 309
291 550
291 1041
291 507
291 1165
291 1298
291 373
291 1093
291 869
291 800
291 911
291 949
291 1217
291 433
291 578
291 1405
291 103
291 1156
291 1378
291 1383
291 128
291 425
291 859
291 1292
291 244
291 1224
291 844
291 296
291 654
291 703
291 1347
291 865
291 626
291 212
291 758
291 881
291 209
291 247
291 518
291 702
291 1440
291 163
291 1374
291 957
291 1386
291 768
291 301
291 868
291 1138
291 1256
291 963
291 157
291 30
291 297
291 623
291 1091
291 354
291 580
291 1048
291 70
291 464
291 243
291 834
291 1193
291 1052
291 958
291 1325
291 168
291 1002
291 1271
291 113
291 461
291 110
291 956
291 937
291 1221
291 236
291 1166
291 802
291 947
291 751
291 407
291 1391
291 1427
291 82
291 237
291 885
291 801
291 1245
291 1117
291 1331
291 234
291 664
291 691
291 642
291 607
291 251
291 350
291 208
291 876
291 712
291 754
291 696
291 1170
291 1231
291 186
291 1412
291 1307
291 499
291 1324
291 404
291 880
291 316
291 871
291 1089
291 1008
291 772
291 133
291 1389
291 729
291 1400
291 1016
291 1403
291 1246
291 902
291 1321
291 972
291 284
291 389
291 683
291 154
291 1283
291 1176
291 676
291 1039
291 1269
291 628
291 129
291 882
291 1087
291 289
291 645
291 732
291 288
291 643
291 743
291 29
291 1349
291 641
291 1169
291 808
291 1397
291 1284
291 923
291 299
291 1045
291 943
291 532
291 1038
291 119
291 588
291 991
291 391
291 365
291 647
291 596
291 572
291 818
291 1148
291 791
291 322
291 1229
291 788
291 1199
291 1418
291 1314
291 1009
291 1322
291 101
291 304
291 996
291 546
291 919
291 22
291 1385
291 1142
291 410
291 964
291 843
291 312
291 1387
291 72
291 1171
291 1394
291 1355
291 42
291 423
291 960
291 535
291 256
291 1187
291 93
291 479
291 1183
291 935
291 1094
291 1346
291 375
291 555
291 1185
291 867
291 1116
291 386
291 287
291 1197
291 230
291 774
291 80
291 616
291 886
291 817
291 783
291 193
291 870
291 1025
291 1075
291 1250
291 238
291 1318
291 860
291 780
291 413
291 724
291 1164
291 1290
291 462
291 794
291 1402
291 437
291 27
291 1104
291 142
291 483
291 1202
291 440
291 457
291 1012
291 383
291 953
291 384
291 486
291 822
291 677
291 771
291 1422
291 933
291 700
291 231
291 345
291 194
291 396
291 283
291 805
291 192
291 105
291 278
291 73
291 656
291 305
291 657
291 998
291 1110
291 687
291 1205
291 1438
291 1208
291 390
291 444
291 490
291 470
291 1372
291 223
291 568
291 127
291 1343
291 562
291 1312
291 784
291 451
291 1344
291 980
291 839
291 1295
291 602
291 489
291 1085
291 268
291 511
291 1309
291 760
291 1300
291 586
291 258
291 235
291 123
291 833
291 1288
291 185
291 475
291 803
291 429
291 217
291 1154
291 690
291 1074
291 377
291 1131
291 723
291 125
291 1167
291 1223
291 749
291 1211
291 144
291 608
291 84
291 1445
291 416
291 707
291 442
291 634
291 1235
291 1228
291 864
291 693
291 1102
291 1443
291 1051
291 290
291 1084
291 1033
291 191
291 944
291 695
291 1379
291 20
291 1276
291 842
291 1151
291 100
291 542
291 44
291 367
291 941
291 609
291 997
291 573
291 145
291 198
291 94
291 344
291 195
291 262
291 1238
291 1153
291 43
291 19
291 170
291 1144
291 558
291 182
291 1278
291 769
291 1060
291 1070
291 250
291 1404
291 1233
291 1168
291 689
291 896
291 50
291 989
291 59
291 854
291 261
291 984
291 171
291 370
291 5
291 1053
291 592
291 599
291 1329
291 529
291 408
291 537
291 917
291 1433
291 81
291 1360
291 938
291 167
291 1291
291 646
291 895
291 1281
291 1407
291 488
291 709
291 1243
291 1334
291 1240
291 541
291 955
291 1353
291 74
291 1115
291 497
291 1071
291 480
291 1415
291 1214
291 1140
291 1279
291 622
291 1081
291 1098
291 547
291 1239
291 995
291 76
291 894
291 1339
291 637
291 777
291 122
291 889
291 1425
291 692
291 1069
291 368
291 165
291 985
291 930
291 97
291 934
291 225
291 1302
291 1097
291 102
291 272
291 1333
291 471
291 668
291 1109
291 954
291 733
291 1274
291 1212
291 134
291 71
291 764
291 739
291 1200
291 1411
291 1188
291 327
291 1393
291 950
291 1296
291 303
291 990
291 1421
291 1055
291 49
291 454
291 1261
291 418
291 477
291 556
291 1254
291 734
291 1406
291 929
291 625
291 1120
291 338
291 1103
291 577
291 1064
291 430
291 1123
291 718
291 884
291 836
291 686
291 321
291 422
291 204
291 257
291 189
291 661
291 971
291 1236
291 222
291 286
291 1062
291 190
291 553
291 77
291 726
291 883
291 107
291 36
291 1040
291 1065
291 747
291 701
291 551
291 969
291 613
291 398
291 213
291 736
291 117
291 226
291 419
291 988
291 41
291 792
291 86
291 1294
291 928
291 731
291 402
291 1441
291 412
291 968
291 98
291 1356
291 1364
291 570
291 156
291 372
291 89
291 1270
291 137
291 744
291 140
291 767
291 1303
291 447
291 106
291 246
291 579
291 670
291 363
291 820
291 669
291 569
291 147
291 482
291 959
291 460
291 274
291 252
291 761
291 150
291 888
291 224
291 1247
291 1121
291 1006
291 936
291 914
291 873
291 962
291 1282
291 756
291 308
291 804
291 1161
291 1114
291 1125
291 921
291 1
291 1361
291 694
291 680
291 1028
291 1308
291 409
291 403
291 946
291 481
291 453
291 1007
291 1149
291 1227
291 526
291 1216
291 395
291 111
291 821
291 132
291 715
291 1175
291 866
291 1066
291 910
291 108
291 1137
291 1194
291 1024
291 1447
291 360
291 674
299 732
299 406
299 537
299 101
299 764
299 853
299 140
299 1327
299 1314
299 100
299 835
299 102
299 1419
299 784
299 304
299 814
299 1217
299 911
299 829
299 1183
299 1359
299 780
299 1151
299 49
299 959
299 442
299 802
299 1102
299 501
299 1163
299 267
299 755
299 142
299 149
299 125
299 301
299 526
299 469
299 65
299 1233
299 1205
299 243
299 1221
299 1401
299 682
299 770
299 1057
299 344
299 123
299 838
299 1033
299 1406
299 1039
299 315
299 574
299 143
299 1395
299 383
299 1093
299 637
299 1276
299 675
299 302
299 197
299 1063
299 631
299 1243
299 1439
299 1062
299 947
299 883
299 1445
299 860
299 1107
299 363
299 1019
299 948
299 695
299 1088
299 1059
299 312
299 1446
299 281
299 1208
299 1396
299 1239
299 580
299 1373
299 588
299 1109
299 1330
299 1385
299 411
299 884
299 137
299 373
299 1156
299 445
299 1
299 233
299 772
299 1052
299 613
299 1263
299 395
299 627
299 264
299 16
299 712
299 509
299 762
299 1216
299 1028
299 1126
299 954
299 164
299 804
299 324
299 1331
299 1320
299 845
299 239
299 903
299 973
299 1363
299 887
299 108
299 247
299 1144
299 963
299 557
299 1178
299 1090
299 29
299 813
299 876
299 925
299 758
299 713
299 44
299 199
299 343
299 798
299 766
299 1259
299 219
299 1353
299 727
299 929
299 362
299 652
299 311
299 231
299 866
299 420
299 1055
299 250
299 1122
299 287
299 748
299 248
299 427
299 353
299 74
299 643
299 1199
299 416
299 4
299 1032
299 1319
299 40
299 1358
299 387
299 583
299 852
299 656
299 1309
299 96
299 600
299 1051
299 1279
299 938
299 1097
299 147
299 579
299 3
299 209
299 978
299 988
299 1225
299 475
299 946
299 625
299 318
299 32
299 450
299 718
299 191
299 685
299 609
299 473
299 872
299 1381
299 497
299 763
299 1105
299 704
299 212
299 1310
299 957
299 997
299 1413
299 666
299 980
299 327
299 909
299 597
299 841
299 158
299 117
299 321
299 435
299 953
299 1261
299 1441
299 582
299 225
299 480
299 207
299 1110
299 599
299 13
299 1264
299 761
299 1084
299 726
299 731
299 437
299 227
299 245
299 846
306 270
306 109
306 983
306 1379
306 83
306 1310
306 929
306 253
306 1343
306 357
306 1069
306 1354
306 464
306 295
306 700
306 553
306 159
306 1035
306 1383
306 259
306 207
306 1256
306 210
306 938
306 543
306 1326
306 1238
306 1120
306 1260
306 365
306 441
306 29
306 456
306 1154
306 1445
306 1345
306 666
306 1142
306 37
306 245
306 978
306 118
306 1329
306 988
306 567
306 1157
306 1039
306 369
306 1113
306 22
306 1235
306 1185
306 262
306 363
306 103
306 211
306 802
306 237
306 636
306 632
306 1116
306 1201
306 1440
306 1227
306 1197
306 99
306 1072
306 243
306 497
306 541
306 92
306 239
306 208
306 548
306 50
306 661
306 814
306 1377
306 443
306 1355
306 13
306 609
306 115
306 404
306 1321
306 1121
306 784
306 1308
306 1291
306 167
306 1392
306 175
306 434
306 704
306 1406
306 58
306 331
306 1123
306 1240
306 963
306 734
306 714
306 1333
306 1305
306 1156
306 895
306 267
306 882
306 1320
306 1367
306 304
306 1058
306 188
306 1340
306 1211
306 694
306 1128
306 772
306 537
306 322
306 1375
306 1281
306 1441
306 1359
306 125
306 361
306 32
306 296
306 735
306 876
306 82
306 168
306 910
306 797
306 896
306 540
306 65
306 1233
306 1353
306 1190
306 1075
306 871
306 138
306 511
306 558
306 442
306 1103
306 765
306 569
306 433
306 771
306 769
306 266
306 172
306 860
306 1282
306 1323
306 912
306 134
306 685
306 1006
306 1374
319 50
319 197
319 1045
319 636
319 1323
319 1290
319 15
319 783
319 231
319 367
319 1138
319 1321
319 1445
319 304
319 1064
319 163
319 1126
319 225
319 963
319 156
319 1201
319 20
319 766
319 83
319 1294
319 616
319 577
319 771
319 731
319 652
319 409
319 772
319 1062
319 353
319 1436
319 1371
319 692
319 641
319 959
319 372
319 248
319 794
319 1224
319 883
319 104
319 499
319 744
319 734
319 1282
319 1093
319 1366
319 204
319 1293
319 776
319 188
319 10
319 303
319 132
319 593
319 49
319 1083
319 1389
319 823
319 801
319 1356
319 155
319 462
319 967
319 170
319 925
319 1444
319 765
319 855
319 1262
319 1091
319 1275
319 1230
319 331
319 443
319 334
319 178
319 1050
319 230
319 597
319 897
319 509
319 1328
319 842
319 804
319 1002
319 214
319 1412
319 1215
319 463
319 168
319 284
319 1418
319 1417
319 1370
319 693
319 464
319 802
319 53
319 338
319 123
319 1229
319 494
319 739
319 406
319 203
319 526
319 1396
319 143
319 1331
319 968
319 35
319 312
319 1394
319 485
319 1169
319 127
319 1438
319 948
319 1114
319 954
319 829
319 420
319 1208
319 138
319 1404
319 720
319 436
319 1182
319 933
319 311
319 1233
319 847
319 541
319 189
319 1204
319 94
319 1205
319 836
319 51
319 77
319 1231
319 1052
319 116
319 871
319 1355
319 1176
319 1273
319 845
319 1014
319 354
319 1295
319 456
319 992
319 1221
319 1090
319 1269
319 528
319 613
319 1217
319 125
319 1263
319 696
319 919
319 1276
319 162
319 828
319 778
319 944
319 890
319 72
319 98
319 1075
319 1397
319 865
319 507
319 1069
319 997
319 672
319 262
319 738
319 146
319 1375
319 830
319 86
319 1344
319 149
319 1246
319 1025
319 846
319 523
319 424
319 246
319 535
319 917
319 239
319 557
319 276
319 410
319 297
319 1346
319 969
319 295
319 363
319 1334
319 128
319 407
319 780
319 1359
319 694
319 922
319 585
319 1427
319 576
319 788
319 1390
319 618
319 390
319 1057
319 1387
319 763
319 1156
319 1022
319 831
319 219
319 1180
319 48
319 803
319 1016
319 712
319 561
319 171
319 947
319 326
319 1041
319 1386
319 1152
319 990
319 853
319 517
319 903
319 1326
319 1296
319 152
319 1314
319 663
319 22
319 121
319 1312
319 1048
319 530
319 1399
319 441
319 1102
319 1384
319 1393
319 1322
319 1107
319 113
319 596
319 800
319 1435
319 369
319 1237
319 1373
319 906
319 173
319 984
319 1067
319 1120
319 423
319 477
319 1122
319 1244
319 1345
319 962
319 1343
319 548
319 375
319 1035
319 11
319 760
319 183
319 529
319 400
319 1347
319 493
319 1108
319 1254
319 1006
319 1028
319 1330
319 327
319 1185
319 1153
319 1268
319 281
319 986
319 300
319 880
319 473
319 524
319 1260
319 268
319 1395
319 622
319 1305
319 444
319 612
319 437
319 1271
319 1439
319 1242
319 532
319 860
319 868
319 1212
319 1240
319 850
319 955
319 657
319 1336
319 839
319 930
319 1059
319 1149
319 910
319 109
319 193
319 1187
319 656
319 1038
319 119
319 1031
319 199
319 324
319 792
319 820
319 1243
319 1424
319 669
319 289
319 989
319 62
319 310
319 403
319 971
319 1320
319 1406
319 344
319 601
319 988
319 1277
319 668
319 1425
319 395
319 1210
319 666
319 186
319 534
319 1123
319 970
319 160
319 1261
319 814
319 1225
319 1084
319 1072
319 715
319 287
319 261
319 934
319 1012
319 964
319 226
319 899
319 129
319 427
319 1115
319 421
319 687
319 13
319 172
319 75
319 497
319 277
319 470
319 489
319 374
319 397
319 402
319 991
319 59
319 902
319 621
319 567
319 434
319 1
319 1426
319 1408
319 1213
319 578
319 784
319 821
319 1374
319 914
319 552
319 21
319 1303
319 953
319 592
319 241
319 425
319 296
319 1226
319 736
319 1385
319 873
319 758
319 882
319 492
319 1420
319 243
319 1309
319 1076
319 643
319 43
319 63
319 661
319 251
319 1137
319 886
319 602
319 995
319 1274
319 32
319 553
319 1058
319 1392
319 1097
319 1383
319 787
319 881
319 190
319 798
319 1378
319 852
319 1239
319 126
319 139
319 521
319 4
319 935
319 1413
319 875
319 205
319 937
319 563
319 560
319 1317
319 286
319 676
319 1401
319 52
319 1133
319 854
319 568
319 1178
319 158
319 361
319 1415
319 245
319 134
319 294
319 1353
319 71
319 1232
319 893
319 250
319 480
319 213
319 478
319 888
319 797
319 12
319 1183
319 759
319 7
319 1055
319 387
319 748
319 838
319 584
319 757
319 118
319 1160
319 550
319 274
319 639
319 24
319 724
319 259
319 1142
319 481
319 1167
319 211
319 872
319 449
319 793
319 384
319 891
319 471
319 174
319 1440
319 244
319 1349
348 388
348 1153
348 1175
348 1300
348 978
348 748
348 1377
348 830
348 628
348 1213
348 444
348 310
348 609
348 370
348 97
348 469
348 293
348 1291
348 951
348 815
348 1051
348 1076
348 1183
348 485
348 132
348 409
348 186
348 1132
348 765
348 1125
348 154
348 160
348 1059
348 276
348 1438
348 145
348 391
348 189
348 1334
348 1212
348 295
348 1050
348 644
348 424
348 156
348 518
348 344
348 771
348 971
348 690
348 463
348 794
348 410
348 983
348 63
348 1226
348 227
348 780
348 1253
348 1298
348 234
348 396
348 1290
348 368
348 1101
348 707
348 405
348 321
348 1135
348 803
348 995
348 437
348 613
348 1302
348 1330
348 1104
348 277
348 1340
348 655
348 20
348 261
348 211
348 1115
348 456
348 1245
348 766
348 235
348 418
348 482
348 1048
348 599
348 920
348 1185
348 148
348 1217
348 395
348 501
348 888
348 601
348 783
348 931
348 1294
348 1211
348 683
348 115
348 441
348 1082
348 577
348 1320
348 712
348 162
348 535
348 259
348 481
348 901
348 630
348 203
348 10
348 899
348 773
348 737
348 1201
348 819
348 429
348 125
348 1182
348 254
348 158
348 182
348 778
348 869
348 1353
348 504
348 546
348 44
348 912
348 570
348 1216
348 949
348 473
348 685
348 300
348 92
348 173
348 36
348 642
348 883
348 1074
348 301
348 724
348 991
348 477
348 1200
348 1345
348 800
348 703
348 1430
348 251
348 403
348 1397
348 128
348 1283
348 442
348 318
348 199
348 245
348 1195
348 872
348 731
348 265
348 1137
348 1393
348 1088
348 262
348 829
348 1021
348 793
348 871
348 736
348 320
348 89
348 246
348 915
348 637
348 608
348 769
348 750
348 786
348 582
348 286
348 11
348 101
348 1279
348 1262
348 453
348 194
348 647
348 21
348 828
348 847
348 244
348 663
348 1202
348 1276
348 921
348 190
348 306
348 590
348 759
348 387
348 1441
348 1095
348 745
348 550
348 1219
348 93
348 1111
348 1063
348 1258
348 133
348 163
348 1400
348 954
348 620
348 686
348 948
348 1191
348 1421
348 497
348 46
348 1225
348 326
348 777
348 1326
348 680
348 1160
348 821
348 1344
348 369
348 451
348 909
348 430
348 660
348 1399
348 735
348 5
348 760
348 1414
348 826
348 1193
348 1171
348 16
348 882
348 545
348 692
348 933
348 1128
348 72
348 693
348 406
348 784
348 730
348 560
348 1364
348 52
348 866
348 779
348 15
348 1094
348 1006
348 749
348 1392
348 472
348 179
348 1447
348 198
348 152
348 792
348 208
348 852
348 288
348 247
348 1224
348 698
348 880
348 1123
348 906
348 523
348 1285
348 910
348 468
348 529
348 1119
348 555
348 1152
348 963
348 860
348 1056
348 296
348 785
348 691
348 219
348 1411
348 1084
348 480
348 287
348 488
348 1409
348 407
348 1126
348 95
348 661
348 1419
348 1367
348 253
348 621
348 876
348 22
348 339
348 944
348 1089
348 13
348 1385
348 297
348 23
348 178
348 345
348 12
348 968
348 914
348 1370
348 677
348 820
348 362
348 486
348 732
348 936
348 787
348 517
348 1166
348 1311
348 514
348 333
348 744
348 870
348 1237
348 1188
348 1161
348 327
348 421
348 401
348 4
348 953
348 923
348 241
348 96
348 309
348 1108
348 950
348 761
348 930
348 140
348 922
348 1190
348 1426
348 402
348 641
348 1058
348 1287
348 268
348 721
348 1268
348 377
348 578
348 1310
348 237
348 1256
348 1297
348 373
348 553
348 1415
348 1016
348 188
348 1295
348 1331
348 1405
348 225
348 350
348 1236
348 1308
348 1223
348 191
348 109
348 1204
348 48
348 1233
348 386
348 367
348 216
348 1018
348 567
348 1086
348 289
348 1057
348 1085
348 1009
348 1381
348 941
348 71
348 445
348 428
348 940
348 1113
348 996
348 397
348 1384
348 17
348 808
348 1445
348 658
348 1034
348 702
348 1
348 919
348 682
348 35
348 1373
348 78
348 1418
348 774
348 881
348 51
348 443
348 1114
348 805
348 676
348 743
348 434
348 1052
348 895
348 338
348 439
348 228
348 581
348 666
348 997
348 903
348 1055
348 841
348 585
348 886
348 1230
348 175
348 1403
348 1149
348 1167
348 739
348 404
348 1429
348 657
348 1067
348 1069
348 867
348 353
348 520
369 1107
369 1227
369 893
369 558
369 40
369 897
369 636
369 509
369 516
369 890
369 574
369 480
369 1366
369 620
369 919
369 1356
369 478
369 368
369 943
369 1075
369 495
369 603
369 240
369 1182
369 157
369 334
369 714
369 327
369 777
369 527
369 769
369 1430
369 430
369 284
369 1282
369 1350
369 497
369 1180
369 258
369 1436
369 1065
369 641
369 283
369 867
369 214
369 1106
369 230
369 34
369 250
369 266
369 1259
369 798
369 1054
369 55
369 100
369 1424
369 383
369 718
369 1178
369 869
369 390
369 1272
369 644
369 670
369 336
369 948
369 409
369 1148
369 1291
369 1386
369 695
369 836
369 817
369 233
369 759
369 961
369 397
369 329
369 1029
369 938
369 1433
369 545
369 918
369 1011
369 398
369 248
369 1446
369 94
369 1085
369 1345
369 980
369 1113
369 127
369 167
369 632
369 436
369 272
369 1313
369 554
369 367
369 125
369 902
369 735
369 1407
369 1373
369 1208
369 579
369 619
369 429
369 442
369 223
369 572
369 245
369 204
369 481
369 826
369 1257
369 51
369 74
369 618
369 634
369 140
369 1228
369 440
369 1358
369 474
369 764
369 797
369 963
369 518
369 410
369 31
369 310
369 1357
369 1264
369 190
369 345
369 421
369 438
369 673
369 1041
369 552
369 1329
369 1343
369 6
369 811
369 116
369 829
369 612
369 776
369 930
369 108
369 1192
369 778
369 870
369 550
369 819
369 1372
369 53
369 548
369 1008
369 656
369 744
369 1427
369 321
369 883
369 473
369 1411
369 243
369 676
369 1440
369 520
369 592
369 419
369 10
369 1235
369 713
369 1024
369 205
369 1092
369 1246
369 150
369 937
369 1010
369 1110
369 1146
369 557
369 1247
369 775
369 121
369 535
369 29
369 990
369 1007
369 11
369 457
369 1336
369 1300
369 1403
369 794
369 1119
369 1392
369 1425
369 560
369 318
369 846
369 1103
369 823
369 614
369 402
369 494
369 103
369 1431
369 847
369 666
369 301
369 354
369 1253
369 748
369 578
369 427
369 1185
369 929
369 1349
369 534
369 238
369 145
369 501
369 84
369 590
369 261
369 1001
369 790
369 1132
369 199
369 191
369 1435
369 570
369 333
369 1170
369 1309
369 567
369 1199
369 293
369 221
369 472
369 563
369 1205
369 1415
369 387
369 692
369 246
369 499
369 843
369 152
369 1158
369 99
369 1395
369 263
369 842
369 396
369 237
369 203
369 991
369 188
369 674
369 23
369 1273
369 646
369 28
369 742
369 109
369 319
369 1375
369 596
369 1303
369 388
369 331
369 901
369 137
369 185
369 324
369 189
369 1083
369 1240
369 933
369 353
369 78
369 1200
369 972
369 915
369 1134
369 1097
369 629
369 362
369 803
369 1201
369 1232
369 1194
369 576
369 701
369 709
369 584
369 432
369 601
369 133
369 1217
369 1043
369 696
369 1406
369 449
369 1088
369 197
369 423
369 703
369 41
369 1409
369 227
369 1175
369 821
369 249
369 524
369 941
369 698
369 1405
369 515
369 1188
369 1243
369 89
369 658
369 1173
369 768
369 1323
369 585
369 308
369 986
369 1051
369 255
369 546
369 64
369 1062
369 912
369 1279
369 1123
369 253
369 562
369 42
369 20
369 215
369 274
369 1335
369 434
369 1091
369 710
369 1071
369 148
369 978
369 767
369 962
369 669
369 693
369 659
369 276
369 1387
369 1306
369 3
369 1413
369 622
369 352
369 844
369 1312
369 690
369 322
369 1167
369 373
369 1339
369 21
369 1288
369 956
369 780
369 73
369 218
369 955
369 294
369 808
369 540
369 720
369 379
369 312
369 425
369 1233
369 756
369 1074
369 257
369 784
369 1360
369 1164
369 626
369 1033
369 708
369 128
369 637
369 384
369 382
369 207
369 660
369 1417
369 609
369 541
369 935
369 1447
369 12
369 256
369 1151
369 760
369 1040
369 156
369 1353
369 770
369 738
369 265
369 728
369 968
369 1099
369 517
369 960
369 439
369 80
369 856
369 640
369 1271
369 957
369 758
369 444
369 66
369 1209
369 677
369 792
369 315
369 1210
369 455
369 691
369 1324
369 1221
369 278
369 49
369 1082
369 1098
369 289
369 489
369 903
369 1189
369 731
369 1310
369 1161
369 76
369 925
369 685
369 569
369 1355
369 82
369 1126
369 734
369 1262
369 613
369 551
369 286
369 357
369 219
369 1166
369 143
369 211
369 597
369 343
369 717
369 672
369 631
369 85
369 461
369 511
369 1229
369 408
369 126
369 976
369 178
369 122
369 295
369 611
369 174
369 1302
369 281
369 1027
369 504
369 264
369 988
369 47
369 454
369 721
369 1195
369 447
369 173
369 4
369 1093
369 1327
369 1089
369 855
369 757
369 774
369 873
369 1322
369 928
369 225
369 1055
369 1331
369 1385
369 1276
369 865
369 1414
369 149
369 267
369 864
369 1361
369 1176
369 581
369 5
369 529
369 705
369 93
369 1191
369 1015
369 460
369 401
369 1171
369 593
369 1269
369 123
369 914
369 411
369 1197
369 1242
369 1325
369 1111
369 1445
369 1326
369 876
369 502
369 332
369 942
369 801
369 763
369 30
369 298
369 971
369 104
369 872
369 542
369 1136
369 98
369 1251
369 825
369 725
369 1153
369 514
369 916
369 715
369 922
369 110
369 882
369 1231
369 424
369 818
369 839
369 212
369 649
369 1359
369 1284
369 35
369 653
369 1441
369 235
369 507
369 58
369 1108
369 1070
369 1026
369 1028
369 435
369 280
369 17
369 1019
369 675
369 671
369 1248
369 407
369 1117
369 771
369 1278
369 1374
369 1285
369 81
369 209
369 1401
369 97
369 911
369 841
369 344
369 871
369 997
369 1030
369 1317
369 254
369 1419
402 1275
402 324
402 1332
402 1259
402 473
402 1087
402 868
402 575
402 668
402 1093
402 1447
402 209
402 846
402 1223
402 1218
402 440
402 1027
402 1024
402 448
402 553
402 799
402 626
402 727
402 1394
402 593
402 353
402 159
402 877
402 1088
402 1291
402 405
402 1235
402 504
402 356
402 267
402 1393
402 470
402 124
402 552
402 967
402 199
402 691
402 777
402 1025
402 1260
402 892
402 49
402 924
402 1348
468 582
468 590
468 1427
468 584
468 563
468 372
468 913
468 1282
468 698
468 1333
468 350
468 59
468 174
468 1281
468 13
468 52
468 695
468 190
468 53
468 1004
468 1260
468 266
468 274
468 1386
468 925
468 72
468 410
468 503
468 632
468 1151
468 671
468 331
468 147
468 700
468 424
468 888
468 971
468 422
468 1411
468 1045
468 1091
468 1074
468 955
468 1371
468 1058
468 389
468 319
468 1052
468 1228
468 937
468 956
468 1239
468 1135
468 237
468 282
468 1031
468 261
468 574
468 494
468 745
468 914
468 1208
468 1167
468 1237
468 612
468 817
468 1408
468 1276
468 749
468 119
468 192
468 1002
468 738
468 32
468 49
468 1335
468 1016
468 1338
468 1039
468 382
468 1287
468 1441
468 763
468 801
468 1187
468 398
468 636
468 1303
468 904
468 830
468 399
468 621
468 1075
468 44
468 194
468 969
468 1286
468 440
468 309
468 1326
468 660
468 363
468 379
468 224
468 284
468 312
468 86
468 75
468 906
468 727
468 984
468 819
468 1302
468 1149
468 204
468 889
468 1412
468 254
468 921
468 1356
468 299
468 873
468 97
468 676
468 104
468 125
468 144
468 1169
468 386
468 121
468 670
468 1138
468 1373
468 183
468 761
468 960
468 962
468 1264
468 289
468 1381
468 1324
468 127
468 207
468 626
468 248
468 1395
468 82
468 704
468 509
468 1400
468 152
468 718
468 1123
468 1384
468 786
468 356
468 1322
468 203
468 603
468 135
468 569
468 1184
468 580
468 339
468 149
468 441
468 1305
468 1424
468 1209
468 1225
468 297
468 197
468 437
468 239
468 1320
468 579
468 1136
468 24
468 1056
468 337
468 367
468 46
468 514
468 1354
468 307
468 1361
468 1018
468 607
468 1224
468 402
468 754
468 1248
468 1176
468 936
468 231
468 1102
468 787
468 909
468 1243
468 949
468 408
468 321
468 257
468 843
468 938
468 791
468 685
468 1364
468 354
468 1370
468 1089
468 1140
468 1366
468 243
468 1038
468 1050
468 1115
468 529
468 1313
468 765
468 1298
468 1277
468 253
468 545
468 472
468 189
468 1026
468 757
468 837
468 790
468 872
468 1331
468 1212
468 20
468 1234
468 833
468 983
468 211
468 961
468 262
468 255
468 886
468 234
468 1216
468 518
468 865
468 1346
468 1330
468 868
468 586
468 48
468 93
468 947
468 70
468 7
468 1114
468 992
468 419
468 418
468 1053
468 643
468 663
468 1314
468 1147
468 551
468 732
468 34
468 1325
468 341
468 236
468 1240
468 1032
468 839
468 686
468 1025
468 1126
468 1379
468 364
468 1090
468 1406
468 903
468 1061
468 11
468 166
468 692
468 225
468 857
468 1132
468 269
468 739
468 1288
468 1094
468 705
468 986
468 1133
468 566
468 157
468 146
468 1336
468 94
468 1328
468 1213
468 1275
468 179
468 412
468 780
468 98
468 905
468 1290
468 831
468 1128
468 689
468 760
468 887
468 370
468 613
468 952
468 1399
468 978
468 1079
468 85
468 495
468 1190
468 338
468 666
468 396
468 1437
468 1418
468 454
468 1211
468 295
468 734
468 1390
468 141
468 1170
468 81
468 1051
468 988
468 1401
468 99
468 951
468 1006
468 123
468 120
468 414
468 54
468 246
468 1387
468 1227
468 326
468 1182
468 469
468 778
468 836
468 601
468 217
468 720
468 502
468 1350
468 1085
468 637
468 548
468 1375
468 430
468 23
468 50
468 944
468 669
468 1270
468 336
468 940
468 1279
468 133
468 806
468 572
468 1357
468 766
468 1327
468 392
468 808
468 1349
468 479
468 680
468 981
468 1201
468 78
468 30
468 333
468 795
468 1109
468 280
468 1233
468 652
468 425
468 771
468 1166
468 550
468 593
468 597
468 640
468 480
468 164
468 620
468 25
468 557
468 1393
468 1389
468 552
468 365
468 1294
468 1194
468 1244
468 907
468 521
468 259
468 1318
468 879
468 995
468 970
468 972
468 1183
468 941
468 991
468 664
468 526
468 1383
468 821
468 278
468 1355
468 377
468 618
468 293
468 429
468 707
468 724
468 1317
468 1259
468 798
468 1435
468 244
468 1097
468 728
468 1189
468 1156
468 901
468 758
468 802
468 1142
468 772
468 1421
468 175
468 1048
468 684
468 1436
468 902
468 596
468 288
468 996
468 1380
468 126
468 270
468 777
468 882
468 1070
468 128
468 352
468 1323
468 163
468 693
468 411
468 1204
468 142
468 212
468 187
468 195
468 661
468 834
468 1391
468 238
468 673
468 89
468 815
468 106
468 1402
468 731
468 528
468 1280
468 1316
468 71
468 1083
468 558
468 1195
468 1405
468 823
468 923
468 65
468 438
468 62
468 779
468 199
468 841
468 63
468 1433
468 1041
468 325
468 515
468 1084
468 467
468 654
468 747
468 628
468 1235
468 504
468 208
468 891
468 774
468 989
468 160
468 1210
468 492
468 957
468 900
468 1148
468 1308
468 475
468 625
468 394
468 29
468 457
468 118
468 827
468 543
468 633
468 101
468 421
468 58
468 1374
468 436
468 444
468 1222
468 1037
468 776
468 645
468 302
468 709
468 113
468 866
468 655
468 915
468 1199
468 397
468 706
468 36
468 701
468 759
468 532
468 169
468 1291
468 1442
468 1273
468 1207
468 964
468 634
468 541
468 173
468 785
468 409
468 291
468 455
468 544
468 447
468 1027
468 1443
468 1197
468 751
468 5
468 1011
468 483
468 736
468 658
468 804
468 683
468 816
468 867
468 668
468 1385
468 287
468 1292
547 637
547 956
547 881
547 51
547 826
547 1285
547 4
547 326
547 996
547 1309
547 132
547 967
547 992
547 1381
547 6
547 707
547 377
547 311
547 98
547 1189
547 101
547 111
547 540
547 399
547 661
547 514
547 766
547 1028
547 108
547 1185
547 961
547 603
547 150
547 586
547 369
547 173
547 1059
547 1444
547 791
547 44
547 1313
547 1113
547 1244
547 1146
547 147
547 720
547 1291
547 1329
547 354
547 1108
547 1061
547 858
547 553
547 523
547 93
547 504
547 408
547 296
547 780
547 58
547 634
547 297
547 264
547 682
547 1394
547 550
547 1346
547 672
547 365
547 1070
547 1424
547 234
547 622
547 262
547 542
547 1298
547 1167
547 418
547 521
547 1277
547 698
547 1437
547 413
547 608
547 557
547 1304
547 850
547 1056
547 1399
547 1344
547 1322
547 71
547 116
547 1359
547 954
547 805
547 96
547 758
547 375
547 246
547 709
547 1197
547 160
547 321
547 1
547 1240
547 1364
547 613
547 1302
547 80
547 883
547 17
547 784
547 507
547 925
547 873
547 243
547 1239
547 1366
547 912
547 1353
547 263
547 1440
547 928
547 822
547 1008
547 277
547 551
547 737
547 647
547 1225
547 585
547 190
547 331
547 800
547 788
547 829
547 86
547 962
547 23
547 461
547 903
547 1347
547 482
547 750
547 1421
547 929
547 920
547 872
547 760
547 46
547 159
547 134
547 701
547 625
547 324
547 1187
547 884
547 59
547 973
547 453
547 145
547 303
547 1375
547 157
547 980
547 584
547 738
547 363
547 1431
547 660
547 342
547 683
547 254
547 843
547 776
547 1268
547 1283
547 156
547 818
547 126
547 304
547 691
547 546
547 641
547 36
547 102
547 1018
547 828
547 888
547 754
547 222
547 1104
547 852
547 1367
547 1216
547 267
547 801
547 1175
547 1057
547 1203
547 1234
547 454
547 1284
547 226
547 330
547 1176
547 1229
547 921
547 497
547 666
547 1320
547 798
547 712
547 322
547 1058
547 1082
547 406
547 137
547 1443
547 636
547 128
547 1358
547 192
547 560
547 1091
547 435
547 251
547 1311
547 361
547 421
547 867
547 468
547 1378
547 20
547 1132
547 779
547 189
547 914
547 1194
547 995
547 793
547 795
547 1071
547 1397
547 115
547 853
547 343
547 193
547 689
547 724
547 693
547 345
547 341
547 1166
547 765
547 411
547 247
547 29
547 1128
547 744
547 558
547 1419
547 1439
547 104
547 1226
547 777
547 710
547 620
547 235
547 1233
547 1427
547 1182
547 1434
547 113
547 362
547 120
547 333
547 1377
547 481
547 319
547 183
547 1235
547 518
547 695
547 1114
547 231
547 819
547 658
547 1243
547 1136
547 485
547 412
547 1075
547 528
547 1051
547 245
547 621
547 580
547 1330
547 284
547 422
547 1153
547 915
547 1207
547 441
547 841
547 525
547 138
547 690
547 771
547 988
547 149
547 630
547 194
547 986
547 900
547 186
547 959
547 427
547 390
547 1334
547 1022
547 244
547 239
547 1099
547 442
547 43
547 125
547 569
547 535
547 686
547 1122
547 336
547 734
547 34
547 706
547 1090
547 163
547 123
547 1050
547 1254
547 397
547 699
547 250
547 148
547 1269
547 430
547 1126
547 259
547 1395
547 1180
547 85
547 985
547 490
547 475
547 373
547 1405
547 118
547 1045
547 195
547 761
547 199
547 403
547 265
547 248
547 732
547 73
547 133
547 597
547 656
547 1215
547 499
547 74
547 1200
547 674
547 1422
547 295
547 562
547 1048
547 952
547 270
547 372
547 1379
547 1236
547 1212
547 122
547 409
547 1135
547 209
547 1032
547 902
547 52
547 467
547 652
547 792
547 590
547 1348
547 168
547 889
547 901
547 1142
547 1357
547 517
547 396
547 937
547 400
547 854
547 572
547 260
547 344
547 1196
547 387
547 489
611 1276
611 1209
611 1407
611 685
611 403
611 1236
611 1057
611 1126
611 882
611 1025
611 853
611 1364
611 262
611 463
611 93
611 409
611 4
611 267
613 1256
613 1425
613 499
613 115
613 548
613 101
613 477
613 241
613 1406
613 159
613 1217
613 787
613 229
613 959
613 162
613 163
613 1205
613 259
613 1444
613 1075
613 299
613 1392
613 839
613 390
613 1331
613 30
613 1377
613 1216
613 7
613 123
613 664
613 121
613 1284
613 883
613 245
613 475
613 866
613 876
613 785
613 1243
613 921
613 1182
613 291
613 258
613 405
701 1367
701 340
701 778
701 479
701 308
701 318
701 691
701 787
701 751
701 210
701 1154
701 1008
701 1175
701 309
701 75
701 251
701 877
701 1199
701 1103
701 398
701 469
701 489
701 566
701 379
701 1204
701 842
701 839
701 445
701 518
701 1411
701 277
701 291
701 1259
701 118
701 296
701 900
701 876
701 1271
701 1376
701 769
701 954
701 341
701 1002
701 224
701 963
701 338
701 831
701 492
701 944
701 1142
701 1270
701 1343
701 89
701 211
701 871
701 1152
701 588
701 132
701 147
701 621
701 592
701 187
701 916
701 1328
701 542
701 855
701 1024
701 554
701 365
701 1420
701 1236
701 628
701 243
701 904
701 657
701 567
701 60
701 133
701 425
701 890
701 1307
701 314
701 1445
701 260
701 643
701 176
701 961
701 390
701 1278
701 419
701 1222
701 1372
701 990
701 257
701 1247
701 671
701 195
701 396
701 581
701 1093
701 326
701 1161
701 843
701 30
701 631
701 400
701 636
701 1438
701 1188
701 333
701 794
701 11
701 835
701 442
701 777
701 1113
701 987
701 1041
701 482
701 550
701 714
701 1193
701 322
701 1083
701 486
701 1112
701 1053
701 58
701 294
701 126
701 1356
701 879
701 1146
701 141
701 935
701 946
701 1258
701 582
701 464
701 1248
701 234
701 253
701 1338
701 1269
701 1244
701 541
701 111
701 303
701 829
701 1218
701 1428
701 1197
701 683
701 1185
701 1158
701 1115
701 494
701 928
701 555
701 1210
701 397
701 1221
701 1435
701 1293
701 175
701 7
701 1264
701 392
701 278
701 786
701 34
701 1007
701 139
701 94
701 902
701 36
701 45
701 17
701 231
701 853
701 1074
701 306
701 441
701 626
701 937
701 1231
701 1224
701 265
701 1153
701 596
701 543
701 664
701 570
701 1312
701 366
701 663
701 736
701 81
701 1180
701 1237
701 357
701 712
701 443
701 864
701 1072
701 602
701 1135
701 399
701 970
701 272
701 943
701 1184
701 1120
701 135
701 972
701 387
701 766
701 817
701 884
701 1313
701 799
701 321
701 1437
701 263
701 911
701 1075
701 1233
701 1082
701 382
701 1227
701 19
701 1062
701 750
701 612
701 1395
701 200
701 953
701 1035
701 1287
701 1205
701 948
701 199
701 882
701 930
701 1290
701 267
701 1025
701 197
701 1354
701 899
701 1261
701 286
701 26
701 393
701 544
701 1260
701 609
701 1246
701 792
701 653
701 1320
701 50
701 290
701 1132
701 654
701 289
701 1245
701 1045
701 1223
701 971
701 1228
701 889
701 534
701 164
701 450
701 967
701 13
701 173
701 1321
701 784
701 659
701 20
701 3
701 97
701 630
701 1279
701 600
701 49
701 323
701 244
701 51
701 1421
701 179
701 266
701 931
701 1391
701 185
701 709
701 40
701 1238
701 940
701 1019
701 1207
701 1127
701 384
701 1027
701 107
701 780
701 1138
701 1253
701 633
701 101
701 120
701 992
701 942
701 1427
701 59
701 901
701 93
701 757
701 86
701 73
701 327
701 27
701 601
701 418
701 182
701 474
701 280
701 830
701 995
701 845
701 1330
701 822
701 401
701 483
701 6
701 1414
701 161
701 1426
701 880
701 984
701 991
701 16
701 367
701 960
701 1294
701 523
701 216
701 676
701 660
701 1424
701 76
701 677
701 721
701 732
701 412
701 444
701 1418
701 1323
701 53
701 283
701 724
701 556
701 720
701 1143
701 163
701 451
701 374
701 1274
701 471
701 207
701 1433
701 1364
701 1285
701 119
701 105
701 252
701 1415
701 1065
701 1089
701 1385
701 563
701 776
701 1104
701 1006
701 1195
701 639
701 744
701 1399
701 952
701 578
701 1108
701 205
701 403
701 183
701 1208
701 1026
701 656
701 613
701 1322
701 158
701 213
701 169
701 1327
701 1106
701 1386
701 841
701 745
701 852
701 562
701 96
701 1257
701 873
701 929
701 729
701 1348
701 557
701 1406
701 1235
701 1284
701 522
701 735
701 373
701 98
701 521
701 391
701 149
701 625
701 514
701 586
701 316
701 249
701 520
701 1031
701 727
701 55
701 1133
701 1242
701 1171
701 704
701 493
701 507
701 1403
701 1300
701 1298
701 143
701 170
701 1384
701 219
701 407
701 1305
701 1333
701 148
701 618
701 447
701 1091
701 44
701 718
701 1288
701 1383
701 883
701 1085
701 589
701 99
701 513
701 95
701 749
701 1164
701 1282
701 893
701 178
701 804
701 917
701 299
701 1365
701 80
701 996
701 281
701 912
701 217
701 389
701 268
701 1316
701 456
701 1326
701 1058
701 198
701 888
701 528
701 690
701 472
701 574
701 1353
701 728
701 826
701 1273
701 907
701 284
701 642
701 1170
701 63
701 603
701 1021
701 1373
701 608
701 350
701 1029
701 599
701 1334
701 1126
701 1342
701 686
701 1165
701 255
701 1
701 429
701 1439
701 239
701 1358
701 1374
701 1444
701 692
701 1147
701 964
701 115
701 1340
701 730
701 24
701 121
701 1192
701 772
701 869
701 42
701 997
701 29
701 791
701 1277
701 411
701 1039
701 109
701 1009
701 610
701 1012
701 1178
701 632
701 128
701 828
701 616
701 168
701 949
701 1097
701 1408
701 1318
701 1346
701 194
701 145
701 372
701 1347
701 1033
701 1102
701 1309
701 363
701 247
701 713
701 1063
701 1419
701 696
701 779
701 430
701 1405
701 549
701 1032
701 279
701 106
701 754
701 1387
701 1200
701 1219
701 1370
701 800
701 437
701 88
701 1160
701 1366
701 1393
701 85
701 453
701 1043
701 1038
701 1187
701 499
701 597
701 1028
701 288
701 1215
701 938
701 540
701 740
701 547
701 1086
701 737
701 1069
701 420
701 155
701 622
701 968
701 159
701 715
701 386
701 774
701 342
701 833
701 46
701 395
701 502
701 546
701 1413
701 702
701 982
701 409
701 368
701 138
701 764
701 770
701 674
701 652
701 1015
701 370
701 927
701 336
701 100
701 1167
701 329
701 856
701 103
701 71
701 1345
701 815
701 1262
701 246
701 460
701 627
701 1100
701 957
701 203
701 461
701 310
701 1022
701 468
701 1314
701 895
701 637
701 404
701 113
701 256
701 531
701 988
701 915
701 297
701 1275
701 731
701 438
701 983
701 52
701 672
701 388
701 212
701 35
701 1254
701 262
701 568
701 108
701 324
701 191
701 449
701 1355
701 850
701 140
701 1296
701 738
701 644
701 345
701 1281
701 919
701 189
701 454
701 127
701 416
701 1344
701 233
701 220
701 1243
701 1131
704 1178
704 168
704 1308
704 1373
704 207
704 490
704 1116
704 685
704 311
704 245
704 1375
704 36
704 186
704 639
704 1222
704 1287
704 1335
704 50
704 1276
704 1406
704 363
704 1262
704 398
704 1256
704 991
704 545
704 574
704 1213
704 882
704 675
704 532
704 319
704 1353
704 97
704 929
704 812
704 921
704 457
704 1180
704 997
704 634
704 198
704 1209
704 973
704 126
704 947
704 990
704 178
704 792
704 666
704 996
704 730
704 1082
704 155
704 944
704 391
704 802
704 612
704 377
704 1445
704 801
704 866
704 760
704 889
704 1348
704 803
704 1381
704 1119
704 10
704 1053
704 259
704 744
704 253
704 1399
704 590
704 219
704 199
704 404
704 856
704 613
704 1156
704 624
704 239
704 235
704 1227
704 1386
704 1059
704 434
704 777
704 903
704 158
704 1248
704 237
704 93
704 823
704 735
704 1439
704 1
704 724
704 60
704 1133
704 1217
704 1200
704 1426
704 479
704 732
704 846
704 266
704 1185
704 1031
704 860
704 1183
704 767
704 1316
704 888
704 799
704 636
704 556
704 1006
704 1424
704 1342
704 236
704 1093
704 1113
704 1201
704 1273
704 373
704 515
704 25
704 278
704 1203
704 537
704 726
704 433
704 1413
704 864
704 1310
704 1421
704 543
704 1387
704 757
704 656
704 828
704 344
704 1236
704 1344
704 157
704 1326
704 118
704 707
704 734
704 102
704 497
704 191
704 1027
704 995
704 1224
704 1279
704 677
704 913
704 804
704 477
704 176
704 343
704 912
704 573
704 374
704 893
704 262
704 392
704 1134
704 1243
704 1215
704 1154
704 1086
704 4
704 395
704 123
704 984
704 1327
704 1427
704 234
704 1057
704 227
704 1350
704 449
704 321
704 0
704 818
749 246
749 357
749 183
749 529
749 907
749 1256
749 321
749 1087
749 1274
749 541
749 758
749 430
749 1148
749 666
749 259
749 287
749 1370
749 633
749 1018
749 545
749 241
749 1041
749 197
749 444
749 1128
749 1051
749 251
749 334
749 1242
749 1425
749 891
749 278
749 709
749 158
749 618
749 437
749 129
749 1187
749 611
749 1312
749 740
749 1257
749 1216
749 420
749 1308
749 550
749 726
749 258
749 168
749 115
749 140
749 29
749 888
749 1306
749 1268
749 1336
749 639
749 154
749 244
749 790
749 245
749 842
749 356
749 1441
749 225
749 577
749 177
749 322
749 266
749 669
749 157
749 467
749 1123
749 89
749 757
749 205
749 94
749 1397
749 1189
749 787
749 922
749 485
749 929
749 1393
749 110
749 1
749 1075
749 186
749 660
749 1409
749 788
749 1282
749 99
749 1015
749 1238
749 802
749 1113
749 103
749 1316
749 365
749 280
749 1121
749 1390
749 338
749 821
749 406
749 295
749 277
749 194
749 1212
749 995
749 1428
749 1110
749 398
749 1445
749 147
749 1083
749 1284
749 1224
749 169
749 391
749 517
749 383
749 1429
749 1138
749 454
749 1406
749 304
749 1389
749 760
749 914
749 883
749 959
749 1240
749 632
749 659
749 946
749 1116
749 148
749 155
749 117
749 1310
749 30
749 48
749 1190
749 369
749 557
749 593
749 132
749 895
749 943
749 920
749 772
749 906
749 852
749 774
749 754
749 418
749 1166
749 427
749 170
749 884
749 24
749 818
749 1142
749 733
749 989
749 921
749 913
749 231
749 60
749 915
749 732
749 567
749 1288
749 925
749 1435
749 833
749 1067
749 253
749 804
749 728
749 893
749 655
749 767
749 1381
749 948
749 1104
749 1432
749 984
749 1345
749 267
749 118
749 499
749 52
749 296
749 1020
749 1074
749 1444
749 409
749 570
749 1440
749 869
749 1262
749 1237
749 97
749 785
749 123
749 1386
749 1200
749 636
749 613
749 1305
749 126
749 1364
749 301
749 761
749 288
749 1405
749 1055
749 568
749 1346
749 563
749 497
749 1414
749 188
749 947
749 1297
749 439
749 1359
749 348
749 1269
749 388
749 43
749 964
749 661
749 1040
749 872
749 902
749 1099
749 1344
749 1082
749 854
749 1201
749 1347
749 443
749 82
749 507
749 473
749 10
749 481
749 828
749 261
749 1001
749 327
749 164
749 1246
749 668
749 1357
749 1373
749 903
749 1175
749 121
749 1144
749 630
749 1132
749 970
749 1107
749 46
749 163
749 1439
749 370
749 65
749 138
749 544
749 955
749 876
749 419
749 704
749 486
749 1296
749 949
749 494
749 953
749 1007
749 1341
749 911
749 1185
749 1404
749 1038
749 900
749 562
749 223
749 1215
749 1377
749 1378
749 1421
749 382
749 276
749 1291
749 1355
749 799
749 692
749 628
749 1271
749 985
749 224
749 792
749 1259
749 101
749 961
749 968
749 396
749 819
749 592
749 698
749 63
749 339
749 647
749 1133
749 13
749 1353
749 1375
749 1434
749 377
749 897
749 798
749 354
749 899
749 950
749 226
749 1062
749 185
749 113
749 912
749 624
749 1300
749 534
749 342
749 363
749 644
749 1027
749 78
749 1157
749 312
749 208
749 1367
749 860
749 457
749 1412
749 1303
749 561
749 344
749 873
749 421
749 1314
749 440
749 1248
749 1356
749 1349
749 400
749 143
749 260
749 830
749 470
749 706
749 1254
749 566
749 998
749 890
749 901
749 944
749 718
749 535
749 433
749 625
749 838
749 845
749 502
749 1178
749 585
749 27
749 191
749 1322
749 836
749 450
749 92
749 1210
749 23
749 1446
749 1245
749 1016
749 1066
749 1411
749 73
749 407
749 509
749 1182
749 379
749 255
749 1392
749 1329
749 133
749 79
749 1095
749 823
749 1211
749 1407
749 1234
749 51
749 1115
749 533
749 1317
749 1213
749 1223
749 1436
749 1140
749 216
749 262
749 106
749 1069
749 957
749 1321
749 272
749 268
749 435
749 537
749 471
749 553
749 695
749 21
749 1236
749 677
749 751
749 475
749 1035
749 1011
749 1059
749 621
749 780
749 795
749 1379
749 868
749 867
749 460
749 871
749 175
749 1343
749 764
749 1028
749 940
749 373
749 239
749 712
749 1335
749 119
749 59
749 1323
749 1085
749 478
749 988
749 492
749 167
749 658
749 412
749 1037
749 691
749 1108
749 62
749 408
749 1149
749 800
749 1050
749 963
749 1101
749 81
749 449
749 680
749 990
749 1071
749 309
749 588
749 134
749 72
749 687
749 1331
749 195
749 864
749 652
749 770
749 1402
749 1424
749 701
749 739
749 1272
749 729
749 839
749 310
749 683
749 768
749 1218
749 1180
749 324
749 526
749 234
749 3
749 390
749 77
749 1076
749 576
749 1276
749 958
749 333
749 402
749 1302
749 1418
749 392
749 32
749 1167
749 1006
749 55
749 1324
749 1136
749 1126
749 1226
749 1387
749 1199
749 1304
749 353
749 745
749 1243
749 182
749 1217
749 1053
749 938
749 1088
749 696
749 71
749 1327
749 590
774 296
774 1243
774 1035
774 29
790 502
790 198
790 657
790 923
790 1274
790 1009
790 1236
790 1006
790 888
790 1190
790 1203
790 921
790 390
790 137
790 209
790 912
790 724
790 1321
790 821
790 1371
790 1196
790 957
790 251
790 1243
790 1345
790 391
790 103
790 866
790 1404
790 632
790 1043
790 183
790 616
790 259
790 992
790 1188
790 517
790 418
790 677
790 1014
790 981
790 445
790 118
790 624
790 725
790 718
790 1091
790 1239
790 675
790 786
790 60
790 252
790 534
790 1320
790 1050
790 344
790 1144
790 119
790 193
790 1135
790 686
790 1422
790 1273
790 785
790 761
790 383
790 1290
790 416
790 958
790 566
790 969
790 1149
790 369
790 167
790 593
790 731
790 1336
790 582
790 129
790 387
790 1067
790 1358
790 1219
790 802
790 235
790 599
790 523
790 248
790 507
790 983
790 846
790 936
790 690
790 864
790 59
790 1329
790 891
790 1304
790 84
790 652
790 304
790 448
790 1208
790 710
790 800
790 569
790 1322
790 1375
790 1392
790 449
790 1204
790 1137
790 1052
790 1232
790 601
790 55
790 1402
790 1283
790 322
790 100
790 442
790 1193
790 949
790 854
790 873
790 1136
790 221
790 82
790 1156
790 199
790 1059
790 707
790 289
790 1195
790 133
790 250
790 830
790 104
790 1443
790 1300
790 997
790 1110
790 145
790 1015
790 246
790 968
790 140
790 318
790 11
790 20
790 339
790 619
790 645
790 408
790 771
790 338
790 1384
790 1244
790 971
790 1366
790 1323
790 1253
790 27
790 948
790 879
790 1225
790 925
790 1238
790 468
790 208
790 805
790 94
790 1209
790 1210
790 653
790 659
790 780
790 160
790 787
790 627
790 1025
790 397
790 695
790 497
790 1406
790 915
790 1246
790 35
790 141
790 254
790 434
790 101
790 1154
790 191
790 238
790 1439
790 661
790 411
790 838
790 1275
790 991
790 281
790 1069
790 74
790 117
790 765
790 1202
790 1020
790 97
790 1216
790 1261
790 514
790 291
790 1381
790 832
790 737
790 871
790 166
790 1005
790 911
790 1390
790 430
790 893
790 1019
790 841
790 631
790 125
790 50
790 330
790 1003
790 1344
790 525
790 1285
790 646
790 1325
790 758
790 278
790 324
790 17
790 1072
790 1417
790 518
790 132
790 1353
790 424
790 660
790 123
790 190
790 217
790 1221
790 372
790 320
790 1269
790 1167
790 404
790 570
790 243
790 1421
790 749
790 1
790 1343
790 373
790 213
790 1104
790 1401
790 1303
790 154
790 1328
790 1316
790 607
790 368
790 23
790 470
790 134
790 25
790 669
790 901
790 377
790 327
790 770
790 889
790 188
790 1070
790 733
790 1075
790 943
790 529
790 1199
790 13
790 960
790 1259
790 687
790 1405
790 469
790 1430
790 630
790 313
790 282
790 504
790 1026
790 102
790 555
790 779
790 1222
790 1226
790 903
790 280
790 65
790 435
790 370
790 1373
790 287
790 1086
790 1132
790 588
790 1317
790 121
790 1333
790 485
790 1128
790 1445
790 685
790 913
790 1152
790 750
790 922
790 1185
790 473
790 663
790 1256
790 754
790 1287
790 178
790 366
790 319
790 557
790 477
790 778
790 803
790 730
790 1284
790 964
790 186
790 436
790 421
790 495
790 499
790 602
790 1394
790 628
790 1158
790 454
790 382
790 1133
790 689
790 406
790 1233
790 182
790 1266
790 63
790 420
790 1367
790 461
790 334
790 1011
790 305
790 916
790 1409
790 225
790 551
790 857
790 1308
790 1115
790 544
790 760
790 410
790 520
790 917
790 29
790 1418
790 106
790 794
790 43
790 159
790 1064
790 766
790 747
790 1377
790 189
790 1051
790 704
790 1058
790 641
790 329
790 583
790 621
790 1372
790 987
790 363
790 828
790 933
790 268
790 1242
790 882
790 195
790 1178
790 1432
790 222
790 579
790 1324
790 342
790 240
790 558
790 333
790 1084
790 165
790 801
843 163
843 1002
843 948
843 310
843 682
843 63
843 1404
843 1167
843 1221
843 19
843 279
843 768
843 96
843 481
843 1120
843 1354
843 1316
843 341
843 1262
843 1138
843 247
843 1240
843 1367
843 857
843 1090
843 297
843 1438
843 708
843 1166
843 322
843 103
843 1297
843 1310
843 249
843 1091
843 1243
843 1359
843 219
843 931
843 1050
843 770
843 10
843 570
843 1103
843 12
843 1406
843 947
843 315
843 82
843 449
843 1415
843 1147
843 1070
843 1306
843 707
843 439
843 1294
843 984
843 555
843 968
843 630
843 793
843 220
843 225
843 828
843 299
885 609
885 427
885 223
885 324
885 1386
885 428
885 569
885 1193
885 1120
885 406
885 187
885 408
885 537
885 732
885 372
885 1195
885 1331
885 951
885 1290
885 666
885 1387
885 570
885 143
885 497
885 1316
885 53
885 986
885 683
885 1366
885 1065
885 654
885 761
885 296
885 1006
885 178
885 495
885 975
885 468
885 1257
885 800
885 1050
885 921
885 363
885 414
885 128
885 198
885 51
885 556
885 575
885 1106
885 477
885 225
885 1053
885 763
885 726
885 123
885 244
885 261
885 612
885 192
885 1322
885 489
885 1010
885 918
885 262
885 835
885 632
885 397
885 837
885 925
885 849
885 276
885 144
885 1364
885 1167
885 1025
885 1001
885 1084
885 299
885 1353
885 483
885 545
885 1236
885 631
885 1255
885 207
885 70
885 39
885 1317
885 245
885 864
885 625
885 36
885 318
885 777
885 866
885 173
885 278
885 1352
885 1170
885 189
885 79
885 1094
885 434
885 613
885 265
885 1039
885 412
885 1079
885 690
885 1028
885 603
885 718
885 780
885 1113
885 43
885 551
885 1329
885 970
885 259
885 946
885 734
885 1225
885 938
885 1327
885 32
1094 497
1094 1026
1094 321
1094 504
1094 236
1094 736
1094 389
1094 535
1094 1404
1094 946
1094 1134
1094 1219
1094 58
1094 1446
1094 361
1094 1268
1094 668
1094 620
1094 1182
1094 1349
1094 216
1094 1043
1094 919
1094 1030
1094 644
1094 567
1094 734
1094 778
1094 672
1094 718
1094 1335
1094 626
1094 888
1094 162
1094 502
1094 1301
1094 310
1094 212
1094 1440
1094 309
1094 274
1094 256
1094 1373
1094 379
1094 475
1094 1282
1094 818
1094 1046
1094 422
1094 1095
1094 1069
1094 353
1094 566
1094 757
1094 514
1094 494
1094 1050
1094 544
1094 760
1094 297
1094 936
1094 641
1094 4
1094 621
1094 996
1094 150
1094 891
1094 1259
1094 1012
1094 147
1094 334
1094 1357
1094 101
1094 551
1094 178
1094 296
1094 1342
1094 1
1094 800
1094 776
1094 96
1094 961
1094 762
1094 947
1094 1372
1094 596
1094 1233
1094 838
1094 263
1094 799
1094 204
1094 462
1094 1152
1094 1217
1094 576
1094 696
1094 541
1094 99
1094 288
1094 326
1094 115
1094 819
1094 855
1094 534
1094 1408
1094 1128
1094 1237
1094 1229
1094 1056
1094 568
1094 543
1094 451
1094 6
1094 109
1094 515
1094 540
1094 316
1094 929
1094 209
1094 609
1094 1156
1094 386
1094 740
1094 999
1094 85
1094 155
1094 205
1094 1376
1094 830
1094 883
1094 860
1094 410
1094 803
1094 523
1094 447
1094 1447
1094 735
1094 164
1094 427
1094 1392
1094 1320
1094 412
1094 1356
1094 1413
1094 314
1094 259
1094 602
1094 195
1094 234
1094 764
1094 311
1094 526
1094 801
1094 375
1094 1370
1094 1310
1094 499
1094 9
1094 222
1094 1331
1094 0
1094 1445
1094 306
1094 254
1094 336
1094 902
1094 1420
1094 1379
1094 394
1094 863
1094 10
1094 197
1094 1122
1094 1075
1094 1187
1094 122
1094 55
1094 933
1094 588
1094 661
1094 914
1094 206
1094 825
1094 580
1094 362
1094 118
1094 1120
1094 1014
1094 20
1094 1215
1094 922
1094 1234
1094 1339
1094 702
1094 893
1094 1119
1094 858
1094 1257
1094 1297
1094 967
1094 1224
1094 1028
1094 610
1094 921
1094 1359
1094 915
1094 225
1094 373
1094 548
1094 1273
1094 699
1094 1434
1094 861
1094 403
1094 847
1094 478
1094 821
1094 867
1094 126
1094 322
1094 1100
1094 440
1094 692
1094 1225
1094 886
1094 1132
1094 1374
1094 607
1094 388
1094 235
1094 904
1094 80
1094 1009
1094 822
1094 243
1094 990
1094 1113
1094 784
1094 1001
1094 1319
1094 51
1094 142
1094 445
1094 808
1094 45
1094 761
1094 887
1094 98
1094 1180
1094 972
1094 586
1094 252
1094 884
1094 237
1094 627
1094 1066
1094 370
1094 250
1094 1131
1094 590
1094 77
1094 186
1094 160
1094 511
1094 1406
1094 472
1094 527
1094 1276
1094 1387
1094 913
1094 168
1094 1317
1094 1327
1094 1435
1094 1038
1094 1378
1094 1334
1094 791
1094 899
1094 125
1094 1242
1094 454
1094 249
1094 460
1094 1091
1094 81
1094 1395
1094 132
1094 145
1094 766
1094 555
1094 163
1094 1348
1094 84
1094 853
1094 879
1094 377
1094 481
1094 866
1094 912
1094 558
1094 645
1094 675
1094 1209
1094 1305
1094 264
1094 238
1094 501
1094 1010
1094 732
1094 639
1094 931
1094 495
1094 1087
1094 1068
1094 105
1094 1427
1094 169
1094 76
1094 245
1094 30
1094 90
1094 395
1094 659
1094 518
1094 1355
1094 599
1094 1037
1094 971
1094 873
1094 331
1094 208
1094 1070
1094 701
1094 15
1094 262
1094 420
1094 268
1094 630
1094 35
1094 856
1094 877
1094 226
1094 1401
1094 1346
1094 1424
1094 829
1094 985
1094 411
1094 1053
1094 1072
1094 185
1094 579
1094 820
1094 231
1094 213
1094 1294
1094 1279
1094 140
1094 574
1094 1307
1094 3
1094 1190
1094 625
1094 1194
1094 387
1094 17
1094 754
1094 71
1094 1256
1094 1222
1094 869
1094 485
1094 1039
1094 1204
1094 247
1094 315
1094 62
1094 453
1094 343
1094 944
1094 1443
1094 1047
1094 1151
1094 680
1094 1197
1094 1236
1094 664
1094 1232
1094 1306
1094 1060
1094 1285
1094 622
1094 750
1094 1389
1094 52
1094 170
1094 220
1094 1164
1094 1183
1094 1411
1094 1264
1094 943
1094 1154
1094 179
1094 1385
1094 771
1094 657
1094 207
1094 128
1094 143
1094 1127
1094 344
1094 286
1094 1158
1094 156
1094 1207
1094 517
1094 342
1094 293
1094 1293
1094 298
1094 141
1094 144
1094 408
1094 289
1094 1272
1094 1089
1094 1109
1094 1195
1094 637
1094 1051
1094 382
1094 864
1094 1064
1094 1384
1094 133
1094 934
1094 846
1094 1062
1094 1275
1094 367
1094 854
1094 949
1094 1027
1094 506
1094 643
1094 811
1094 895
1094 123
1094 224
1094 1166
1094 1008
1094 769
1094 1161
1094 633
1094 1381
1094 1157
1094 562
1094 1321
1094 106
1094 986
1094 685
1094 1333
1094 276
1094 1261
1094 1074
1094 911
1094 881
1094 954
1094 278
1094 266
1094 36
1094 108
1094 291
1094 1393
1094 59
1094 129
1094 339
1094 1326
1094 1048
1094 93
1094 463
1094 1084
1094 419
1094 1011
1094 547
1094 1364
1094 1140
1094 634
1094 521
1094 1287
1094 836
1094 968
1094 698
1094 1407
1094 325
1094 474
1094 865
1094 763
1094 272
1094 1208
1094 1300
1094 167
1094 1344
1094 839
1094 1270
1094 1223
1094 1067
1094 592
1094 1283
1094 550
1094 920
1094 631
1094 92
1094 1102
1094 1020
1094 1123
1094 1192
1094 255
1094 444
1094 24
1094 1149
1094 436
1094 1019
1094 1354
1094 814
1094 658
1094 1168
1094 983
1094 815
1094 795
1094 1178
1094 333
1094 690
1094 948
1094 1144
1094 75
1094 1340
1094 148
1094 1284
1094 421
1094 1135
1094 938
1094 930
1094 1174
1094 1218
1094 1271
1094 897
1094 25
1094 910
1094 687
1094 486
1094 656
1094 13
1094 70
1094 480
1094 470
1094 1415
1094 493
1094 925
1094 442
1094 479
1094 439
1094 281
1094 1402
1094 1308
1094 152
1094 295
1094 1065
1094 299
1094 360
1094 1148
1094 706
1094 1290
1094 363
1094 1138
1094 525
1094 1235
1094 1086
1127 1288
1127 998
1127 1293
1127 212
1127 1236
1127 390
1127 262
1127 449
1127 5
1127 972
1127 1414
1127 1135
1127 853
1127 1131
1127 250
1127 372
1127 1144
1127 601
1127 1358
1127 827
1127 985
1127 707
1127 325
1127 555
1127 82
1127 369
1127 1309
1127 1387
1127 1016
1127 739
1127 1229
1127 1386
1127 1426
1127 732
1127 847
1127 234
1127 1243
1127 971
1127 1104
1127 1115
1127 73
1127 657
1127 1392
1127 1187
1127 544
1127 891
1127 1310
1127 1227
1127 582
1127 950
1127 1102
1127 857
1127 636
1127 1199
1127 445
1127 828
1127 1107
1127 1330
1127 1238
1127 379
1127 804
1127 272
1127 1275
1127 1211
1127 230
1127 935
1127 1148
1127 933
1127 1430
1127 326
1127 584
1127 171
1127 58
1127 1109
1127 524
1127 996
1127 243
1127 518
1127 1413
1127 157
1127 1439
1127 291
1127 1327
1127 1346
1127 1138
1127 648
1127 982
1127 534
1127 84
1127 562
1127 475
1127 418
1127 1123
1127 823
1127 3
1127 1415
1127 435
1127 1359
1127 915
1127 567
1127 957
1127 887
1127 330
1127 173
1127 660
1127 560
1127 1039
1127 696
1127 1056
1127 761
1127 93
1127 730
1127 146
1127 1093
1127 43
1127 744
1127 766
1127 300
1127 1290
1127 1401
1127 841
1127 1215
1127 425
1127 919
1127 1076
1127 1427
1127 860
1127 30
1127 921
1127 479
1127 983
1127 327
1127 988
1127 321
1127 691
1127 733
1127 1366
1127 1200
1127 784
1127 903
1127 1122
1127 1064
1127 1225
1127 278
1127 1119
1127 914
1127 1355
1127 689
1127 893
1127 301
1127 447
1127 947
1127 29
1127 1031
1127 470
1127 778
1127 260
1127 583
1127 483
1127 569
1127 802
1127 621
1127 1126
1127 221
1127 27
1127 1234
1127 1128
1127 715
1127 880
1127 609
1127 656
1127 1003
1127 1137
1127 237
1127 1226
1127 1091
1127 535
1127 572
1127 867
1127 502
1127 1125
1127 1114
1127 448
1127 694
1127 289
1127 194
1127 895
1127 967
1127 1050
1127 1101
1127 1048
1127 793
1127 888
1127 1300
1127 613
1127 1320
1127 808
1127 98
1127 1015
1127 424
1127 420
1127 1395
1127 1256
1127 401
1127 1067
1127 929
1127 515
1127 522
1127 113
1127 643
1127 815
1127 1161
1127 119
1127 454
1127 197
1127 800
1127 244
1127 1336
1127 1302
1127 1099
1127 1264
1127 1171
1127 676
1127 1328
1127 1154
1127 121
1127 1155
1127 1297
1127 1184
1127 398
1127 199
1127 629
1127 1282
1127 1132
1127 11
1127 1029
1127 1260
1127 105
1127 373
1127 440
1127 209
1127 251
1127 1311
1127 287
1127 604
1127 99
1127 323
1127 951
1127 873
1127 652
1127 517
1127 286
1127 553
1127 402
1127 852
1127 771
1127 639
1127 1421
1127 1140
1127 756
1127 1385
1127 603
1127 383
1127 576
1127 735
1127 723
1127 133
1127 168
1127 788
1127 324
1127 52
1127 125
1127 100
1127 682
1127 1399
1127 387
1127 1110
1127 450
1127 768
1127 570
1127 259
1127 46
1127 109
1127 35
1127 235
1127 1404
1127 147
1127 731
1127 585
1127 1333
1127 693
1127 521
1127 1046
1127 690
1127 455
1127 239
1127 546
1127 1166
1127 1208
1127 211
1127 1212
1127 1371
1127 1335
1127 76
1127 1222
1127 1082
1127 264
1127 399
1127 297
1127 871
1127 1380
1127 1367
1127 1277
1127 974
1127 956
1127 1202
1127 1217
1127 577
1127 412
1127 492
1127 158
1127 1164
1127 395
1127 427
1127 1262
1127 55
1127 750
1127 1247
1127 1209
1127 159
1127 190
1127 872
1127 392
1127 1112
1127 247
1127 765
1127 1197
1127 1230
1127 457
1127 128
1127 934
1127 1298
1127 558
1127 1158
1127 593
1127 786
1127 1304
1127 195
1127 529
1127 692
1127 1244
1127 269
1127 1232
1127 430
1127 550
1127 101
1127 764
1127 526
1127 631
1127 1432
1127 34
1127 1263
1127 89
1127 777
1127 833
1127 850
1127 255
1127 1185
1127 1193
1127 441
1127 437
1127 1447
1127 1259
1127 754
1127 548
1127 1052
1127 1245
1127 464
1127 120
1127 664
1127 1344
1127 910
1127 226
1127 306
1127 451
1127 295
1127 537
1127 104
1127 620
1127 1406
1127 854
1127 361
1127 986
1127 493
1127 653
1127 608
1127 1444
1127 495
1127 1075
1127 885
1127 1011
1127 627
1127 509
1127 889
1127 1153
1127 148
1127 738
1127 685
1127 207
1127 1268
1127 305
1127 801
1127 24
1127 467
1127 1375
1127 478
1127 1291
1127 557
1127 838
1127 714
1127 312
1127 525
1127 520
1127 156
1127 45
1127 127
1127 77
1127 946
1127 1321
1127 1098
1127 1224
1127 419
1127 612
1127 344
1127 703
1127 368
1127 314
1127 540
1127 1204
1127 1041
1127 85
1127 434
1127 787
1127 86
1127 1431
1127 1139
1127 1018
1127 182
1127 666
1127 900
1127 922
1127 400
1127 964
1127 551
1127 758
1127 686
1127 1246
1127 616
1127 134
1127 743
1127 353
1127 969
1127 962
1127 641
1127 384
1127 391
1127 952
1127 683
1127 145
1127 992
1127 759
1127 979
1127 955
1127 590
1127 1057
1127 719
1127 1
1127 225
1127 357
1127 780
1127 1156
1127 588
1127 1142
1127 911
1127 108
1127 1438
1127 523
1127 333
1127 991
1127 645
1127 339
1127 902
1127 792
1127 1283
1127 406
1127 115
1214 1358
1214 1306
1214 1213
1214 871
1214 918
1214 1381
1214 509
1214 645
1214 319
1214 572
1214 723
1214 1028
1214 1091
1214 1006
1214 414
1214 910
1214 693
1214 1336
1214 1226
1214 237
1214 933
1214 1194
1214 952
1214 268
1214 996
1214 41
1214 1217
1214 147
1214 296
1214 731
1214 596
1214 828
1214 802
1214 84
1214 1137
1214 501
1214 1025
1214 236
1214 1215
1214 286
1214 276
1214 30
1214 178
1214 155
1214 839
1214 769
1214 324
1214 98
1214 246
1214 497
1214 395
1214 609
1214 239
1214 825
1214 92
1214 1090
1214 223
1214 913
1214 1348
1214 113
1214 1125
1214 1315
1214 1068
1214 1106
1214 1300
1214 143
1214 777
1214 1151
1214 1227
1214 1344
1214 919
1214 613
1214 142
1214 956
1214 997
1214 1371
1214 882
1214 935
1214 277
1214 1
1214 850
1214 1224
1214 1229
1214 655
1214 173
1214 75
1214 140
1214 701
1214 744
1214 556
1214 1152
1214 990
1214 394
1214 837
1214 695
1214 244
1214 1052
1214 1333
1214 1113
1214 168
1214 1302
1214 1425
1214 934
1214 321
1214 105
1214 656
1214 1445
1214 445
1214 1027
1214 603
1214 1231
1214 1156
1214 419
1214 1083
1214 104
1214 1099
1214 902
1214 803
1214 411
1214 873
1214 959
1214 382
1214 424
1214 377
1214 318
1214 567
1214 757
1214 749
1214 1343
1214 570
1214 410
1214 1271
1214 1211
1214 624
1214 139
1214 1062
1214 1056
1214 907
1214 557
1214 590
1214 242
1214 798
1214 1256
1214 622
1214 1275
1214 396
1214 438
1214 1283
1214 770
1214 1331
1214 263
1214 860
1214 1361
1214 1149
1214 747
1214 179
1214 250
1214 299
1214 1312
1214 186
1214 195
1214 887
1214 696
1214 1065
1214 1421
1214 1273
1214 854
1214 1345
1214 1276
1214 713
1214 657
1214 664
1214 626
1214 29
1214 1109
1214 357
1214 938
1214 1071
1214 937
1214 1107
1214 202
1214 866
1214 1050
1214 891
1214 786
1214 988
1214 363
1214 1051
1214 1411
1214 404
1214 726
1214 82
1214 1357
1214 792
1214 50
1214 715
1214 1235
1214 468
1214 344
1214 93
1214 460
1214 1328
1214 865
1214 305
1214 470
1214 876
1214 109
1214 474
1214 1311
1214 864
1214 118
1214 1316
1214 980
1214 1144
1214 1439
1214 1314
1214 1148
1214 774
1214 341
1214 1199
1214 1310
1214 1202
1214 1196
1214 1313
1214 1364
1214 675
1214 1183
1214 967
1214 55
1214 1327
1214 1404
1214 108
1214 49
1214 836
1214 601
1214 957
1214 1097
1214 1353
1214 188
1214 233
1214 1385
1214 1389
1214 361
1214 131
1214 1346
1214 545
1214 863
1214 551
1214 838
1214 507
1214 189
1214 248
1214 944
1214 211
1214 148
1214 94
1214 1304
1214 1204
1214 835
1214 1434
1214 169
1214 185
1214 336
1214 101
1214 199
1214 342
1214 1072
1214 325
1214 388
1214 760
1214 685
1214 475
1214 477
1214 729
1214 126
1214 1374
1214 96
1214 1262
1214 784
1214 954
1214 464
1214 903
1214 580
1214 579
1214 805
1214 972
1214 1136
1214 513
1214 985
1214 1057
1214 353
1214 1243
1214 164
1214 1363
1214 1423
1214 1123
1214 154
1214 841
1214 1133
1214 1330
1214 1426
1214 1405
1214 1288
1214 962
1214 1059
1214 778
1214 1110
1214 1138
1214 191
1214 249
1214 599
1214 427
1214 51
1214 1293
1214 256
1214 795
1214 152
1214 1400
1214 326
1214 207
1214 473
1214 714
1269 831
1269 859
1269 999
1269 2
1269 1374
1269 1241
1269 834
1269 684
1269 200
1269 636
1269 1403
1269 479
1269 1263
1269 218
1269 1258
1269 564
1269 47
1269 582
1269 615
1269 14
1269 1044
1269 513
1269 28
1269 292
1269 905
1297 645
1302 9
1302 693
1302 1061
1302 342
1302 1212
1302 1247
1302 823
1302 1154
1302 1246
1302 938
1302 828
1302 787
1302 416
1302 631
1302 654
1302 798
1302 756
1302 728
1302 1422
1302 1113
1302 683
1302 12
1302 111
1302 1363
1302 637
1302 1196
1302 656
1302 281
1302 552
1302 1033
1302 1184
1302 971
1302 630
1302 964
1302 758
1302 453
1302 170
1302 731
1302 1278
1302 551
1302 1310
1302 454
1302 231
1302 467
1302 727
1302 1072
1302 825
1302 622
1302 1440
1302 1085
1302 300
1302 700
1302 1114
1302 168
1302 1087
1302 321
1302 370
1302 212
1302 922
1302 366
1302 1333
1302 1180
1302 307
1302 463
1302 509
1302 936
1302 859
1302 94
1302 1209
1302 706
1302 915
1302 1335
1302 161
1302 658
1302 286
1302 361
1302 1139
1302 963
1302 582
1302 808
1302 986
1302 621
1302 625
1302 1297
1302 30
1302 160
1302 795
1302 405
1302 441
1302 1371
1302 1132
1302 86
1302 777
1302 1364
1302 781
1302 225
1302 1133
1302 871
1302 1165
1302 585
1302 481
1302 406
1302 421
1302 7
1302 774
1302 1090
1302 1229
1302 626
1302 354
1302 1055
1302 341
1302 599
1302 771
1302 784
1302 962
1302 921
1302 1062
1302 1112
1302 125
1302 1148
1302 1258
1302 1372
1302 1279
1302 611
1302 1192
1302 497
1302 1305
1302 1418
1302 1400
1302 967
1302 870
1302 703
1302 241
1302 525
1302 608
1302 1434
1302 627
1302 292
1302 115
1302 992
1302 51
1302 772
1302 1067
1302 189
1302 544
1302 399
1302 1002
1302 1407
1302 600
1302 138
1302 411
1302 1330
1302 308
1302 1295
1302 1155
1302 1306
1302 843
1302 543
1302 424
1302 1269
1302 133
1302 919
1302 929
1302 846
1302 540
1302 541
1302 561
1302 734
1302 725
1302 723
1302 1203
1302 11
1302 357
1302 1404
1302 534
1302 147
1302 1431
1302 368
1302 888
1302 103
1302 1309
1302 71
1302 209
1302 1387
1302 1328
1302 32
1302 903
1302 1040
1302 729
1302 1273
1302 639
1302 277
1302 311
1302 1158
1302 438
1302 893
1302 82
1302 1168
1302 391
1302 1419
1302 1038
1302 188
1302 955
1302 239
1302 833
1302 278
1302 1291
1302 803
1302 4
1302 163
1302 1052
1302 788
1302 501
1302 1414
1302 266
1302 1074
1302 383
1302 1314
1302 1264
1302 1417
1302 1015
1302 142
1302 199
1302 407
1302 340
1302 435
1302 27
1302 1176
1302 403
1302 671
1302 814
1302 897
1302 868
1302 1446
1302 770
1302 289
1302 1222
1302 1426
1302 123
1302 933
1302 1373
1302 1025
1302 97
1302 259
1302 1254
1302 413
1302 861
1302 10
1302 750
1302 1167
1302 991
1302 818
1302 352
1302 558
1302 208
1302 757
1302 767
1302 1102
1302 790
1302 264
1302 805
1302 1445
1302 1147
1302 1259
1302 369
1302 1001
1302 469
1302 1003
1302 892
1302 973
1302 116
1302 1313
1302 672
1302 1370
1302 287
1302 1347
1302 925
1302 1151
1302 109
1302 904
1302 1185
1302 100
1302 732
1302 854
1302 865
1302 420
1302 253
1302 1320
1302 325
1302 838
1302 1121
1302 523
1302 1390
1302 329
1302 171
1302 620
1302 1187
1302 1110
1302 29
1302 336
1302 248
1302 1152
1302 274
1302 235
1302 1018
1302 327
1302 198
1302 1216
1302 211
1302 657
1302 343
1302 126
1302 1005
1302 449
1302 684
1302 815
1302 295
1302 192
1302 786
1302 889
1302 1312
1302 954
1302 65
1302 1071
1302 120
1302 1039
1302 969
1302 724
1302 554
1302 101
1302 748
1302 1058
1302 931
1302 1026
1302 883
1302 616
1302 1207
1302 1331
1302 379
1302 586
1302 44
1302 1399
1302 891
1302 1444
1302 382
1302 310
1302 507
1302 801
1302 190
1302 19
1302 108
1302 254
1302 701
1302 363
1302 1190
1302 132
1302 1008
1302 468
1302 1389
1302 1334
1302 58
1302 677
1302 895
1302 1157
1302 1397
1302 255
1302 1202
1302 1217
1302 514
1302 1228
1302 1060
1302 299
1302 647
1302 876
1302 885
1302 397
1302 345
1302 820
1302 1063
1302 1379
1302 959
1302 1275
1302 85
1302 495
1302 291
1302 1054
1302 1199
1302 754
1302 81
1302 872
1302 769
1302 766
1302 1056
1302 365
1302 935
1302 797
1302 233
1302 1290
1302 1122
1302 457
1302 488
1302 666
1302 434
1302 1200
1302 1345
1302 1160
1302 997
1302 645
1302 1104
1302 155
1302 234
1302 1287
1302 715
1302 887
1302 923
1302 55
1302 149
1302 643
1302 911
1302 1304
1302 619
1302 642
1302 494
1302 685
1302 213
1302 676
1302 1021
1302 1178
1302 1224
1302 1277
1302 1338
1302 548
1302 1012
1302 350
1302 237
1302 1064
1302 1138
1302 557
1302 436
1302 296
1302 444
1302 839
1302 1346
1302 1268
1302 652
1302 272
1302 167
1302 1424
1302 1024
1302 1433
1302 674
1302 344
1302 1140
1302 245
1302 691
1302 26
1302 1135
1302 916
1302 1256
1302 191
1302 92
1302 1136
1302 1261
1302 404
1302 1395
1302 1223
1302 251
1302 384
1302 618
1302 1355
1302 221
1302 96
1302 943
1302 203
1302 802
1302 1233
1302 267
1302 1125
1302 869
1302 377
1302 1208
1302 1298
1302 1430
1302 34
1302 1076
1302 632
1309 485
1309 289
1309 818
1309 566
1309 291
1309 425
1309 540
1309 514
1309 883
1309 618
1309 1356
1309 763
1309 579
1309 1227
1309 173
1309 499
1309 562
1309 706
1309 127
1309 379
1309 1320
1309 1386
1309 1312
1309 509
1309 616
1309 36
1309 1271
1309 608
1309 1405
1309 336
1309 101
1309 1366
1309 492
1309 636
1309 191
1309 248
1309 1113
1309 326
1309 441
1309 278
1309 524
1309 1109
1309 237
1309 322
1309 412
1309 643
1309 675
1309 590
1309 1336
1309 548
1309 1371
1309 551
1309 251
1309 1167
1309 400
1309 1358
1309 682
1309 1259
1309 145
1309 1431
1309 363
1309 1346
1309 698
1309 1321
1309 1070
1309 944
1309 1
1309 1012
1309 1392
1309 373
1309 195
1309 1421
1309 29
1309 481
1309 1326
1309 1011
1309 947
1372 1127
1372 1232
1372 439
1372 1393
1372 839
1372 119
1372 590
1372 873
1372 1417
1372 160
1372 720
1372 1433
1372 1422
1372 958
1372 261
1372 754
1372 1132
1372 1262
1372 1346
1372 410
1372 1283
1372 1237
1372 1030
1372 599
1372 1254
1372 785
1372 1175
1372 555
1372 941
1372 761
1372 1102
1372 1148
1372 1428
1372 774
1372 714
1372 1245
1372 464
1372 1145
1372 703
1372 1039
1372 985
1372 85
1372 230
1372 747
1372 618
1372 609
1372 455
1372 507
1372 1069
1372 336
1372 171
1372 818
1372 289
1372 81
1372 1273
1372 1011
1372 291
1372 219
1372 209
1372 238
1372 641
1372 1253
1372 298
1372 52
1372 1268
1372 1085
1372 603
1372 450
1372 1020
1372 1366
1372 425
1372 339
1372 301
1372 1436
1372 1314
1372 1173
1372 1060
1372 1190
1372 361
1372 265
1372 1176
1372 397
1372 1204
1372 133
1372 691
1372 345
1372 1227
1372 1090
1372 1399
1372 1012
1372 1329
1372 154
1372 1335
1372 627
1372 1357
1372 793
1372 1318
1372 1222
1372 570
1372 1330
1372 483
1372 560
1372 278
1372 701
1372 579
1372 1230
1391 185
1391 668
1391 1304
1391 695
1391 239
1391 88
1391 1348
1391 968
1391 473
1391 474
1391 599
1391 938
1391 1288
1391 353
1391 1063
1391 322
1391 796
1391 262
1391 902
1391 1373
1391 877
1391 1137
1391 774
1391 1004
1391 863
1391 60
1391 593
1391 626
1391 427
1391 913
1391 392
1391 552
1391 235
1391 967
1391 727
1391 1024
1391 405
1391 315
1391 747
1391 786
1391 777
1391 1297
1391 868
1391 470
1391 159
1391 310
1391 1423
1391 1168
1391 36
1391 49
1391 954
1391 998
1391 357
1391 818
1391 1291
1391 846
1391 354
1391 827
