0 1219
0 706
2 822
4 1290
4 688
4 588
4 34
5 508
23 563
31 936
31 921
31 813
31 726
31 702
31 925
31 1246
31 176
31 359
31 365
31 170
31 434
31 521
31 455
31 818
31 857
31 1293
31 829
31 1168
31 1058
31 423
31 909
31 819
31 502
34 108
34 1290
34 1038
34 588
34 688
44 966
44 541
47 210
52 1053
57 1242
57 187
57 798
60 915
68 871
81 65
81 434
81 1112
81 301
81 804
81 1108
81 1178
81 929
81 42
81 719
81 989
81 921
81 170
81 1293
81 1225
81 138
81 951
81 200
81 646
81 367
81 905
81 925
81 1015
81 119
81 422
81 813
81 343
81 1038
81 131
81 563
81 440
81 869
81 1080
81 641
81 1184
82 941
82 150
82 292
82 902
82 590
82 505
82 324
82 612
82 1297
82 477
88 1123
88 780
88 1219
98 144
98 420
98 293
98 16
98 1208
98 859
98 6
98 18
98 186
98 719
98 906
98 688
98 250
98 990
98 229
98 1250
98 161
98 767
98 682
104 390
105 322
105 505
105 881
105 902
105 150
105 1066
105 324
105 467
105 944
105 477
105 590
105 907
106 841
106 905
106 497
106 1227
106 9
106 662
106 857
106 275
106 390
106 508
108 70
116 629
116 818
116 1287
118 426
137 1110
144 929
144 1293
144 226
144 716
144 804
144 362
144 18
144 952
144 6
146 106
146 444
146 662
150 1238
150 1085
150 292
150 1053
150 477
150 548
150 849
150 1237
150 902
150 1182
150 467
150 365
150 590
150 105
150 1066
150 82
150 959
150 1320
161 362
161 270
161 367
161 459
161 469
161 513
161 862
161 1113
161 554
161 1030
161 1115
161 110
161 323
161 1010
161 1123
161 1170
161 412
161 159
161 1041
161 1185
161 739
161 44
161 814
161 711
161 218
170 573
170 638
170 957
170 1242
170 802
170 447
173 688
173 631
173 34
173 1170
179 497
182 587
182 357
182 641
182 841
182 777
182 275
182 1038
182 434
182 390
182 9
186 34
186 573
186 637
206 685
210 828
210 1054
210 226
210 358
210 1281
210 747
210 619
210 801
210 764
210 1050
210 1098
210 676
210 794
210 80
210 262
210 312
210 768
210 600
210 496
210 1256
210 1291
210 802
210 440
210 953
210 876
210 456
210 1063
210 353
210 367
210 857
210 929
210 543
210 706
210 184
210 422
210 1253
210 726
210 905
210 459
210 350
210 129
210 798
210 137
210 1159
210 1052
219 390
219 508
226 161
226 647
226 186
226 1293
226 18
226 144
226 797
226 250
226 952
226 282
226 6
226 767
226 1276
226 1050
226 375
226 229
226 420
226 98
226 440
226 16
226 1208
226 210
226 1250
226 1296
226 682
237 469
239 591
239 1114
239 794
239 1293
239 633
239 41
239 1023
250 1219
254 310
254 239
254 1023
254 633
258 936
258 794
258 562
258 682
258 867
258 1045
258 865
258 538
258 757
258 853
258 797
258 434
258 578
258 1258
258 746
258 1199
258 1194
258 359
258 693
258 706
258 532
258 776
258 148
258 1169
258 691
258 725
258 1203
258 783
261 288
265 47
265 793
265 761
265 1080
275 434
275 655
275 106
275 377
275 1227
275 9
275 925
280 662
288 590
288 261
288 443
288 1149
288 538
288 969
288 324
288 477
288 641
288 902
292 902
292 505
292 82
292 1238
292 766
292 590
292 849
292 879
292 324
292 941
301 597
301 716
301 926
301 558
308 440
308 1168
308 887
308 921
310 794
310 1114
310 403
310 591
310 1293
310 633
310 239
312 226
312 915
312 610
312 182
317 1310
317 367
317 431
322 590
322 1066
322 879
322 950
322 505
322 944
322 1068
322 1053
322 538
322 324
322 247
322 849
322 548
324 902
324 150
324 548
324 766
324 292
324 944
324 1182
324 1085
324 959
324 1066
324 1237
324 9
324 538
324 271
324 1110
324 288
324 1135
324 1238
324 82
324 365
324 1320
333 627
336 573
341 647
341 729
341 875
341 773
341 1254
341 234
341 1024
341 1207
341 789
341 311
341 462
341 386
341 1055
341 76
353 1038
357 182
357 1290
357 1266
365 1182
365 150
365 879
365 881
365 959
365 477
365 31
365 308
365 902
367 1269
367 562
367 422
367 293
367 536
367 1061
367 1064
367 792
367 148
367 434
367 204
367 747
367 797
367 1204
367 5
367 909
367 440
367 489
367 1051
367 6
367 210
367 543
367 648
367 538
367 1242
367 124
367 430
367 716
367 1288
367 490
367 1293
367 515
367 857
367 641
367 973
367 1256
367 1037
367 1032
367 1000
367 1174
367 1225
367 116
367 1030
367 198
367 682
367 563
367 1120
367 1226
367 804
367 353
377 1227
377 275
377 905
377 841
381 780
385 726
390 182
390 219
390 857
390 508
423 1256
423 31
423 187
423 1165
423 563
423 469
423 1246
430 210
434 925
434 549
434 794
434 747
434 423
434 857
434 711
434 18
434 1192
434 905
434 1312
434 459
434 637
434 106
434 170
434 1302
434 94
434 1239
434 1118
434 9
434 818
434 865
434 685
434 440
434 426
434 1191
434 31
434 196
434 96
434 1214
434 721
434 156
434 1038
434 1165
434 588
434 192
434 563
434 829
434 1069
434 836
434 1225
434 1242
434 355
434 893
434 397
434 1194
434 666
434 7
434 201
434 1237
434 354
434 915
434 670
434 813
434 1032
434 1043
434 946
434 81
440 268
440 1047
440 914
440 286
440 876
440 16
440 799
440 226
440 619
440 450
440 312
440 1091
440 219
440 1112
440 229
440 1032
440 845
440 434
440 563
440 403
440 31
440 610
440 129
440 187
440 650
440 34
440 442
440 367
440 496
440 622
440 543
440 1296
440 1312
440 1242
440 854
440 1291
440 1108
440 350
440 1235
440 802
440 956
440 1192
440 214
440 661
440 952
440 282
440 80
440 1225
440 857
443 1140
443 538
443 288
443 9
444 146
452 1037
464 631
464 1170
464 376
464 990
464 243
464 295
464 251
464 637
464 354
464 832
464 1058
464 1236
464 500
464 99
464 130
464 654
464 998
464 261
464 1212
464 649
464 346
464 389
464 958
464 171
464 1279
464 1047
464 155
464 1116
464 201
464 726
464 677
464 114
464 1053
464 30
464 479
464 61
464 877
464 444
464 900
464 679
464 386
464 211
464 1311
464 1120
464 660
464 459
464 693
464 1131
464 811
464 1224
464 331
464 202
464 1192
464 674
464 263
464 709
464 1008
464 1186
464 563
464 743
464 239
464 245
464 756
464 1201
464 504
464 551
464 1153
464 138
464 5
464 685
464 872
464 513
464 363
464 473
464 188
464 438
464 1219
464 760
464 441
464 470
464 274
464 831
464 612
464 1307
464 317
464 788
464 1308
464 60
464 929
464 262
464 1073
464 370
464 23
464 728
464 1247
464 249
464 539
464 160
464 0
464 52
464 234
464 957
464 1284
464 1172
464 146
464 497
464 333
464 1062
464 919
464 532
464 38
464 1072
464 641
464 1054
464 723
464 387
464 1266
464 196
464 428
464 658
464 992
464 385
464 355
464 436
464 394
464 734
464 1124
464 606
464 987
464 7
464 199
464 421
464 1034
464 291
464 111
464 1024
464 456
464 769
464 703
464 873
464 219
464 1004
464 490
464 431
464 162
464 1320
464 668
464 1300
464 124
464 1314
464 218
464 306
464 1292
464 232
464 364
464 283
464 11
464 123
464 813
464 699
464 908
464 936
464 988
464 1285
464 993
464 161
464 143
464 81
464 1221
464 584
464 1267
464 1230
464 1063
464 156
464 1144
464 1094
464 288
464 615
464 410
464 244
464 1045
464 657
464 1198
464 890
464 868
464 3
464 247
464 605
464 754
469 108
473 176
475 1245
475 1293
475 641
477 944
477 292
477 1254
477 197
477 77
477 443
477 538
477 849
477 1135
477 82
477 1237
477 766
477 105
477 530
477 1140
477 1066
477 879
477 271
477 288
477 1053
477 1320
477 548
477 773
477 324
477 881
497 358
497 541
497 301
497 434
497 209
497 622
497 685
497 926
497 330
497 223
497 351
497 1112
497 86
497 106
497 921
497 680
497 9
497 354
497 702
497 563
497 1159
497 422
497 558
497 31
497 362
497 597
497 1246
497 65
497 1066
497 1108
497 804
497 131
497 929
497 1015
497 627
497 1256
497 853
497 646
497 1038
497 836
497 888
498 1253
502 118
502 216
502 385
502 31
502 925
502 1032
502 1015
502 836
502 563
504 372
504 957
504 1038
505 881
505 443
505 1140
505 105
505 944
505 150
505 1182
505 477
505 271
505 82
505 1135
505 766
505 1053
505 1237
505 548
505 902
505 849
505 1238
505 365
512 950
513 685
521 515
521 648
521 204
521 431
521 743
521 1045
521 746
521 293
521 538
521 308
521 1198
521 1015
521 884
521 573
521 367
521 706
521 562
521 1290
521 747
521 258
521 1242
521 124
521 1174
521 1256
521 890
521 353
535 1280
537 759
538 467
538 1320
538 766
538 197
538 1182
538 1066
538 105
538 881
538 849
538 1053
538 322
538 443
538 271
538 288
538 1238
538 1110
538 590
538 505
538 365
538 1140
538 477
541 497
541 1242
541 1139
554 1035
554 1038
559 372
563 597
563 1291
572 1247
573 170
573 1181
573 656
573 955
573 1312
573 1246
574 959
588 1287
588 182
588 434
588 372
588 108
588 777
588 1290
588 9
588 4
590 881
590 766
590 197
590 288
590 1053
590 879
590 378
590 82
590 1085
590 1237
590 483
590 477
590 365
590 755
590 324
590 292
590 234
590 1140
590 1135
590 647
590 1110
590 150
590 271
590 530
590 322
590 944
590 773
590 443
591 490
591 7
591 521
591 657
591 118
591 220
591 104
591 1293
591 1264
591 676
591 958
591 434
591 1005
591 1247
591 1290
591 1192
591 165
591 633
591 1071
591 239
591 1168
591 444
591 181
591 310
591 770
591 580
591 1243
591 192
591 1089
591 1187
591 1269
591 1114
591 1040
591 662
627 153
627 45
627 723
627 84
627 1161
627 1116
627 230
627 719
627 867
627 7
627 355
627 333
627 184
627 216
627 77
627 1242
627 1111
627 99
627 591
627 174
627 895
627 233
627 892
627 859
627 1021
627 248
627 1307
627 182
627 464
627 1180
627 788
627 1010
627 382
627 103
627 676
627 79
627 1187
627 183
627 995
627 1150
627 432
627 928
627 722
627 824
627 29
627 173
627 1299
627 612
627 978
627 1129
627 1219
627 81
627 1078
627 646
627 573
627 822
627 1301
627 1007
627 440
627 688
627 262
627 1291
627 261
627 446
627 338
627 836
627 1192
627 781
627 693
627 378
627 497
628 1227
628 386
628 905
628 841
628 85
628 377
628 106
629 905
629 173
629 433
629 206
629 1038
629 642
631 1174
631 1170
631 1143
631 915
637 925
637 426
637 743
638 986
638 915
638 138
641 1293
641 716
646 354
646 791
646 685
646 1293
656 957
662 1242
662 81
662 106
662 9
664 921
676 419
676 1122
676 212
676 355
676 92
676 1032
676 312
676 1284
676 812
676 971
676 1231
676 1273
676 902
676 375
676 685
676 1232
676 1263
676 559
676 1134
685 497
685 157
685 646
685 1178
685 81
685 1242
685 791
688 1038
688 1290
688 588
688 173
702 563
702 509
702 915
702 367
702 1112
722 357
726 1051
726 1015
726 1038
726 777
726 282
726 1050
726 836
726 502
726 1256
726 385
726 1063
726 118
726 563
726 31
728 948
728 921
728 1140
743 637
755 849
755 944
755 324
755 271
755 902
755 467
755 907
755 105
755 505
755 879
755 150
755 538
765 1182
766 881
766 150
766 501
766 713
766 879
766 1238
766 590
766 538
766 941
766 505
766 902
766 813
777 9
777 588
777 1063
777 970
777 1038
777 925
780 706
780 452
780 250
780 381
781 829
791 1116
791 720
791 475
791 1184
791 1194
791 1066
791 538
791 223
791 685
791 646
791 42
791 926
791 1052
791 186
791 298
791 157
791 1293
791 400
791 818
791 974
791 1178
791 182
791 680
791 610
791 65
791 1016
794 1213
794 1232
794 1021
794 478
794 266
794 831
794 164
794 882
794 44
794 15
794 957
794 690
794 835
794 945
794 428
794 106
794 395
794 240
794 259
794 261
794 830
794 711
794 310
794 601
794 1069
794 475
794 473
794 529
794 104
794 58
794 784
794 290
794 249
794 788
794 239
794 987
794 557
794 633
794 543
794 156
794 1307
794 579
794 1167
794 1124
794 111
794 227
794 189
794 1129
794 433
794 1250
794 407
794 1265
794 472
794 313
794 1035
794 1019
794 776
794 349
794 4
794 17
794 234
794 609
794 605
794 113
794 1097
794 1184
794 1170
794 1034
794 201
794 382
794 254
794 451
794 1002
794 561
794 89
794 1287
794 1219
794 1210
794 432
794 1226
794 892
794 458
794 391
794 924
794 1005
794 129
794 928
794 454
794 1023
794 115
813 176
813 750
813 1168
813 1277
813 741
813 1127
813 641
813 543
813 1293
813 857
813 616
813 353
813 434
813 957
813 31
814 957
814 108
814 796
818 905
818 702
818 31
818 921
818 1256
818 70
819 521
819 348
819 9
819 170
819 641
819 31
819 497
829 287
829 198
829 131
829 1165
829 1112
829 217
829 1319
829 469
829 318
829 81
836 1130
836 1023
836 450
836 65
836 353
836 635
836 367
836 1038
836 34
836 225
836 210
836 535
836 722
836 314
836 807
836 791
836 956
836 1291
836 1178
836 726
836 1125
836 927
836 957
836 484
836 395
836 829
836 519
836 41
836 905
836 392
836 1293
836 662
836 259
836 131
836 1168
836 106
836 1040
836 53
836 183
836 101
836 563
836 426
836 828
840 508
841 9
841 106
841 655
841 905
841 275
841 508
841 377
849 590
849 1182
849 941
849 902
849 1085
849 322
849 879
849 477
849 1019
849 1066
849 959
849 150
849 548
849 1320
849 766
849 505
849 288
849 944
849 324
879 573
879 1110
879 766
879 849
879 1085
879 959
879 150
879 322
879 1066
879 1053
879 1237
879 1320
879 590
879 538
879 467
879 505
879 902
879 365
879 271
881 292
881 1085
881 548
881 324
881 288
881 766
881 538
881 755
881 1053
881 1066
881 150
881 1019
881 82
881 505
881 322
881 1110
881 902
881 944
881 1320
887 1168
888 9
902 143
902 879
902 322
902 590
902 1320
902 633
902 292
902 755
902 365
902 1238
902 1019
902 82
902 548
902 881
902 505
902 538
902 766
902 105
902 288
902 1053
902 709
902 150
909 354
909 431
909 628
909 348
909 521
909 367
909 1032
910 422
910 81
910 1038
910 515
910 750
915 925
915 998
915 794
915 1038
915 921
915 1159
915 1035
915 367
915 108
915 892
915 638
915 430
915 702
915 1281
915 60
915 631
915 508
915 18
920 1019
921 497
921 369
921 816
921 1229
921 96
921 31
921 868
921 1251
921 1256
921 1180
921 664
921 1206
921 27
921 539
921 375
921 792
921 641
921 1242
921 871
921 451
921 569
924 515
929 926
929 716
936 1032
936 348
936 521
936 702
936 31
936 822
938 387
941 881
941 292
941 477
941 505
941 1238
941 1320
941 82
941 1019
941 538
950 322
950 1139
951 538
951 592
951 1015
951 742
951 1030
951 865
951 562
951 489
951 1045
951 797
951 521
951 148
951 1035
951 1037
951 706
951 323
951 743
951 1242
951 747
951 124
951 648
951 890
951 884
951 293
955 573
957 1273
957 41
957 219
957 1114
957 814
957 170
957 97
957 1191
957 591
957 685
957 1168
957 1293
957 836
957 687
957 794
957 200
959 505
959 590
959 1085
959 324
959 879
959 849
959 477
959 150
977 1237
998 915
998 726
998 502
1001 1318
1001 709
1001 234
1001 1207
1001 1055
1001 954
1001 238
1001 311
1001 1219
1001 773
1003 925
1019 292
1019 590
1019 881
1019 1238
1019 766
1019 150
1019 505
1019 849
1019 324
1019 612
1019 1320
1021 367
1023 302
1023 721
1023 40
1023 933
1023 108
1023 285
1023 641
1023 1007
1023 445
1023 53
1023 1047
1023 897
1023 187
1023 373
1023 1192
1023 488
1023 362
1023 1304
1023 1171
1023 1294
1023 81
1023 582
1023 710
1023 18
1023 864
1023 131
1023 375
1023 746
1023 298
1023 202
1023 170
1023 216
1023 542
1023 239
1023 702
1023 70
1023 1035
1023 167
1023 785
1023 1114
1023 960
1023 831
1023 931
1023 86
1023 508
1023 744
1023 353
1023 310
1023 1137
1023 1305
1023 687
1023 1283
1023 1242
1023 1299
1032 597
1035 554
1035 440
1035 1204
1035 182
1035 915
1037 951
1037 1293
1037 301
1038 1138
1038 34
1038 508
1038 1290
1038 579
1038 818
1038 182
1038 434
1038 588
1038 1256
1038 353
1038 554
1038 946
1038 348
1038 108
1038 106
1038 1301
1038 521
1038 629
1038 1010
1038 915
1038 688
1038 154
1038 910
1041 972
1050 726
1050 274
1050 276
1050 682
1050 665
1050 177
1050 637
1050 36
1050 302
1050 966
1050 1199
1050 105
1051 367
1053 1237
1053 1066
1053 322
1053 548
1053 150
1053 849
1053 52
1053 105
1053 902
1053 881
1053 590
1053 197
1053 944
1053 879
1053 467
1062 726
1063 777
1063 726
1063 925
1064 367
1068 322
1085 509
1085 150
1085 849
1085 948
1085 324
1085 902
1085 477
1085 956
1085 1137
1085 881
1085 54
1085 538
1096 629
1112 952
1112 791
1112 1159
1112 18
1112 929
1112 16
1112 229
1112 226
1114 591
1114 1168
1114 1023
1114 794
1114 957
1114 687
1114 239
1115 535
1120 31
1123 88
1135 538
1135 590
1135 1110
1135 9
1139 330
1139 912
1140 505
1140 477
1140 938
1140 590
1143 1038
1143 1029
1143 1174
1143 631
1143 915
1144 170
1144 915
1145 1262
1145 418
1145 26
1158 1320
1159 495
1159 262
1159 1093
1159 219
1159 802
1159 268
1159 619
1159 358
1159 442
1159 298
1159 957
1159 706
1159 1123
1159 226
1159 1235
1159 31
1159 711
1159 953
1159 915
1159 350
1159 184
1165 829
1168 310
1168 1023
1168 794
1168 687
1168 813
1168 326
1168 633
1168 504
1168 403
1168 1191
1168 254
1168 200
1170 173
1170 915
1170 108
1170 631
1174 1205
1174 423
1174 1170
1174 1143
1174 559
1174 631
1178 1293
1178 685
1178 301
1181 508
1182 879
1182 150
1182 902
1182 477
1182 365
1182 538
1182 849
1182 765
1186 1242
1192 520
1204 89
1204 31
1204 422
1204 853
1204 403
1204 925
1204 628
1204 1246
1204 183
1204 1245
1204 367
1204 1035
1205 1174
1205 1170
1205 915
1220 1137
1220 976
1220 552
1227 841
1227 628
1227 432
1227 925
1227 85
1227 106
1227 377
1230 638
1236 875
1236 462
1236 1055
1238 1320
1238 324
1238 590
1238 879
1238 1019
1238 881
1238 766
1238 538
1238 849
1238 902
1246 423
1246 115
1246 573
1246 31
1248 641
1253 498
1256 961
1256 430
1256 73
1256 176
1256 1204
1256 742
1256 682
1256 358
1256 204
1256 1291
1256 592
1256 886
1256 353
1256 1163
1256 452
1256 124
1256 382
1256 538
1256 563
1256 420
1256 719
1256 1045
1256 1091
1256 641
1256 575
1256 1198
1256 450
1256 367
1256 65
1256 543
1256 397
1256 1201
1256 1293
1256 80
1256 797
1256 97
1256 921
1256 469
1256 200
1256 1242
1256 1032
1256 1184
1256 771
1256 380
1256 926
1256 769
1256 1054
1256 747
1256 746
1256 1061
1256 118
1256 836
1256 490
1256 293
1256 1030
1256 613
1256 865
1256 192
1256 81
1256 521
1256 993
1256 148
1256 489
1256 431
1256 706
1256 308
1256 68
1256 676
1256 794
1256 258
1256 828
1256 743
1256 343
1256 731
1256 966
1256 1203
1266 418
1266 67
1266 1079
1266 391
1266 553
1266 594
1266 159
1266 522
1266 797
1266 11
1266 224
1266 37
1266 453
1266 134
1266 1174
1266 124
1266 753
1266 1159
1266 891
1266 1059
1266 729
1266 1001
1266 304
1266 790
1266 154
1266 1127
1266 181
1266 1276
1266 853
1266 268
1266 279
1266 346
1266 820
1266 699
1266 540
1266 1192
1266 313
1266 894
1266 380
1266 1038
1266 1202
1266 598
1266 434
1266 692
1266 340
1266 999
1266 436
1266 1286
1266 876
1266 786
1266 1057
1266 266
1266 197
1266 998
1266 417
1266 603
1266 1140
1266 106
1266 880
1266 1167
1266 364
1266 677
1266 500
1266 373
1266 146
1266 82
1266 1300
1266 180
1266 1015
1266 1100
1266 795
1266 914
1266 1285
1266 142
1266 1265
1266 922
1266 233
1266 270
1266 867
1266 575
1266 745
1266 51
1266 54
1266 187
1266 882
1266 666
1266 802
1266 363
1266 719
1266 1242
1266 290
1266 43
1266 420
1266 538
1266 39
1266 261
1266 1275
1266 343
1266 1010
1266 58
1266 240
1266 244
1266 883
1266 190
1266 586
1266 809
1266 837
1266 1046
1266 571
1266 1104
1266 1049
1266 1251
1266 1132
1266 584
1266 948
1266 464
1266 899
1266 1291
1266 593
1266 1198
1266 536
1266 1053
1266 137
1266 531
1266 518
1266 720
1266 354
1266 201
1281 915
1285 1209
1285 857
1285 946
1287 704
1287 588
1287 444
1290 1038
1290 282
1290 688
1290 372
1290 666
1290 9
1290 357
1291 781
1291 490
1291 791
1291 716
1291 612
1291 770
1291 554
1291 77
1291 434
1291 958
1291 1054
1291 499
1291 1186
1291 664
1291 905
1291 1060
1291 455
1291 1115
1291 7
1291 565
1291 1021
1291 663
1291 1255
1291 338
1291 580
1291 730
1291 1210
1291 1194
1291 88
1291 1040
1291 1074
1291 385
1291 97
1291 676
1291 625
1291 798
1291 1269
1291 118
1291 343
1291 1290
1291 92
1291 887
1291 1097
1291 797
1291 892
1291 5
1297 920
1301 936
1304 543
1312 440
1320 941
1320 879
1320 312
1320 477
1320 324
1320 766
1320 902
1320 1019
1320 881
1320 505
1320 612
