17 896
17 120
17 954
17 315
17 844
17 429
17 917
17 752
17 469
17 9
17 956
17 368
17 1047
17 638
17 534
17 695
17 762
17 179
17 788
17 272
17 82
17 563
17 387
17 492
17 819
17 806
17 894
17 815
17 805
17 676
17 466
17 150
17 94
17 613
17 947
17 675
17 656
17 1131
17 209
17 437
17 6
17 106
17 199
17 349
17 430
17 767
17 538
17 955
17 192
17 979
17 542
17 849
17 461
17 529
17 803
17 473
17 778
17 654
17 687
17 893
17 1017
17 859
17 824
17 102
17 829
17 982
17 961
17 267
17 493
17 839
17 764
17 391
17 438
17 401
17 359
17 194
17 833
17 1037
17 1034
17 936
17 511
17 201
17 826
17 697
17 742
17 1044
17 262
17 768
17 464
17 266
17 658
17 636
17 989
17 428
17 875
17 758
17 809
17 606
17 344
17 523
17 246
17 671
17 321
17 8
17 207
17 313
17 420
17 1067
17 61
17 151
17 544
17 1058
17 465
17 211
17 417
17 595
17 47
17 72
17 274
17 556
17 930
17 504
17 1081
17 871
17 574
17 415
17 1024
17 224
17 594
17 680
17 766
17 163
17 593
17 81
17 719
17 1013
17 382
17 221
17 98
17 219
17 1059
17 80
17 352
17 984
17 460
17 427
17 343
17 608
17 895
17 703
17 1078
17 589
17 657
17 354
17 825
17 616
17 5
17 730
17 651
17 175
17 828
17 15
17 769
17 342
17 978
17 200
17 700
17 781
17 910
17 233
17 128
17 581
17 705
17 743
17 580
17 264
17 1
17 138
17 168
17 378
17 734
17 442
17 526
17 1053
17 165
17 586
17 1090
17 393
17 210
17 668
17 744
17 1092
17 548
17 419
17 305
17 64
17 379
17 923
17 1124
17 32
17 1055
17 247
17 1097
17 158
17 476
17 88
17 306
17 183
17 866
17 447
17 276
17 84
17 565
17 265
17 797
17 10
17 1123
17 604
17 571
17 847
17 549
17 856
17 810
17 804
17 330
17 268
17 399
17 517
17 998
17 239
17 801
17 341
17 402
17 922
17 583
17 328
17 1077
17 66
17 817
17 983
17 406
17 709
17 599
17 250
17 745
17 1096
17 610
17 289
17 1110
17 214
17 336
17 1038
17 284
17 109
17 712
17 39
17 159
17 376
17 737
17 1073
17 609
17 1074
17 115
17 852
17 449
17 958
17 546
17 45
17 1126
17 338
17 92
17 76
17 969
17 320
17 48
17 457
17 946
17 722
17 501
17 1002
17 639
17 433
17 642
17 950
17 940
17 1060
17 46
17 323
17 407
17 566
17 42
17 481
17 1022
17 487
17 485
17 166
17 720
17 698
17 152
17 83
17 107
17 59
17 932
17 765
17 796
17 245
17 690
17 879
17 907
17 458
17 869
17 976
17 822
17 147
17 155
17 970
17 195
17 275
17 770
17 999
17 182
17 1116
17 1003
17 554
17 579
17 877
17 311
17 543
17 222
17 130
17 86
17 90
17 400
17 256
17 389
17 468
17 269
17 723
17 1009
17 293
17 603
17 1095
17 133
17 345
17 445
17 1028
17 153
17 208
17 943
17 134
17 1041
17 36
17 993
17 33
17 108
17 441
17 662
17 89
17 972
17 949
17 13
17 782
17 273
17 837
17 316
17 864
17 223
17 821
17 578
17 774
17 443
17 707
17 952
17 641
17 731
17 625
17 617
17 439
17 786
17 490
17 618
17 1023
17 347
17 628
17 456
17 861
17 898
17 309
17 475
17 1014
17 375
17 632
17 54
17 974
17 494
17 12
17 1119
17 624
17 75
17 612
17 286
17 205
17 848
17 38
17 853
17 551
17 1035
17 351
17 929
17 831
17 587
17 590
17 499
17 615
17 91
17 500
17 277
17 307
17 887
17 361
17 888
17 498
17 867
17 70
17 410
17 763
17 380
17 87
17 699
17 203
17 49
17 258
17 747
17 663
17 1130
17 360
17 1098
17 596
17 928
17 114
17 324
17 326
17 696
17 44
17 204
17 287
17 914
17 2
17 1082
17 162
17 139
17 635
17 981
17 381
17 640
17 760
17 649
17 691
17 790
17 885
17 874
17 479
17 373
17 390
17 170
17 569
17 486
17 302
17 434
17 418
17 366
17 281
17 1103
17 216
17 110
17 489
17 405
17 187
17 291
17 532
17 121
17 605
17 836
17 1008
17 830
17 29
17 1093
17 74
17 785
17 377
17 564
17 348
17 572
17 357
17 34
17 140
17 1049
17 196
17 416
17 759
17 495
17 144
17 714
17 519
17 941
17 1120
17 562
17 154
17 383
17 1076
17 739
17 780
17 1118
17 248
17 99
17 937
17 684
17 621
17 726
17 813
17 678
17 1107
17 369
17 733
17 1062
17 891
17 160
17 333
17 903
17 665
17 346
17 784
17 283
17 614
17 670
17 271
17 157
17 189
17 212
17 385
17 919
17 777
17 386
17 254
17 60
17 706
17 783
17 319
17 832
17 890
17 823
17 755
17 990
17 101
17 371
17 1031
17 202
17 20
17 669
17 470
17 332
17 694
101 769
101 132
101 337
101 644
101 116
101 681
101 913
101 279
101 446
101 778
101 207
101 956
101 284
101 589
101 51
101 215
101 692
101 430
101 269
101 686
101 494
101 671
101 17
101 928
101 137
101 1103
101 582
101 636
101 433
101 426
101 1
101 87
101 695
101 949
101 588
101 283
101 1073
101 991
101 924
101 544
101 530
101 971
101 842
101 243
101 792
101 597
101 844
101 254
101 237
101 939
101 897
101 252
101 299
101 131
101 787
101 652
101 147
101 62
101 682
101 93
101 1038
101 104
101 429
101 459
101 832
101 751
101 849
101 342
101 402
101 468
101 445
101 209
101 434
101 1035
101 1039
101 828
101 418
101 759
101 44
101 188
101 654
101 370
101 903
101 159
101 563
101 905
101 592
101 997
101 641
101 349
101 663
101 258
101 143
101 893
101 23
101 423
101 981
101 910
101 218
101 285
101 509
101 806
101 583
101 556
101 371
101 235
101 367
101 138
101 891
101 471
101 743
101 777
101 158
101 791
101 1063
101 1024
101 1130
101 673
101 63
101 658
101 651
101 703
188 946
188 944
188 166
188 125
188 10
188 533
188 742
188 661
188 613
188 1079
188 28
188 223
188 1028
188 19
188 566
188 364
188 563
188 88
188 136
188 451
188 826
188 1017
188 744
188 413
188 1131
188 905
188 252
188 319
188 405
188 290
188 804
188 949
188 1075
188 183
188 757
188 1099
188 557
188 1123
188 351
188 765
188 912
188 643
188 128
188 402
188 124
188 332
188 828
188 221
188 153
188 855
188 655
188 109
188 399
188 100
188 36
188 1008
188 1122
188 32
188 513
188 724
188 567
188 706
188 298
188 41
188 1077
188 525
188 382
188 184
188 385
188 607
188 596
188 544
188 51
188 1048
188 268
188 1042
188 219
188 866
188 297
188 144
188 562
188 12
188 196
188 7
188 751
188 895
188 484
188 1044
188 644
188 636
188 803
188 387
188 333
188 576
188 979
188 244
188 950
188 769
188 625
188 991
188 749
188 68
188 1050
188 8
188 190
188 842
188 753
188 801
188 86
188 691
188 78
188 1043
188 565
188 16
188 197
188 480
188 755
188 160
188 276
188 951
188 798
188 361
188 548
188 994
188 269
188 90
188 198
188 1026
188 1053
188 501
188 422
188 670
188 545
188 1113
188 375
188 600
188 689
188 205
188 277
188 439
188 819
188 527
188 740
188 677
188 1070
188 1051
188 876
188 716
188 1107
188 569
188 684
188 1011
188 679
188 752
188 574
188 1036
188 921
188 726
188 764
188 671
188 286
188 312
188 435
188 204
188 80
188 1127
188 579
188 383
188 324
188 603
188 719
188 407
188 459
188 708
188 1037
188 347
188 632
188 486
188 723
188 114
188 695
188 1106
188 573
188 585
188 954
188 543
188 1052
188 551
188 417
188 674
188 479
188 461
188 997
188 759
188 398
188 235
188 458
188 982
188 940
188 831
188 477
188 1076
188 441
188 509
188 953
188 778
188 884
188 620
188 1018
188 847
188 878
188 147
188 425
188 354
188 248
188 1071
188 539
188 832
188 157
188 42
188 376
188 552
188 879
188 430
188 934
188 730
188 683
188 771
188 792
188 249
188 185
188 1055
188 1062
188 416
188 948
188 896
188 242
188 400
188 919
188 577
188 117
188 478
188 822
188 928
188 929
188 65
188 930
188 108
188 428
188 546
188 612
188 27
188 120
188 1038
188 163
188 941
188 717
188 247
188 652
188 507
188 1014
188 131
188 328
188 779
188 1121
188 985
188 899
188 851
188 1067
188 139
188 355
188 26
188 231
188 800
188 389
188 870
188 663
188 522
188 52
188 838
188 665
188 891
188 668
188 681
188 314
188 496
188 734
188 66
188 39
188 873
188 203
188 22
188 1100
188 176
188 602
188 816
188 213
188 113
188 1082
188 720
188 986
188 536
188 690
188 990
188 423
188 827
188 998
188 162
188 321
188 107
188 135
188 220
188 225
188 777
188 493
188 373
188 343
188 31
188 74
188 973
188 812
188 467
188 580
188 887
188 1086
188 712
188 676
188 1019
188 371
188 14
188 443
188 933
188 38
188 288
188 795
188 628
188 629
188 367
188 538
188 437
188 517
188 615
188 97
188 588
188 639
188 275
188 910
188 201
188 346
188 381
188 341
188 859
188 505
188 1033
188 1130
188 82
188 967
188 498
188 865
188 344
188 908
188 481
188 238
188 424
188 155
188 650
188 280
188 688
188 1120
188 1090
188 918
188 743
188 1124
188 1056
188 337
188 808
188 104
188 520
188 241
188 380
188 733
188 875
188 633
188 857
188 993
188 696
188 150
188 410
188 232
188 495
188 194
188 1057
188 427
188 587
188 837
188 475
188 217
188 394
188 609
188 911
188 863
188 925
188 265
188 1095
188 702
188 791
188 1005
188 77
188 705
188 98
188 180
188 450
188 550
188 914
188 541
188 890
188 516
188 920
188 901
188 474
188 781
188 18
188 1065
188 446
188 700
188 218
188 923
188 299
188 94
188 352
188 491
188 301
188 48
188 728
188 379
188 811
188 1022
188 957
188 315
188 1059
188 262
188 906
188 820
188 322
188 274
188 87
188 659
188 974
188 29
188 586
188 271
188 916
188 797
188 589
188 571
188 784
188 92
188 1047
188 932
188 971
188 230
188 206
188 718
188 73
188 818
188 300
188 961
188 63
188 50
188 750
188 892
188 701
188 406
188 782
188 34
188 1114
188 370
188 358
188 21
188 129
188 561
188 305
188 434
188 448
188 786
188 142
188 746
188 1009
188 215
188 512
188 444
188 175
188 848
188 1104
188 17
188 174
188 794
188 642
188 996
188 43
188 388
188 686
188 1118
188 761
188 868
188 167
188 47
188 694
188 947
188 597
188 308
188 952
188 983
188 436
188 1129
188 635
188 978
188 554
188 931
188 638
188 810
188 898
188 112
188 362
188 958
188 412
188 995
188 641
188 272
188 1010
188 282
188 976
188 687
188 594
188 121
188 732
188 159
188 447
188 515
188 256
188 126
188 134
188 662
188 76
188 956
188 311
188 984
188 44
188 102
188 614
188 768
188 411
188 850
188 110
188 714
188 119
188 55
188 285
188 693
188 845
188 590
188 69
188 419
188 366
188 1098
188 192
188 15
188 227
188 460
188 537
188 149
188 815
188 581
188 106
188 667
188 656
188 772
188 195
188 455
188 604
188 89
188 9
188 1031
188 532
188 152
188 320
188 473
188 584
188 917
188 91
188 95
188 137
188 943
188 621
188 116
188 619
188 790
188 937
188 165
188 207
188 456
188 53
188 673
188 835
188 246
188 83
188 989
188 115
188 721
188 610
188 489
188 575
188 259
188 133
188 470
188 368
188 578
188 894
188 263
188 99
188 582
188 186
188 1058
188 348
188 369
267 269
267 891
267 1067
267 1126
267 34
267 376
267 983
267 655
267 309
267 715
267 1064
267 562
267 873
267 678
267 1046
267 778
267 4
267 805
267 822
267 908
267 860
267 541
267 565
267 674
267 899
267 192
267 903
267 545
267 452
267 484
267 112
267 902
267 1122
267 679
267 762
267 58
267 150
267 794
267 935
267 522
267 993
267 131
267 626
267 1039
267 558
267 731
267 609
267 200
267 213
267 1123
267 830
267 651
267 282
267 624
267 138
267 97
267 882
267 1048
267 207
267 378
267 69
267 317
267 991
267 87
267 671
267 450
267 988
267 47
267 533
267 354
267 197
267 803
267 692
267 457
267 230
267 640
267 857
267 512
267 606
267 701
267 49
267 258
267 551
267 663
267 78
267 1128
267 874
267 1127
267 193
267 119
267 487
267 11
267 311
267 62
267 516
267 802
267 166
267 922
267 544
267 292
267 234
267 1074
267 885
267 20
267 7
267 972
267 734
267 301
267 367
267 517
267 303
267 369
267 875
267 152
267 179
267 1130
267 684
267 592
267 294
267 133
267 786
267 436
267 594
267 68
267 828
267 751
267 811
267 426
267 1045
267 958
267 807
267 998
267 1110
267 698
267 6
267 632
267 435
267 650
267 712
267 744
267 471
267 758
267 465
267 315
267 557
267 1054
267 126
267 295
267 604
267 218
267 209
267 216
267 747
267 534
267 733
267 263
267 563
267 1095
267 416
267 1097
267 490
267 777
267 1059
267 947
267 333
267 199
267 238
267 1038
267 72
267 476
267 798
267 76
267 402
267 361
267 1069
267 707
267 783
267 366
267 473
267 285
267 287
267 153
267 622
267 784
267 21
267 1060
267 1082
267 308
267 284
267 507
267 358
267 525
267 359
267 403
267 53
267 531
267 866
267 201
267 724
267 615
267 1035
267 792
267 298
267 833
267 1080
267 74
267 233
267 114
267 132
267 939
267 648
267 387
267 884
267 728
267 42
267 573
267 110
267 157
267 505
267 83
267 612
267 231
267 276
267 312
267 583
267 913
267 66
267 499
267 549
267 839
267 826
267 619
267 842
267 585
267 167
267 345
267 103
267 571
267 877
267 1027
267 907
267 88
267 1065
267 910
267 189
267 847
267 603
267 1028
267 931
267 530
267 254
267 410
267 100
267 752
267 952
267 569
267 202
267 194
267 215
267 808
267 956
267 472
267 578
267 831
267 1090
267 427
267 780
267 1056
267 175
267 879
267 818
267 340
267 656
267 1104
267 146
267 256
267 236
267 48
267 611
267 170
267 279
267 128
267 861
267 1022
267 556
267 1063
267 90
267 628
267 424
267 338
267 39
267 883
267 759
267 140
267 586
267 136
267 407
267 568
267 1125
267 954
267 817
267 520
267 722
267 198
267 658
267 984
267 514
267 644
267 995
267 957
267 527
267 756
267 816
267 1029
267 718
267 1018
267 313
267 526
267 1049
267 616
267 1031
267 8
267 160
267 439
267 1033
267 377
267 390
267 708
267 442
267 283
267 474
267 344
267 1113
267 978
267 466
267 248
267 475
267 543
267 2
267 936
267 115
267 261
267 54
267 1008
267 351
267 523
267 425
267 694
267 102
267 417
267 10
267 399
267 489
267 669
267 646
267 890
267 537
267 379
267 147
267 1040
267 770
267 1091
267 554
267 458
267 411
267 687
267 1124
267 766
267 867
267 486
267 959
267 737
267 275
267 468
267 384
267 721
267 1085
267 19
267 221
267 433
267 253
267 405
267 906
267 1024
267 99
267 370
267 23
267 1092
267 375
267 824
267 331
267 1026
267 493
267 1006
267 223
267 971
267 893
267 1078
267 337
267 797
267 274
267 237
267 432
267 59
267 642
267 930
267 443
267 720
267 510
267 932
267 332
267 246
267 36
267 29
267 446
267 898
267 1073
267 1023
267 1081
267 272
267 438
267 1052
267 1044
267 946
267 1034
267 1077
267 871
267 605
267 210
267 409
267 421
267 912
267 159
267 793
267 24
267 668
267 869
267 188
267 321
267 117
267 305
267 761
267 697
267 657
267 383
267 965
267 478
272 947
272 984
272 338
272 92
272 358
272 899
272 1031
272 68
279 912
279 235
279 608
279 772
279 599
279 1034
279 861
279 224
279 612
280 87
280 960
280 972
280 282
280 790
280 869
280 416
280 1058
280 659
280 3
280 136
280 1007
280 988
280 1039
280 8
280 498
280 757
280 1089
280 239
280 68
280 1131
280 569
280 1063
280 741
280 844
280 1042
280 999
280 1037
280 85
280 912
280 505
280 29
280 1059
280 1033
280 354
280 626
280 23
280 49
280 468
280 272
280 256
280 245
280 7
280 556
280 944
280 311
280 830
280 611
280 546
280 861
280 685
280 961
280 783
280 53
280 1061
280 1023
280 173
280 627
280 2
280 357
280 822
280 24
280 465
280 734
280 747
280 981
280 414
280 1054
280 312
280 524
280 143
280 886
280 628
280 439
280 428
280 1024
280 566
280 352
280 196
280 758
280 81
280 925
280 1099
280 510
280 384
280 491
280 1027
280 127
280 733
280 300
280 535
280 898
280 407
280 644
280 774
280 342
280 274
280 434
280 1056
280 73
280 904
280 403
280 298
280 41
280 1115
280 703
280 802
280 530
280 217
280 864
280 214
280 1093
280 321
280 267
280 417
280 772
280 59
280 737
280 1064
280 939
280 88
280 308
280 656
280 590
280 1129
280 98
280 195
280 849
280 752
280 652
280 1073
280 198
280 1068
280 424
280 353
280 455
280 1019
280 1017
280 1018
280 401
280 1080
280 1128
280 585
280 116
280 62
280 317
280 469
280 953
280 576
280 625
280 997
280 275
280 487
280 584
280 119
280 632
280 761
280 82
280 276
280 716
280 359
280 326
280 387
280 552
280 1104
280 130
280 948
280 215
280 816
280 261
280 661
280 419
280 700
280 583
280 1055
280 932
280 875
280 209
280 284
280 313
280 60
280 1116
280 84
280 458
280 946
280 61
280 150
280 924
280 44
280 537
280 420
280 507
280 1097
280 115
280 903
280 223
280 515
280 544
280 994
280 1003
280 402
280 797
280 155
280 176
280 562
280 451
280 793
280 489
280 836
280 349
280 719
280 597
280 231
280 977
280 820
280 410
280 139
280 586
280 840
280 577
280 495
280 923
280 605
280 930
280 859
280 235
280 1036
280 1060
280 848
280 158
280 371
280 622
280 137
280 928
280 888
280 680
280 594
280 850
280 277
280 876
280 233
280 212
280 431
280 301
280 571
280 1049
280 9
280 100
280 219
280 488
280 250
280 826
280 395
280 1112
280 246
280 409
280 20
280 189
280 124
280 1029
280 956
280 941
290 300
290 207
290 1113
290 582
290 1095
290 351
290 546
290 230
290 1059
290 486
290 943
290 1083
290 0
290 329
290 187
290 603
290 528
290 626
290 251
290 26
290 82
290 371
290 381
290 587
290 817
290 944
290 1062
290 891
290 961
290 544
290 790
290 1104
290 61
290 728
290 214
290 80
290 783
290 226
290 97
290 1022
290 11
290 785
290 630
290 385
290 23
290 533
290 77
290 408
290 877
290 47
290 767
290 384
290 704
290 806
290 1060
290 163
290 1096
290 24
290 357
290 595
290 7
290 205
290 433
290 241
290 184
290 661
290 261
290 1097
290 260
290 670
290 479
290 418
290 674
290 449
290 388
290 1040
290 951
290 957
290 732
290 1112
290 565
290 239
290 999
290 332
290 281
290 1129
290 769
290 532
290 100
290 51
290 733
290 1082
290 613
290 657
290 454
290 162
290 375
290 788
290 795
290 562
290 434
290 878
290 15
290 460
290 87
290 638
290 1121
290 1070
290 319
290 1013
290 541
290 17
290 393
290 361
290 288
290 248
290 800
290 390
290 304
290 685
290 439
290 468
290 406
290 16
290 169
290 411
290 801
290 853
290 714
290 947
290 4
290 981
290 33
290 1128
290 834
290 27
290 982
290 126
290 928
290 618
290 602
290 715
290 535
290 216
290 517
290 1046
290 311
290 956
290 337
290 709
290 880
290 561
290 585
290 218
290 639
290 573
290 908
290 1107
290 536
290 701
290 343
290 1041
290 1076
290 235
290 150
290 826
290 368
290 447
290 520
290 164
290 175
290 446
290 485
290 663
290 107
290 322
290 457
290 445
290 435
290 781
290 10
290 996
290 455
290 295
290 372
290 740
290 1078
290 852
290 119
290 574
290 223
290 153
290 59
290 1114
290 1003
290 76
290 614
290 963
290 620
290 760
290 548
290 387
290 1108
290 632
290 946
290 396
290 1068
290 195
290 267
290 422
290 220
290 66
290 930
290 196
290 554
290 924
290 522
290 593
290 341
290 860
290 913
290 280
290 859
290 398
290 556
290 1054
290 224
290 94
290 607
290 808
290 503
290 865
290 991
290 20
290 265
290 309
290 465
290 29
290 791
290 918
290 497
290 83
290 145
290 787
290 871
290 505
290 804
290 964
290 95
290 779
290 279
290 529
290 437
290 914
290 1063
290 651
290 136
290 70
290 103
290 176
290 1027
290 489
290 366
290 1110
290 313
290 825
290 584
290 619
290 65
290 920
290 955
290 662
290 424
290 476
290 358
290 346
290 792
290 64
290 759
290 1080
290 763
290 682
290 842
290 106
290 926
290 144
290 275
290 627
290 62
290 331
290 515
290 953
290 193
290 671
290 370
290 414
290 669
290 174
290 323
290 884
290 413
290 263
290 86
290 681
290 1124
290 830
290 211
290 466
290 686
290 716
290 761
290 98
290 1009
290 905
290 301
290 52
290 939
290 194
290 166
290 365
290 643
290 886
290 940
290 430
290 1077
290 116
290 579
290 356
290 1043
290 425
290 1127
290 912
290 843
290 298
290 988
290 1081
290 342
290 882
290 1006
290 693
290 273
290 108
290 786
290 40
290 752
290 201
290 141
290 317
290 302
290 30
290 993
290 1035
290 81
290 269
290 491
290 697
290 1130
290 326
290 1001
290 2
290 848
290 185
290 285
290 501
290 679
290 423
290 766
290 711
290 115
290 660
290 198
290 985
290 1048
290 1123
290 744
290 577
290 949
290 340
290 858
290 448
290 19
290 461
290 1064
290 706
290 778
290 524
290 12
290 1073
290 835
290 683
290 289
290 751
290 700
290 167
290 303
290 245
290 719
290 138
290 1061
290 621
290 90
290 415
290 474
290 1091
290 935
290 50
290 917
290 362
290 271
290 1069
290 667
290 658
290 983
290 478
290 336
290 899
290 605
290 109
290 13
290 849
290 885
290 507
290 499
290 188
290 813
290 867
290 142
290 221
290 723
290 389
290 247
290 231
290 828
290 412
290 34
290 296
290 54
290 642
290 936
290 84
290 45
290 1086
290 75
290 1047
290 401
290 1125
290 22
290 590
290 796
290 462
290 146
290 780
290 606
290 429
290 117
290 179
290 827
290 102
290 246
290 836
290 857
290 900
290 240
290 41
290 832
290 443
290 495
290 492
290 297
290 417
290 656
290 705
290 1119
290 1019
290 159
290 1017
290 907
290 330
290 578
290 850
290 647
290 209
290 1058
290 1018
290 666
290 134
290 96
290 718
290 157
290 1031
290 950
290 99
290 132
290 88
290 315
290 526
290 699
290 898
290 286
290 124
290 712
290 807
290 1026
290 484
290 839
290 770
290 782
290 1015
290 1028
290 39
290 274
290 636
290 312
290 1005
290 1020
290 634
290 131
290 707
290 510
290 802
290 845
290 1024
290 405
290 972
290 212
290 1002
290 777
290 923
290 954
290 569
290 202
290 233
290 1072
290 628
290 847
290 438
290 818
290 25
290 262
290 197
290 921
290 60
290 3
290 1075
290 641
290 151
290 611
290 875
290 977
290 404
290 72
290 254
290 483
290 504
290 622
290 610
290 929
290 973
290 962
290 691
290 272
290 420
290 283
290 729
290 320
290 753
290 876
290 978
290 93
290 1056
290 394
290 1092
290 391
290 997
290 583
290 941
290 450
290 1122
290 695
290 689
290 222
290 970
291 1019
291 21
291 125
291 361
291 25
291 131
291 203
291 611
291 1068
291 668
291 530
291 1046
291 682
291 452
291 651
291 103
291 454
291 261
291 680
291 312
291 631
291 388
291 192
291 633
291 662
291 675
291 87
291 333
291 786
291 933
291 323
291 132
291 276
291 824
291 709
291 1124
291 1082
291 387
291 221
291 456
291 848
291 63
291 1034
291 263
291 234
291 306
291 196
291 711
291 401
291 574
291 483
291 646
291 490
291 179
291 328
291 118
291 307
291 95
291 1016
291 917
291 589
291 964
291 678
291 1029
291 746
291 136
291 666
291 202
291 1129
291 340
291 916
291 353
291 4
291 642
291 923
291 913
291 749
291 727
291 972
291 901
291 532
291 792
291 582
291 50
291 405
291 833
291 756
291 688
291 1130
291 249
291 598
291 191
291 414
291 227
291 685
291 826
291 1113
291 772
291 90
291 849
291 180
291 350
291 114
291 19
291 977
291 15
291 240
291 681
291 237
291 431
291 608
291 743
291 1031
291 1032
291 566
291 650
291 1064
291 418
291 735
291 565
291 783
291 594
291 487
291 200
291 1059
291 717
291 344
291 400
291 12
291 1063
291 493
291 332
291 82
291 470
291 70
291 995
291 836
291 373
291 228
291 516
291 78
291 1048
291 165
291 843
291 232
291 6
291 850
291 30
291 1052
291 1096
291 732
291 1128
291 509
291 963
291 389
291 859
291 978
291 948
291 458
291 524
291 561
291 799
291 576
291 967
291 570
291 818
291 1003
291 591
291 545
291 956
291 41
291 424
291 695
291 223
291 949
291 497
291 380
291 236
291 567
291 986
291 958
291 86
291 193
291 981
291 178
291 393
291 190
291 571
291 866
291 562
291 954
291 629
291 176
291 345
291 999
291 669
291 763
291 346
291 835
291 226
291 980
291 72
291 914
291 898
291 182
291 396
291 14
291 27
291 644
291 185
291 700
291 1116
291 60
291 1060
291 960
291 463
291 88
291 819
291 17
291 391
291 295
291 782
291 1009
291 362
291 698
291 173
291 194
291 1106
291 268
291 705
291 1089
291 79
291 1075
291 372
291 461
291 840
291 679
291 1008
291 316
291 944
291 269
291 658
291 879
291 581
291 991
291 130
291 1017
291 215
291 726
291 212
291 827
291 358
291 155
291 285
291 371
291 722
291 349
291 108
291 29
291 430
291 59
291 1030
291 853
291 1107
291 593
291 33
291 255
291 147
291 329
291 148
291 504
291 885
291 791
291 356
291 801
291 242
291 895
291 235
291 469
291 1023
291 517
291 884
291 812
291 1099
291 406
291 510
291 1091
291 597
291 794
291 80
291 420
291 626
291 11
291 552
291 278
291 767
291 1105
291 535
291 398
291 837
291 621
291 244
291 723
291 432
291 862
291 1015
291 101
291 294
291 319
291 337
291 941
291 267
291 1018
291 465
291 123
291 104
291 998
291 153
291 932
291 513
291 83
291 198
291 804
291 1011
291 58
291 129
291 138
291 551
291 435
291 241
291 969
291 486
291 887
291 239
291 943
291 820
291 45
291 23
291 719
291 1088
291 693
291 506
291 813
291 260
291 37
291 865
291 720
291 900
291 1040
291 258
291 924
291 109
291 795
291 997
291 703
291 360
291 996
291 73
291 390
291 370
291 238
291 625
291 44
291 210
291 92
291 1122
291 712
291 640
291 445
291 464
291 952
291 53
291 89
291 441
291 189
291 550
291 1047
291 979
291 587
291 459
291 140
291 280
291 499
291 554
291 167
291 781
291 1103
291 302
291 1044
291 1028
291 348
291 231
291 838
291 443
291 183
291 638
291 485
291 304
291 573
291 251
291 568
291 798
291 254
291 39
291 533
291 321
291 10
291 166
291 298
291 994
291 945
291 1024
291 272
291 51
291 583
291 889
291 920
291 632
291 588
291 308
291 52
291 383
291 716
291 1049
291 43
291 112
291 601
291 67
291 404
291 1065
291 1000
291 64
291 1081
291 336
291 351
291 869
291 946
291 527
291 537
291 641
291 105
291 1126
291 627
291 299
291 184
291 890
291 287
291 127
291 951
291 472
291 926
291 3
291 539
291 151
291 1077
291 661
291 365
291 788
291 1027
291 394
291 713
291 590
291 1036
291 206
291 684
291 496
291 152
291 503
291 823
291 498
291 697
291 20
291 297
291 612
291 882
291 982
291 603
291 654
291 595
291 248
291 233
291 925
291 413
291 870
291 369
291 936
291 575
291 777
291 718
291 922
291 548
291 317
291 555
291 983
291 701
291 811
291 145
291 135
291 288
291 950
291 1092
291 731
291 1051
291 1073
291 1005
291 230
291 744
291 169
291 990
291 937
291 309
291 13
291 928
291 313
291 335
291 741
291 976
291 410
291 808
291 649
291 444
291 411
291 676
291 689
291 648
291 605
291 845
291 425
291 289
291 366
291 1083
291 188
291 355
291 377
291 408
291 386
291 359
291 1085
291 764
291 737
291 867
291 528
291 962
291 484
291 769
291 501
291 514
291 347
291 310
291 839
291 448
291 728
291 303
291 161
291 1090
291 246
291 708
291 779
291 1067
291 721
291 671
291 162
291 438
291 863
291 647
291 931
291 368
291 919
291 894
291 906
291 7
291 897
291 660
291 407
291 195
291 1121
291 1014
291 331
291 1071
291 670
291 322
291 714
291 778
291 274
291 1119
291 1020
291 1066
291 305
291 929
291 40
291 146
291 557
291 966
291 851
291 760
291 199
291 217
291 610
291 0
291 174
291 343
291 1025
291 613
291 549
291 525
291 1026
291 159
291 585
291 785
291 224
291 157
291 1070
291 616
291 1037
291 655
291 520
291 1013
291 842
291 742
291 580
291 807
291 615
291 76
291 686
291 899
291 970
291 455
291 446
291 704
291 271
291 511
291 143
291 160
449 157
449 979
449 617
449 732
449 1126
449 429
449 398
449 424
449 243
449 1036
449 976
449 205
449 1057
449 135
449 492
449 496
449 32
449 528
449 202
449 408
449 1131
449 920
449 896
449 928
449 843
449 353
449 254
449 364
449 456
449 1129
449 1089
449 167
449 1042
449 1078
449 468
449 236
449 80
449 249
449 43
449 874
449 177
449 107
449 719
449 700
449 316
449 950
449 821
449 161
449 982
449 781
449 797
449 823
449 422
449 390
449 361
449 365
449 1117
449 1005
449 413
449 772
449 1053
449 703
449 0
449 783
449 973
449 1051
449 746
449 937
449 333
449 63
449 621
449 428
449 368
449 148
449 730
449 478
449 1125
449 195
449 778
449 549
449 638
449 444
449 477
449 467
449 469
449 759
449 244
449 729
449 54
449 536
449 1064
449 87
449 965
449 762
449 933
449 967
449 707
449 145
449 497
449 91
449 640
449 146
449 866
449 2
449 13
449 860
449 1072
449 267
449 779
449 50
449 459
449 567
449 206
449 813
449 1088
449 654
449 711
449 588
449 533
449 189
449 374
449 1027
449 512
449 752
449 1130
449 278
449 880
449 989
449 748
449 608
449 690
449 200
449 897
449 1106
449 1048
449 825
449 355
449 290
449 498
449 45
449 665
449 853
449 959
449 331
449 350
449 626
449 921
449 82
449 176
449 932
449 593
449 855
449 366
449 414
449 237
449 516
449 646
449 1098
449 1046
449 1116
449 514
449 925
449 147
449 535
449 266
449 613
449 969
449 908
449 221
449 356
449 524
449 559
449 211
449 733
449 46
449 432
449 914
449 403
449 288
449 971
449 984
449 713
449 607
449 336
449 158
449 1083
449 691
478 651
478 1115
478 698
478 133
478 714
478 1009
478 450
478 994
478 647
478 784
478 130
478 458
478 818
478 511
478 532
478 764
478 176
478 624
478 1037
478 590
478 1031
478 684
478 555
478 390
478 361
478 579
478 867
478 298
478 100
478 970
478 155
478 543
478 1121
478 65
478 774
478 1090
478 899
478 561
478 315
478 273
478 338
478 274
478 960
478 998
478 43
478 974
478 621
478 372
478 643
478 326
478 192
478 1
478 836
478 892
478 369
478 782
478 742
478 191
478 420
478 539
478 239
478 1038
478 427
478 1026
478 263
478 375
478 566
478 1062
478 294
478 452
478 290
478 386
478 905
478 830
478 379
478 524
478 385
478 469
478 173
478 260
478 794
478 116
478 359
478 128
478 301
478 851
478 1019
478 802
478 376
478 679
478 285
478 94
478 869
478 284
478 640
478 1020
478 4
478 63
478 536
478 451
478 989
478 258
478 209
478 926
478 689
478 578
478 865
478 399
478 1104
478 1055
478 871
478 333
478 226
478 306
478 340
478 671
478 952
478 1044
478 470
478 26
478 367
478 29
478 1096
478 154
478 309
478 188
478 303
478 896
478 745
478 705
478 444
478 490
478 182
478 47
478 49
478 1027
478 136
478 235
478 620
478 313
478 286
478 776
478 139
478 124
478 724
478 609
478 948
478 98
478 685
478 1078
478 919
478 885
478 366
478 629
478 839
478 161
478 978
478 852
478 525
478 833
478 662
478 528
478 870
478 1071
478 30
478 380
478 364
478 614
478 997
478 17
478 913
478 939
478 828
478 723
478 498
478 708
478 542
478 682
478 146
478 1029
478 569
478 697
478 87
478 202
478 594
478 517
478 1073
478 739
478 717
478 1123
478 433
478 672
478 370
478 1030
478 1070
478 120
478 1077
478 605
478 324
478 949
478 983
478 383
478 743
478 81
478 1131
478 194
478 576
478 568
478 1097
478 491
478 652
478 912
478 1048
478 832
478 476
478 88
478 212
478 1018
478 712
478 1013
478 15
478 232
478 964
478 744
478 984
478 641
478 1095
478 269
478 658
478 9
478 1122
478 505
478 403
478 809
478 250
478 935
478 1103
478 734
478 731
478 214
478 54
478 740
478 860
478 981
478 554
478 321
478 803
478 204
478 404
478 857
478 276
478 686
478 1119
478 886
478 51
478 692
478 237
478 198
478 1125
478 804
478 129
478 504
478 575
478 261
478 999
478 1065
478 259
478 520
478 930
478 84
478 429
478 457
478 446
478 632
478 489
478 660
478 625
478 1113
478 644
478 119
478 678
478 34
478 587
478 1042
478 300
478 1069
478 477
478 1005
478 189
478 483
478 878
478 513
478 341
478 1064
478 571
478 628
478 3
478 438
478 674
478 12
478 218
478 351
478 507
478 875
478 231
478 1124
478 175
478 702
478 207
478 769
478 411
478 493
478 1028
478 322
478 770
478 843
478 831
478 1091
478 667
478 842
478 534
478 1098
478 163
478 330
478 343
478 486
478 893
478 291
478 996
478 461
478 353
478 850
478 7
478 551
478 329
478 947
478 622
478 499
478 888
478 400
478 783
478 810
478 492
478 24
478 785
478 66
478 271
478 165
478 169
478 344
478 1092
478 988
478 224
478 514
478 639
478 331
478 131
478 928
478 849
478 112
478 283
478 1080
478 230
478 855
478 759
478 1117
478 143
478 977
478 874
478 396
478 703
494 1066
494 979
494 798
494 999
494 443
494 532
494 1081
494 158
494 774
494 503
494 1048
494 70
494 835
494 188
494 550
494 707
494 498
494 46
494 1071
494 487
494 106
494 65
494 929
494 243
494 135
494 87
494 274
494 814
494 101
494 125
494 441
494 937
494 1108
494 1089
494 220
494 433
494 805
494 946
494 254
494 323
494 926
494 679
494 32
494 6
494 489
494 654
494 648
494 82
494 602
494 604
494 548
494 435
494 1098
494 708
494 60
494 381
494 727
494 410
494 130
494 867
494 865
494 642
494 566
494 516
494 537
494 374
494 879
494 39
494 373
494 4
494 456
494 445
494 803
494 547
494 890
494 75
494 1090
494 1113
494 137
494 1001
494 1128
494 829
494 112
494 271
494 1064
494 852
494 0
494 767
494 418
494 535
494 830
494 801
494 524
494 698
494 172
494 149
494 1062
494 97
494 724
494 557
494 411
494 236
494 346
494 815
494 136
494 428
494 303
494 562
494 94
494 1122
494 1060
494 912
494 144
494 204
494 757
494 117
494 325
494 238
494 103
494 661
494 313
494 157
494 1063
494 820
494 1058
494 477
494 1043
494 694
494 335
494 993
494 165
494 788
494 290
494 305
494 686
494 184
494 887
494 924
494 213
494 822
494 584
494 332
494 546
494 10
494 563
494 984
494 954
494 269
494 832
494 793
494 894
494 201
494 744
494 631
494 439
494 62
494 259
494 526
494 76
494 109
494 298
494 198
494 748
494 754
494 712
494 431
494 288
494 920
494 331
494 53
494 347
494 997
494 1045
494 275
494 401
494 145
494 898
494 957
494 996
494 276
494 741
494 394
494 454
494 1002
494 260
494 7
494 99
494 676
494 565
494 811
494 882
494 818
494 224
494 244
494 850
494 522
494 634
494 998
494 845
494 959
494 1031
494 457
494 283
494 333
494 940
494 282
494 721
494 289
494 868
494 1078
494 356
494 402
494 1036
494 864
494 64
494 559
494 942
494 1013
494 352
494 358
494 705
494 304
494 222
494 876
494 395
494 939
494 1028
494 306
494 40
494 231
494 831
494 287
494 127
494 1041
494 640
494 378
494 869
494 751
494 336
494 13
494 495
494 772
494 424
494 502
494 316
494 169
494 108
494 179
494 700
494 809
494 345
494 752
494 797
494 2
494 659
494 104
494 655
494 848
494 794
494 625
494 1054
494 952
494 153
494 795
494 662
494 572
494 571
494 481
494 470
494 807
494 684
494 981
494 594
494 846
494 847
494 695
494 729
494 943
494 423
494 227
494 113
494 564
494 442
494 19
494 885
494 1057
494 512
494 923
494 1069
494 1129
494 468
494 1091
494 870
494 1037
494 1103
494 73
494 9
494 26
494 102
494 80
494 196
494 396
494 598
494 743
494 539
494 120
494 825
494 955
494 746
494 465
494 994
494 510
494 932
494 152
494 412
494 583
494 91
494 452
494 944
494 586
494 839
494 121
494 635
494 1097
494 320
494 958
494 545
494 1119
494 248
494 587
494 338
494 609
494 129
494 918
494 919
494 515
494 406
494 723
494 92
494 666
494 714
494 51
494 567
494 300
494 142
494 657
494 871
494 11
494 119
494 1077
494 354
494 649
494 324
494 511
494 237
494 25
494 951
494 490
494 23
494 717
494 745
494 764
494 96
494 20
494 1050
494 762
494 459
494 517
494 519
494 663
494 1085
494 126
494 368
494 216
494 1033
494 1086
494 665
494 1121
494 1059
494 390
494 935
494 180
494 692
494 989
494 575
494 966
494 1088
494 863
494 599
494 1044
494 426
494 897
494 1026
494 836
494 1105
494 479
494 646
494 58
494 976
494 693
494 577
494 256
494 580
494 953
494 614
494 399
494 317
494 620
494 554
494 760
494 361
494 42
494 90
494 492
494 630
494 488
494 971
494 525
494 1020
494 432
494 544
494 194
494 348
494 449
494 843
494 528
494 261
494 463
494 761
494 349
494 806
494 29
494 568
494 266
494 804
494 98
494 687
494 422
494 933
494 33
494 647
494 1116
494 81
494 1039
494 233
494 593
494 1038
494 183
494 446
494 1130
494 197
494 558
494 34
494 309
494 50
494 12
494 1029
494 43
494 311
494 886
494 758
494 327
494 569
494 350
494 1067
494 866
494 115
494 697
494 716
494 1014
494 1096
494 787
494 611
494 314
494 1125
494 1065
494 279
494 688
494 768
494 294
494 438
494 1030
494 273
494 505
494 391
494 605
494 434
494 732
494 913
494 873
494 1127
494 541
494 718
494 1005
494 242
494 520
494 484
494 786
494 930
494 420
494 417
494 670
494 24
494 128
494 683
494 462
494 173
494 195
494 367
494 1003
494 1109
494 701
494 888
494 677
494 523
494 427
494 799
494 561
494 1051
494 1017
494 527
494 400
494 208
494 307
494 651
494 61
494 1126
494 116
494 284
494 496
494 264
494 277
494 351
494 965
494 55
494 321
494 856
494 312
494 840
494 755
494 769
494 781
494 733
494 607
494 914
494 1049
494 791
494 739
494 1034
494 857
494 63
494 1093
494 414
494 813
494 444
494 785
494 719
494 1115
494 319
494 977
494 448
494 466
494 644
494 980
494 486
494 295
494 1061
494 83
494 903
494 240
494 45
494 628
494 455
494 783
494 985
494 597
494 161
494 247
494 162
494 1023
494 447
494 18
494 728
494 467
494 622
494 369
494 232
494 988
494 292
494 875
494 638
494 1068
494 643
494 726
494 1124
494 556
494 199
494 210
494 618
494 765
494 624
494 415
494 308
494 713
494 302
494 1095
494 802
494 681
494 461
494 660
494 74
494 355
494 249
494 375
494 15
494 291
494 146
494 901
494 970
599 848
599 186
599 837
599 985
599 829
599 613
599 450
599 210
599 495
599 461
599 233
599 289
599 344
599 979
599 779
599 439
599 360
599 173
599 1110
599 485
599 189
599 61
599 96
599 346
599 813
599 1095
599 124
599 383
599 491
599 514
599 236
599 9
599 451
599 117
599 772
599 878
599 769
599 412
599 532
599 668
599 558
599 42
599 41
599 406
599 797
599 947
599 107
599 911
599 1040
599 125
599 27
599 426
599 8
599 94
599 526
599 101
599 954
599 134
599 976
599 544
599 278
599 20
599 260
599 1050
599 139
599 55
599 771
599 1036
599 287
599 244
599 137
599 427
599 1059
599 964
599 723
599 902
599 1031
599 638
599 620
599 1014
599 85
599 522
599 516
599 932
599 949
599 1089
599 280
599 810
599 629
599 853
599 554
599 801
599 308
599 512
599 982
599 866
599 826
599 908
599 714
599 822
599 199
599 1035
599 1049
599 304
599 336
599 5
599 799
599 128
599 945
599 650
599 836
599 395
599 359
599 273
599 330
599 950
599 81
599 504
599 206
599 903
599 594
599 805
599 780
599 764
599 1098
599 285
599 311
599 11
599 926
599 3
599 492
599 497
599 348
599 1078
599 147
599 391
599 176
599 168
599 399
599 354
599 989
599 6
599 608
599 1080
599 921
599 1019
599 695
599 1054
599 1061
599 995
599 78
599 794
599 930
599 660
599 275
700 89
700 840
700 864
700 110
700 32
700 1005
700 385
700 337
700 842
700 209
700 587
700 87
700 477
700 511
700 133
700 223
700 478
700 900
700 296
700 138
700 347
700 393
700 499
700 231
700 1095
700 218
700 12
700 80
700 541
700 176
700 282
700 130
700 795
700 575
700 569
700 41
700 1048
700 982
700 254
700 1123
700 522
700 1035
700 928
700 27
700 465
700 335
700 1003
700 104
700 678
700 1129
700 37
700 4
700 594
700 606
700 1077
700 794
700 808
700 552
700 961
700 204
700 997
700 134
700 1000
700 600
700 1113
700 652
700 683
700 880
700 612
700 251
700 550
700 226
700 528
700 293
700 372
700 876
700 476
700 957
700 1002
700 313
700 813
700 721
700 622
700 422
700 170
700 1014
700 846
700 770
700 298
700 457
700 444
700 294
700 592
700 1004
700 78
700 554
700 662
700 706
700 30
700 409
700 702
700 628
700 405
700 995
700 851
700 724
700 564
700 621
700 590
700 604
700 929
700 1078
700 26
700 895
700 855
700 903
700 1069
700 856
700 220
700 981
700 585
700 355
700 1103
700 166
700 684
700 1023
700 490
700 620
700 852
700 802
700 283
700 330
700 142
700 412
700 812
700 38
700 395
700 610
700 175
700 74
700 769
700 822
700 432
700 431
700 424
700 695
700 946
700 469
700 461
700 343
700 1022
700 830
700 638
700 128
700 1063
700 480
700 834
700 1130
700 235
700 504
700 797
700 446
700 326
700 574
700 151
700 818
700 434
700 944
700 386
700 351
700 159
700 516
700 963
700 65
700 112
700 360
700 675
700 333
700 366
700 44
700 317
700 679
700 322
700 688
700 354
700 268
700 1
700 1066
700 571
700 904
700 858
700 788
700 1091
700 860
700 1045
700 302
700 1015
700 1009
700 1020
700 1042
700 361
700 868
700 420
700 733
700 680
700 154
700 9
700 827
700 1080
700 867
700 960
700 582
700 221
700 1013
700 1105
700 743
700 563
700 115
700 341
700 1006
822 53
822 112
822 312
822 897
822 642
822 86
822 834
822 771
822 234
822 1110
822 462
822 192
822 693
822 712
822 145
822 140
822 496
822 1125
822 15
822 907
822 684
822 1044
822 958
822 766
822 427
822 887
822 410
822 842
822 861
822 671
822 218
822 879
822 852
822 978
822 504
822 1117
822 583
822 906
822 728
822 539
822 491
822 1075
822 829
822 960
822 1067
822 1113
822 333
822 434
822 1124
822 154
822 813
822 1102
822 224
822 313
822 393
822 874
822 637
822 724
822 893
822 911
822 352
822 565
822 1046
822 329
822 245
822 322
822 182
822 244
822 981
822 1062
822 194
822 396
822 93
822 282
822 980
822 103
822 733
822 802
822 635
822 677
822 864
822 36
822 183
822 774
822 185
822 174
822 438
822 1080
822 368
822 369
822 256
822 1082
822 595
822 203
822 787
822 414
822 972
822 21
822 853
822 294
822 665
822 1071
822 341
822 310
822 153
822 939
822 985
822 13
822 1065
822 9
822 1131
822 953
822 366
822 983
822 930
822 348
822 778
822 144
822 932
822 403
822 1073
822 823
822 591
822 248
822 467
822 755
822 371
822 955
822 1107
822 621
822 538
822 99
822 959
822 74
822 536
822 208
822 969
822 904
822 173
822 459
822 51
822 590
822 555
822 812
822 646
822 804
822 105
822 542
822 828
822 830
822 572
822 175
822 189
822 494
822 423
822 169
822 605
822 214
822 991
822 510
822 1033
822 466
822 261
822 436
822 1100
822 43
822 115
822 478
822 746
822 284
822 535
822 452
822 962
822 705
822 285
822 188
822 290
822 866
822 155
822 1122
822 825
822 1048
822 1089
822 139
822 237
822 343
822 507
822 50
822 1078
822 381
822 59
822 394
822 837
822 167
822 429
822 460
822 660
822 1003
822 23
822 889
822 1022
822 1097
822 16
822 201
822 753
822 262
822 516
822 936
822 1009
822 873
822 344
822 437
822 675
822 839
822 792
822 964
822 580
822 851
822 1037
822 119
822 760
822 1010
822 568
822 398
822 474
822 1105
822 133
822 616
822 1041
822 947
822 770
822 749
822 1039
822 997
822 485
822 446
822 157
822 561
822 895
822 473
822 528
822 935
822 922
822 136
822 899
822 114
822 683
822 993
822 537
822 134
822 48
822 61
822 680
822 90
822 747
822 913
822 798
822 1109
822 827
822 1053
822 691
822 761
822 219
822 826
822 556
822 606
822 943
822 213
822 450
822 690
822 701
822 1008
822 748
822 807
822 908
822 1099
822 399
822 1061
822 678
822 949
822 670
822 1083
822 626
822 545
822 994
822 744
822 18
822 472
822 444
822 585
822 228
822 891
822 740
822 49
822 469
822 300
822 291
822 176
822 362
822 277
822 743
822 417
822 1005
822 388
822 800
822 912
822 162
822 210
822 330
822 917
822 1035
822 483
822 101
822 688
822 109
822 332
822 894
822 187
822 179
822 107
822 1123
822 272
822 613
822 147
822 832
822 1060
822 805
822 952
822 72
822 1086
822 110
822 652
822 1014
822 777
822 259
822 76
822 91
822 630
822 730
822 643
822 137
822 609
822 296
822 713
822 990
822 905
822 532
822 246
822 492
822 1059
822 1034
822 817
822 46
822 28
822 697
822 734
822 699
822 793
822 875
822 464
822 619
822 989
822 682
822 184
822 42
822 233
822 526
822 47
822 622
822 274
822 948
822 232
822 316
822 202
822 869
822 731
822 1055
822 158
822 768
822 878
822 857
822 299
822 125
822 87
822 695
822 554
822 563
822 721
822 970
822 19
822 143
822 433
822 30
822 576
822 759
822 11
822 351
822 801
822 275
822 426
822 624
822 207
822 283
822 543
822 809
822 94
822 931
822 430
822 195
822 562
822 1015
822 865
822 984
822 406
822 727
822 461
822 471
822 197
822 596
822 527
822 254
822 258
822 577
822 610
822 815
822 614
822 666
822 669
822 84
822 788
822 584
822 347
822 271
822 126
822 336
822 127
822 988
822 598
822 441
822 451
822 1042
822 263
822 249
822 849
822 615
822 843
822 353
822 131
822 268
822 411
822 231
822 668
822 151
822 940
822 529
822 742
822 1045
822 376
822 681
822 222
822 838
822 782
822 121
822 391
822 582
822 85
822 995
822 806
822 415
822 63
822 820
822 1092
822 1090
822 412
822 656
822 168
822 644
822 924
822 301
822 60
822 65
822 689
822 499
822 6
822 779
822 918
822 819
822 295
822 937
822 589
822 654
822 321
822 64
822 663
822 524
822 26
822 443
822 890
822 1126
822 370
822 974
822 77
822 661
822 1116
822 1050
822 250
822 445
822 165
822 703
822 378
822 238
822 481
822 1076
822 124
822 389
822 442
822 10
822 944
822 586
822 541
822 193
822 946
822 719
822 80
822 320
822 686
822 1
822 108
822 372
822 762
822 116
822 769
822 794
822 968
822 1129
822 199
822 242
822 702
822 117
822 422
822 106
822 1096
822 331
822 20
822 513
822 818
822 68
822 230
822 424
822 628
822 209
822 96
822 639
822 1056
822 631
822 871
822 735
822 885
822 525
822 574
822 276
822 407
822 757
822 17
822 356
822 498
822 929
822 293
822 359
822 27
822 523
822 1030
822 380
822 923
822 588
822 816
822 337
822 273
822 776
822 914
822 73
870 471
870 924
870 105
870 504
870 714
870 884
870 662
870 1099
870 66
870 906
870 654
870 947
870 1051
870 964
870 167
870 163
870 851
870 361
870 129
870 713
870 818
870 994
870 979
870 516
870 395
870 290
870 265
870 602
870 354
870 76
870 132
870 849
870 530
870 473
870 362
870 629
870 345
870 114
870 756
870 634
870 340
870 166
870 35
870 696
870 1006
870 1014
870 1078
870 740
870 655
870 43
870 514
870 109
870 1013
870 502
870 183
870 33
870 193
870 221
870 1113
870 944
870 526
870 34
870 275
870 240
870 329
870 466
870 155
870 179
870 802
870 515
870 892
870 214
870 1093
870 477
870 513
870 732
870 1017
870 1130
870 99
870 686
870 671
870 970
870 585
870 804
870 1069
870 850
870 1076
870 416
870 59
870 1097
870 374
870 262
870 829
870 875
870 597
870 517
870 1031
870 718
870 351
870 478
870 249
870 389
870 160
870 1009
870 605
870 800
870 584
870 215
870 245
870 400
870 285
870 1112
870 26
870 187
870 721
870 430
870 833
870 853
870 760
870 337
870 201
870 98
870 562
870 336
870 855
870 651
870 997
870 583
870 827
870 1044
870 758
870 717
870 1037
870 452
870 919
870 620
870 860
870 1027
870 647
870 428
870 306
870 369
870 761
870 195
870 856
870 272
870 835
870 91
870 861
870 1131
870 891
870 1059
870 848
870 527
870 433
870 263
870 960
870 273
870 568
870 753
870 918
870 528
870 959
870 355
870 293
870 873
870 1062
870 954
870 1039
870 1108
870 326
870 1067
870 663
870 15
870 889
870 184
870 644
870 747
870 207
870 816
870 565
870 4
870 909
870 930
870 640
870 563
870 241
870 1064
870 291
870 136
870 186
870 10
870 371
870 878
870 1110
870 1115
870 280
870 19
870 411
870 344
870 410
870 735
870 1104
870 491
870 353
870 702
870 691
870 39
870 277
870 202
870 784
870 592
870 126
870 1060
870 792
870 36
870 378
870 1096
870 347
870 228
870 926
870 48
870 666
870 774
870 593
870 668
870 437
870 1020
870 343
870 626
870 825
870 511
870 1019
870 69
870 929
870 498
870 316
870 883
870 1127
870 535
870 24
870 21
870 227
870 1042
870 936
870 1092
870 493
870 731
870 458
870 63
870 1058
870 586
870 295
870 110
870 650
870 857
870 182
870 372
870 571
870 380
870 175
870 302
870 40
870 877
870 896
870 811
870 673
870 203
870 680
870 9
870 49
870 495
870 276
870 474
870 1077
870 1040
870 755
870 573
870 674
870 1029
870 172
870 766
870 612
870 688
870 299
870 1041
870 464
870 242
870 296
870 78
870 501
870 912
870 28
870 1003
870 423
870 719
870 379
870 459
870 465
870 139
870 598
870 830
870 785
870 575
870 1018
870 51
870 858
870 333
870 643
870 135
870 512
870 64
870 1071
870 813
870 826
870 239
870 706
870 470
870 244
870 254
870 443
870 803
870 476
870 901
870 446
870 82
870 209
870 173
870 659
870 143
870 308
870 734
870 561
870 1095
870 230
870 837
870 1052
870 905
870 788
870 862
870 317
870 622
870 899
870 865
870 699
870 595
870 364
870 189
870 955
870 65
870 309
870 287
870 1123
870 786
870 1128
870 381
870 188
870 450
870 208
870 880
870 904
870 274
870 219
870 1045
870 1098
870 578
870 777
870 248
870 903
870 1124
870 218
870 943
870 764
870 532
870 695
870 342
870 1083
870 819
870 426
870 226
870 212
870 556
870 744
870 746
870 587
870 776
870 164
870 1079
870 557
870 169
870 842
870 261
870 357
870 185
870 874
870 543
870 888
870 931
870 675
870 749
870 1125
870 1000
870 541
870 298
870 551
870 742
870 694
870 781
870 894
870 258
870 1086
870 259
870 751
870 564
870 656
870 614
870 869
870 638
870 779
870 17
870 238
870 1033
870 223
870 618
870 1038
870 864
870 698
870 986
870 130
870 703
870 572
870 1120
870 60
870 420
870 264
870 133
870 499
870 406
870 388
870 161
870 117
870 836
870 54
870 266
870 88
870 933
870 217
870 1089
870 577
870 1048
870 991
870 807
870 1055
870 1053
870 885
870 582
870 150
870 101
870 743
870 610
870 216
870 13
870 490
870 999
870 733
870 1118
870 642
870 708
870 438
870 770
870 415
870 197
870 989
870 12
870 191
870 739
870 913
870 472
870 977
870 100
870 90
870 948
870 507
870 678
870 419
870 251
870 23
870 949
870 1015
870 709
870 394
870 908
870 321
870 1035
870 726
870 963
870 401
870 235
870 301
870 689
870 914
870 1032
870 487
870 359
870 451
870 805
870 405
870 44
870 522
870 921
870 995
870 72
870 138
870 1
870 867
870 387
870 234
870 589
870 120
870 932
870 462
870 523
870 886
870 38
870 198
928 875
928 1107
928 128
960 952
960 1062
960 878
960 651
960 195
960 766
960 758
960 356
960 850
960 490
960 68
960 417
960 924
960 990
960 882
960 145
960 884
960 772
960 1028
960 489
960 580
960 694
960 998
960 499
960 1105
960 398
960 290
960 722
960 1092
960 964
960 100
960 268
960 527
960 349
960 1107
960 1102
960 647
960 105
960 663
960 103
960 910
960 187
960 147
960 212
960 102
960 76
960 1006
960 38
960 163
960 165
960 852
960 625
960 12
960 263
960 478
960 962
960 866
960 130
960 897
960 400
960 196
960 62
960 695
960 612
960 332
960 657
960 583
960 278
960 125
960 678
960 918
960 434
960 922
960 939
960 388
960 582
960 812
960 803
960 143
960 833
960 851
960 1059
960 782
960 1098
960 856
960 566
960 276
960 909
960 831
960 929
960 556
960 40
960 279
960 161
960 1081
960 294
960 787
960 390
960 517
960 561
960 411
960 991
960 552
960 686
960 74
960 457
960 203
960 539
960 1099
960 30
960 464
960 592
960 668
960 826
960 502
960 396
960 644
960 639
960 48
960 150
960 659
960 776
960 456
960 880
960 1048
960 154
960 986
960 656
960 654
960 1100
960 309
960 361
960 188
960 690
960 1128
960 498
960 731
960 603
960 1050
960 853
960 979
960 357
960 59
960 462
960 131
960 829
960 298
960 835
960 179
960 855
960 669
960 341
960 734
960 1060
960 1000
960 723
960 436
960 546
960 1095
960 681
960 712
960 228
960 78
960 344
960 602
960 222
960 618
960 778
960 836
960 946
960 477
960 153
960 194
960 765
960 1090
960 759
960 604
960 439
960 629
960 362
960 352
960 215
960 865
960 277
960 465
960 571
960 1015
960 585
960 809
960 649
960 936
960 777
960 1117
960 590
960 1118
960 541
960 81
960 1115
960 324
960 280
960 16
960 136
960 948
960 666
960 687
960 605
960 423
960 1055
960 70
960 109
960 227
960 137
960 626
960 739
960 128
960 240
960 627
960 728
960 749
960 389
960 175
960 507
960 790
960 1061
960 182
960 115
960 134
960 932
960 299
960 616
960 1049
960 902
960 333
960 794
960 752
960 792
960 261
960 340
960 200
960 218
960 232
960 1085
960 191
960 1029
960 217
960 708
960 82
960 235
960 66
960 735
960 415
960 473
960 1044
960 783
960 330
960 1040
960 1045
960 671
960 236
960 331
960 574
960 295
960 970
960 92
960 304
960 466
960 780
960 1035
960 697
960 224
960 176
960 805
960 817
960 1034
960 954
960 403
960 674
960 698
960 17
960 847
960 312
960 254
960 283
960 887
960 956
960 949
960 347
960 1076
960 370
960 565
960 367
960 730
960 751
960 658
960 811
960 840
960 801
960 832
960 256
960 274
960 667
960 36
960 810
960 301
960 1053
960 696
960 906
960 684
960 981
960 1014
960 615
960 523
960 1054
960 1103
960 958
960 487
960 670
960 438
960 110
960 1036
960 594
960 343
960 442
960 858
960 514
960 1027
960 894
960 597
960 1032
960 1078
960 469
960 709
960 386
960 999
960 504
960 1026
960 870
960 796
960 313
960 234
960 524
960 178
960 873
960 249
960 85
960 889
960 53
960 862
960 73
960 714
960 160
960 511
960 173
960 745
960 1131
960 1063
960 39
960 345
960 868
960 135
960 903
960 174
960 401
960 239
960 342
960 703
960 1023
960 584
960 412
960 721
960 859
960 1127
960 1080
960 49
960 427
960 1009
960 1024
960 354
960 373
960 579
960 383
960 536
960 162
960 1096
960 8
960 272
960 747
960 435
960 243
960 746
960 379
960 98
960 193
960 732
960 869
960 83
960 23
960 542
960 849
960 317
960 375
960 989
960 474
960 405
960 108
960 285
960 451
960 1112
960 371
960 60
960 33
960 275
960 1077
960 974
960 1046
960 802
960 273
960 476
960 446
960 1108
960 429
960 522
960 237
960 886
960 648
960 568
960 306
960 483
960 422
960 460
960 300
960 219
960 303
960 431
960 791
960 610
960 740
960 35
960 891
960 913
960 287
960 994
960 661
960 788
960 207
960 124
960 642
960 93
960 589
960 719
960 533
960 1091
960 472
960 166
960 700
960 599
960 804
960 737
960 34
960 901
960 867
960 808
960 43
960 44
960 717
960 54
960 1042
960 892
960 350
960 493
960 120
960 380
960 505
960 1069
960 183
960 861
960 652
960 259
960 385
960 1010
960 713
960 119
960 895
960 197
974 167
974 68
974 298
1003 30
1003 618
1003 724
1003 203
1003 831
1003 301
1003 384
1003 487
1003 204
1003 1017
1003 165
1003 246
1003 1024
1003 624
1003 644
1003 1099
1003 971
1003 777
1003 843
1003 128
1003 722
1003 401
1003 567
1003 565
1003 403
1003 972
1003 468
1003 40
1003 550
1003 933
1003 194
1003 897
1003 68
1003 1122
1003 219
1003 1049
1003 385
1003 206
1003 981
1003 943
1003 187
1003 836
1003 714
1003 290
1003 80
1003 296
1003 213
1003 947
1003 390
1003 909
1003 701
1003 595
1003 46
1003 1108
1003 82
1003 569
1003 237
1003 815
1003 102
1003 429
1003 284
1003 731
1003 119
1003 913
1003 135
1003 952
1003 86
1003 366
1003 481
1003 711
1003 169
1003 1123
1003 900
1003 161
1003 1050
1003 1019
1003 615
1003 1131
1003 238
1003 1117
1003 1107
1003 166
1003 274
1003 74
1003 449
1003 931
1003 12
1003 473
1003 678
1003 827
1003 1040
1003 635
1003 845
1003 454
1003 871
1003 1120
1003 535
1003 1044
1003 590
1003 162
1003 917
1003 886
1003 480
1003 804
1003 324
1003 650
1003 398
1003 784
1003 692
1003 906
1003 258
1003 291
1003 554
1003 43
1003 953
1003 810
1003 253
1003 765
1003 235
1003 522
1003 1125
1003 90
1003 544
1003 865
1003 342
1003 129
1003 580
1003 642
1003 442
1003 735
1003 796
1003 479
1003 411
1003 248
1003 304
1003 919
1003 523
1003 240
1003 622
1003 1041
1003 63
1003 1069
1003 1097
1003 662
1003 125
1003 1130
1003 665
1003 538
1003 978
1003 994
1003 863
1003 723
1003 337
1003 420
1003 174
1003 605
1003 164
1003 423
1003 794
1003 621
1003 667
1003 1105
1003 1071
1003 672
1003 742
1003 450
1003 574
1003 1014
1003 764
1003 867
1003 486
1003 191
1003 461
1003 144
1003 360
1003 211
1003 528
1003 1094
1003 758
1003 609
1003 797
1003 806
1003 546
1003 780
1003 198
1003 707
1003 381
1003 961
1003 175
1003 524
1003 254
1003 1064
1003 439
1003 117
1003 377
1003 261
1003 295
1003 792
1003 1082
1003 511
1003 873
1003 138
1003 896
1003 443
1003 134
1003 275
1003 264
1003 529
1003 94
1003 343
1003 283
1003 832
1003 354
1003 870
1003 912
1003 415
1003 503
1003 627
1003 611
1003 333
1003 962
1003 641
1003 104
1003 81
1003 958
1003 332
1003 414
1003 1036
1003 33
1003 696
1003 459
1003 1027
1003 691
1003 10
1003 157
1003 772
1003 199
1003 985
1003 65
1003 864
1003 178
1003 42
1003 669
1003 234
1003 825
1003 908
1003 1046
1003 150
1003 73
1003 265
1003 586
1003 123
1003 1031
1003 38
1003 200
1003 998
1003 575
1003 190
1003 506
1003 303
1003 379
1003 349
1003 188
1003 928
1003 892
1003 782
1003 1039
1003 424
1003 932
1003 192
1003 899
1003 1077
1003 1035
1003 409
1003 874
1003 734
1003 548
1003 1043
1003 551
1003 5
1003 353
1003 846
1003 869
1003 493
1003 44
1003 924
1003 740
1003 729
1003 400
1003 444
1003 359
1003 661
1003 369
1003 146
1003 787
1003 183
1003 626
1003 876
1003 520
1003 497
1003 534
1003 405
1003 842
1003 475
1003 571
1003 61
1003 317
1003 329
1003 945
1003 926
1003 426
1003 460
1003 594
1003 45
1003 89
1003 989
1003 988
1003 313
1003 859
1003 293
1003 697
1003 501
1003 728
1003 853
1003 866
1003 822
1003 730
1003 774
1003 526
1003 458
1003 305
1003 1110
1003 925
1003 407
1003 394
1003 556
1003 268
1003 18
1003 434
1003 155
1003 344
1003 143
1003 207
1003 1029
1003 1112
1003 515
1003 980
1003 221
1003 331
1003 1089
1003 837
1003 1104
1003 223
1003 239
1003 539
1003 646
1003 663
1003 103
1003 222
1003 743
1003 139
1003 114
1003 17
1003 977
1003 100
1003 410
1003 69
1003 1020
1003 79
1003 457
1003 660
1003 1086
1003 829
1003 513
1003 1037
1003 705
1003 1013
1003 133
1003 285
1003 850
1003 320
1003 227
1003 619
1003 633
1003 802
1003 889
1003 679
1003 939
1003 1061
1003 507
1003 536
1003 1033
1003 438
1003 217
1003 756
1003 66
1003 727
1003 581
1003 395
1003 315
1003 986
1003 22
1003 196
1003 583
1003 1092
1003 172
1003 312
1003 107
1003 1119
1003 673
1003 891
1003 625
1003 245
1003 1025
1003 957
1003 1093
1003 791
1003 959
1003 441
1003 263
1003 277
1003 300
1003 639
1003 983
1003 152
1003 70
1003 154
1003 230
1003 163
1003 62
1003 868
1003 220
1003 1002
1003 588
1003 456
1003 922
1003 856
1003 1034
1003 391
1003 703
1003 530
1003 648
1003 1095
1003 23
1003 338
1003 632
1003 1006
1003 182
1003 466
1003 566
1003 34
1003 371
1003 435
1003 140
1003 470
1003 783
1003 160
1003 356
1003 289
1003 267
1003 857
1003 955
1003 447
1003 1008
1003 532
1003 629
1003 393
1003 1103
1003 1096
1003 231
1003 1129
1003 1102
1003 1032
1003 564
1003 885
1003 903
1003 28
1003 1059
1003 698
1003 753
1003 687
1003 589
1003 898
1045 886
1045 487
1045 695
1045 1080
1045 228
1045 450
1045 244
1045 226
1045 661
1045 376
1045 2
1045 908
1045 864
1045 295
1045 535
1045 264
1045 43
1045 1092
1045 466
1045 61
1045 460
1045 652
1045 63
1045 217
1045 1117
1045 273
1045 125
1045 361
1045 60
1045 787
1045 46
1045 875
1045 267
1045 279
1045 724
1045 614
1045 476
1045 826
1045 94
1045 626
1045 804
1045 849
1045 311
1045 971
1045 781
1045 743
1045 825
1045 1056
1045 590
1045 191
1045 737
1045 351
1045 782
1045 635
1045 833
1045 53
1045 924
1045 490
1045 104
1045 906
1045 756
1045 40
1045 1034
1045 489
1045 544
1045 899
1045 117
1045 597
1045 990
1045 786
1045 317
1045 83
1045 380
1045 912
1045 859
1045 483
1045 871
1045 846
1045 128
1045 565
1045 922
1045 612
1045 686
1045 316
1045 7
1045 991
1045 115
1045 356
1045 1017
1045 252
1045 1069
1045 305
1045 216
1045 1090
1045 542
1045 281
1045 998
1045 360
1045 721
1045 671
1045 498
1045 528
1045 30
1045 124
1045 1005
1045 566
1045 198
1045 412
1045 708
1045 116
1045 862
1045 1026
1045 1030
1045 324
1045 207
1045 858
1045 999
1045 1065
1045 66
1045 682
1045 656
1045 443
1045 126
1045 524
1045 403
1045 1023
1045 435
1045 774
1045 80
1045 627
1045 1102
1045 268
1045 792
1045 90
1045 813
1045 294
1045 650
1045 78
1045 914
1045 175
1045 711
1045 185
1045 865
1045 543
1045 996
1045 680
1045 8
1045 578
1045 439
1045 861
1045 655
1045 994
1045 954
1045 910
1045 905
1045 92
1045 591
1045 898
1045 839
1045 594
1045 1126
1045 851
1045 657
1045 510
1045 809
1045 832
1045 479
1045 1033
1045 780
1045 1119
1045 263
1045 969
1045 615
1045 619
1045 526
1045 275
1045 38
1045 504
1045 609
1045 700
1045 21
1045 414
1045 358
1045 157
1045 843
1045 121
1045 811
1045 469
1045 262
1045 598
1045 463
1045 394
1045 286
1045 179
1045 978
1045 474
1045 604
1045 649
1045 1044
1045 206
1045 766
1045 745
1045 879
1045 812
1045 817
1045 1009
1045 416
1045 702
1045 287
1045 114
1045 583
1045 445
1045 989
1045 1055
1045 391
1045 1071
1045 660
1045 84
1045 720
1045 390
1045 233
1045 488
1045 718
1045 805
1045 384
1045 449
1045 475
1045 728
1045 367
1045 703
1045 962
1045 458
1045 887
1045 669
1045 349
1045 158
1045 874
1045 374
1045 48
1045 105
1045 678
1045 299
1045 319
1045 1052
1045 188
1045 34
1045 641
1045 574
1045 546
1045 429
1045 1039
1045 284
1045 473
1045 112
1045 328
1045 3
1045 192
1045 86
1045 894
1045 659
1045 219
1045 258
1045 533
1045 345
1045 571
1045 427
1045 986
1045 603
1045 505
1045 1048
1045 357
1045 1
1045 530
1045 1053
1045 343
1045 381
1045 694
1045 896
1045 1032
1045 779
1045 166
1045 707
1045 892
1045 383
1045 929
1045 749
1045 730
1045 1076
1045 983
1045 668
1045 1123
1045 1036
1045 136
1045 1099
1045 350
1045 593
1045 764
1045 101
1045 651
1045 234
1045 109
1045 35
1045 210
1045 81
1045 847
1045 539
1045 285
1045 417
1045 752
1045 223
1045 6
1045 760
1045 592
1045 784
1045 1054
1045 1038
1045 852
1045 960
1045 370
1045 532
1045 372
1045 595
1045 402
1045 95
1045 697
1045 432
1045 484
1045 77
1045 957
1045 791
1045 283
1045 517
1045 1022
1045 667
1045 939
1045 85
1045 133
1045 554
1045 344
1045 740
1045 691
1045 405
1045 12
1045 1113
1045 468
1045 165
1045 794
1045 274
1045 965
1045 501
1045 1093
1045 640
1045 227
1045 250
1045 1058
1045 701
1045 151
1045 643
1045 100
1045 758
1045 810
1045 850
1045 362
1045 877
1045 642
1045 1019
1045 588
1045 739
1045 1006
1045 648
1045 1098
1045 107
1045 423
1045 605
1045 563
1045 132
1045 1035
1045 202
1045 256
1045 375
1045 808
1045 586
1045 520
1045 647
1045 793
1045 19
1045 1077
1045 932
1045 1128
1045 674
1045 684
1045 150
1045 235
1045 1097
1045 160
1045 1024
1045 940
1045 903
1045 15
1045 935
1045 575
1045 522
1045 240
1045 855
1045 224
1045 387
1045 873
1045 102
1045 541
1045 1112
1045 930
1045 120
1045 636
1045 918
1045 803
1045 430
1045 579
1045 519
1045 39
1045 312
1045 863
1045 683
1045 442
1045 816
1045 98
1045 44
1045 420
1045 587
1045 1125
1045 342
1045 248
1045 974
1045 170
1045 70
1045 777
1045 662
1045 354
1045 888
1045 549
1045 841
1045 465
1045 676
1045 928
1045 315
1045 1115
1045 428
1045 726
1045 917
1045 622
1045 577
1045 891
1045 73
1045 866
1045 759
1045 187
1045 1104
1045 142
1045 552
1045 768
1045 747
1045 1042
1045 1095
1045 867
1045 59
1045 1074
1045 959
1045 699
1045 47
1045 1046
1045 1040
1045 525
1045 366
1045 688
1045 326
1045 753
1045 949
1045 161
1045 138
1045 1083
1045 555
1045 491
1045 17
1045 1073
1106 832
1106 152
1106 701
1106 372
1106 146
1106 186
1106 108
1106 344
1106 285
1106 783
1106 248
1106 611
1106 1112
1106 853
1106 557
1106 604
1106 311
1106 381
1106 139
1106 397
1106 405
1106 302
1106 819
1106 366
1106 167
1106 940
1106 326
1106 1033
1106 535
1106 476
1106 947
1106 578
1106 842
1106 196
1106 848
1106 515
1106 421
1106 712
1106 87
1106 336
1106 715
1106 115
1106 65
1106 473
1106 836
1106 898
1106 273
1106 1099
1106 822
1106 996
1106 54
1106 274
1106 643
1106 252
1106 818
1106 798
1106 1100
1106 43
1106 261
1106 761
1106 494
1106 478
1106 713
1106 472
1106 319
1106 323
1106 388
1106 794
1106 951
1106 25
1106 232
1106 528
1106 620
1106 258
1106 298
1106 615
1106 514
1106 498
1106 699
1106 544
1106 1048
1106 537
1106 96
1106 1062
1106 920
1106 859
1106 586
1106 8
1106 1088
1106 657
1106 583
1106 239
1106 124
1106 417
1106 687
1106 71
1106 106
1106 689
1106 771
1106 385
1106 984
1106 114
1106 1007
1106 1104
1106 979
1106 976
1106 954
1106 182
1106 612
1106 785
1106 1026
1106 490
1106 219
1106 792
1106 358
1106 769
1106 284
1106 786
1106 576
1106 796
1106 212
1106 387
1106 568
1106 165
1106 1006
1106 751
1106 80
1106 277
1106 1034
1106 678
1106 34
1106 389
1106 110
1106 917
1106 178
1106 399
1106 654
1106 343
1106 847
1106 480
1106 998
1106 158
1106 303
1106 907
1106 105
1106 94
1106 21
1106 607
1106 981
1106 614
1106 651
1106 749
1106 59
1106 1020
1106 825
1106 941
1106 201
1106 214
1106 1123
1106 187
1106 456
1106 160
1106 130
1106 299
1106 1117
1106 901
1106 636
1106 806
1106 840
1106 569
1106 488
1106 863
1106 61
1106 396
1106 883
1106 919
1106 184
1106 641
1106 772
1106 739
1106 354
1106 1074
1106 962
1106 833
1106 86
1106 370
1106 378
1106 709
1106 949
1106 228
1106 768
1106 169
1106 266
1106 85
1106 627
1106 46
1106 561
1106 741
1106 1068
1106 850
1106 717
1106 497
1106 857
1106 220
1106 192
1106 382
1106 502
1106 1044
1106 238
1106 667
1106 116
1106 1119
1106 823
1106 726
1106 504
1106 862
1106 655
1106 280
1106 44
1106 97
1106 355
1106 618
1106 50
1106 172
1106 1098
1106 770
1106 904
1106 606
1106 1027
1106 1050
1106 17
1106 313
1106 89
1106 236
1106 359
1106 625
1106 776
1106 724
1106 635
1106 1069
1106 452
1106 457
1106 2
1106 66
1106 189
1106 176
1106 198
1106 427
1106 279
1106 571
1106 656
1106 960
1106 333
1106 109
1106 725
1106 743
1106 351
1106 668
1106 1003
1106 300
1106 584
1106 684
1106 18
1106 864
1106 290
1106 362
1106 195
1106 406
1106 1079
1106 532
1106 125
1106 626
1106 222
1106 324
1106 777
1106 225
1106 1090
1106 223
1106 462
1106 143
1106 1077
1106 953
1106 1081
1106 675
1106 1017
1106 810
1106 644
1106 545
1106 147
1106 477
1106 757
1106 390
1106 341
1106 609
1106 852
1106 708
1106 610
1106 9
1106 74
1106 1110
1106 575
1106 760
1106 1008
1106 869
1106 281
1106 995
1106 375
1106 68
1106 982
1106 912
1106 29
1106 1113
1106 12
1106 793
1106 133
1106 879
1106 652
1106 464
1106 784
1106 1083
1106 971
1106 249
1106 744
1106 902
1106 1130
1106 332
1106 203
1106 386
1106 19
1106 691
1106 745
1106 231
1106 880
1106 10
1106 1103
1106 438
1106 246
1106 939
1106 529
1106 1058
1106 539
1106 1041
1106 207
1106 665
1106 559
1106 573
1106 235
1106 55
1106 367
1106 216
1106 964
1106 719
1106 536
1106 328
1106 479
1106 31
1106 603
1106 321
1106 980
1106 974
1106 128
1106 549
1106 1023
1106 1073
1106 159
1106 134
1106 487
1106 221
1106 83
1106 574
1106 797
1106 499
1106 686
1106 703
1106 534
1106 815
1106 1049
1106 591
1106 346
1106 1066
1106 1051
1106 647
1106 1078
1106 245
1106 267
1106 642
1106 1128
1106 459
1106 1131
1106 348
1106 213
1106 13
1106 994
1106 671
1106 294
1106 520
1106 1092
1106 873
1106 73
1106 51
1106 696
1106 803
1106 23
1106 542
1106 1109
1106 968
1106 1039
1106 1125
1106 260
1106 345
1106 93
1106 867
1106 1029
1106 1019
1106 202
1106 331
1106 1067
1106 360
1106 1052
1106 682
1106 292
1106 1035
1106 349
1106 737
1106 888
1106 983
1106 190
1106 943
1106 394
1106 672
1106 82
1106 599
1106 613
1106 185
1106 233
1106 621
1106 1097
1106 1043
1106 254
1106 746
1106 802
1106 679
1106 306
1106 330
1106 422
1106 1082
1106 211
1106 489
1106 759
1106 860
1106 565
1106 590
1106 989
1106 403
1106 690
1106 566
1106 91
1106 752
1106 426
1106 84
1106 356
1106 446
1106 137
1106 628
1106 1086
1106 442
1106 791
1106 275
1106 36
1106 419
1106 297
1106 424
1106 977
1106 733
1106 895
1106 856
1106 876
1106 922
1106 781
1106 928
1106 409
1106 1
1106 1009
1106 469
1106 986
1106 935
1106 846
1106 633
1106 1031
1106 830
1106 353
1106 1054
1106 597
1106 104
1106 923
1106 276
1106 1116
1106 263
1130 464
1130 76
1130 984
1130 168
1130 1042
1130 961
1130 925
1130 621
1130 504
1130 858
1130 797
1130 674
1130 454
1130 800
1130 665
1130 612
1130 705
1130 446
1130 1124
1130 72
1130 573
1130 350
1130 729
1130 486
1130 888
1130 698
1130 722
1130 62
1130 515
1130 450
1130 485
1130 90
1130 80
1130 702
1130 128
1130 946
1130 385
1130 1093
1130 1076
1130 696
1130 523
1130 425
1130 1104
1130 1057
1130 840
1130 885
1130 730
1130 331
1130 1022
1130 1008
1130 265
1130 619
1130 284
1130 277
1130 338
1130 1062
1130 590
1130 701
1130 682
1130 394
1130 138
1130 371
1130 179
1130 580
1130 456
1130 809
1130 1030
1130 1028
1130 170
1130 477
1130 616
1130 704
1130 34
1130 1055
1130 935
1130 1113
1130 866
1130 779
1130 126
1130 375
1130 1003
1130 649
1130 437
1130 200
1130 524
1130 748
1130 329
1130 993
1130 73
1130 706
1130 91
1130 251
1130 186
1130 88
1130 308
1130 717
1130 54
1130 282
1130 848
1130 231
1130 403
1130 676
1130 852
1130 419
1130 1070
1130 295
1130 461
1130 378
1130 917
1130 228
1130 733
1130 494
1130 752
1130 462
1130 505
1130 552
1130 346
1130 6
1130 217
1130 599
1130 173
1130 677
1130 685
1130 442
1130 197
1130 183
1130 449
1130 254
1130 32
1130 86
1130 158
1130 932
1130 557
1130 489
1130 325
1130 831
1130 511
1130 1119
1130 370
1130 816
1130 243
1130 4
1130 667
1130 487
1130 855
1130 977
1130 490
1130 280
1130 451
1130 141
1130 527
1130 219
1130 681
1130 96
1130 466
1130 439
1130 980
1130 627
1130 626
1130 1000
1130 804
1130 594
1130 801
1130 203
1130 1106
1130 1019
1130 765
1130 786
1130 70
1130 971
1130 367
1130 379
1130 233
1130 847
1130 417
1130 862
1130 311
1130 803
1130 728
1130 812
1130 274
1130 640
1130 890
1130 707
1130 794
1130 95
1130 916
1130 699
1130 110
1130 36
1130 1080
1130 300
1130 342
1130 81
1130 1112
1130 48
1130 53
1130 93
1130 25
1130 252
1130 871
1130 574
1130 534
1130 319
1130 1027
1130 1066
1130 140
1130 608
1130 895
1130 889
1130 475
1130 989
1130 66
1130 189
1130 660
1130 936
1130 919
1130 478
1130 1127
1130 61
1130 798
1130 324
1130 376
1130 1105
1130 436
1130 38
1130 624
1130 198
1130 246
1130 1126
1130 998
1130 493
1130 877
1130 330
1130 622
1130 849
1130 33
1130 278
1130 413
1130 863
1130 526
1130 248
1130 546
1130 438
1130 829
1130 174
1130 994
1130 124
1130 159
1130 1034
1130 970
1130 688
1130 31
1130 507
1130 355
1130 1068
1130 810
1130 684
1130 431
1130 969
1130 589
1130 150
1130 414
1130 407
1130 465
1130 202
1130 399
1130 19
1130 806
1130 876
1130 7
1130 856
1130 94
1130 298
1130 747
1130 897
1130 384
1130 820
1130 92
1130 513
1130 904
1130 951
1130 562
1130 620
1130 220
1130 368
1130 899
1130 588
1130 900
1130 163
1130 21
1130 721
1130 850
1130 49
1130 1117
1130 631
1130 1015
1130 1109
1130 566
1130 501
1130 770
1130 250
1130 996
1130 299
1130 632
1130 610
1130 846
1130 305
1130 1031
1130 20
1130 910
1130 555
1130 260
1130 930
1130 873
1130 223
1130 147
1130 294
1130 772
1130 839
1130 981
1130 120
1130 844
1130 780
1130 837
1130 734
1130 1120
1130 517
1130 767
1130 1131
1130 503
1130 586
1130 928
1130 214
1130 232
1130 396
1130 224
1130 972
1130 41
1130 654
1130 313
1130 366
1130 836
1130 135
1130 514
1130 606
1130 273
1130 468
1130 788
1130 112
1130 1075
1130 1090
1130 929
1130 541
1130 735
1130 828
1130 1006
1130 343
1130 565
1130 212
1130 960
1130 107
1130 209
1130 155
1130 902
1130 597
1130 539
1130 584
1130 188
1130 207
1130 271
1130 98
1130 264
1130 205
1130 457
1130 1018
1130 648
1130 99
1130 1051
1130 869
1130 607
1130 874
1130 634
1130 288
1130 825
1130 230
1130 82
1130 22
1130 569
1130 520
1130 530
1130 1052
1130 958
1130 697
1130 447
1130 529
1130 481
1130 44
1130 142
1130 165
1130 955
1130 861
1130 821
1130 30
1130 383
1130 763
1130 859
1130 279
1130 476
1130 595
1130 1024
1130 332
1130 432
1130 659
1130 152
1130 694
1130 337
1130 18
1130 1061
1130 0
1130 1029
1130 102
1130 605
1130 787
1130 281
1130 776
1130 479
1130 939
1130 769
1130 113
1130 460
1130 333
1130 469
1130 1100
1130 249
1130 373
1130 132
1130 161
1130 813
1130 782
1130 957
1130 577
1130 8
1130 1037
1130 1041
1130 310
1130 353
1130 39
1130 422
1130 922
1130 1033
1130 175
1130 879
1130 753
1130 290
1130 1081
1130 642
1130 860
1130 11
1130 999
1130 434
1130 488
1130 755
1130 909
1130 882
1130 740
1130 543
1130 666
1130 727
1130 907
1130 133
1130 598
1130 680
1130 575
1130 564
1130 751
1130 679
1130 953
1130 55
1130 483
1130 536
1130 67
1130 293
1130 361
1130 942
1130 708
1130 502
1130 420
1130 381
1130 326
1130 548
1130 982
1130 1108
1130 793
1130 472
1130 467
1130 937
1130 119
1130 719
1130 709
1130 556
1130 473
1130 406
1130 1110
1130 644
1130 364
1130 1082
1130 791
1130 104
1130 1026
1130 886
1130 604
1130 222
1130 807
1130 182
1130 692
1130 1049
1130 737
1130 923
1130 739
1130 670
1130 1095
1130 244
1130 492
1130 178
1130 393
1130 412
1130 741
1130 1043
1130 732
1130 201
1130 986
1130 127
1130 1085
1130 386
1130 139
1130 805
1130 585
1130 184
1130 778
1130 238
1130 404
1130 592
1130 68
1130 516
1130 1077
1130 956
1130 362
1130 1097
1130 683
1130 103
1130 892
1130 947
1130 411
1130 833
1130 512
1130 583
1130 146
1130 974
1130 388
1130 23
1130 1010
1130 356
1130 1050
1130 533
1130 121
1130 424
1130 756
1130 17
1130 952
1130 177
1130 309
1130 913
1130 497
1130 731
1130 321
1130 1035
1130 760
1130 587
1130 144
1130 796
1130 591
1130 226
1130 749
1130 522
1130 69
1130 905
1130 242
1130 668
1130 1013
1130 1073
1130 678
1130 1079
1130 906
1130 843
1130 641
1130 1039
1130 317
1130 819
1130 167
1130 959
1130 878
1130 1014
1130 194
1130 470
1130 499
1130 77
1130 46
1130 777
