1045 845
449 7
599 815
101 727
1106 809
700 127
101 624
279 62
478 975
280 525
974 182
1106 129
928 693
599 1096
449 345
279 910
700 936
974 985
272 217
101 477
974 9
280 914
188 397
279 326
700 342
101 355
822 1088
449 183
974 1063
279 162
974 437
1003 775
928 831
279 357
700 630
101 347
101 968
280 643
101 715
928 526
449 889
700 663
478 1079
17 1101
599 449
928 123
280 1028
280 545
478 11
449 165
101 339
974 161
822 255
449 120
494 881
974 222
700 672
974 93
928 808
449 1024
17 14
280 701
17 521
272 314
101 834
290 883
494 339
279 445
599 597
101 300
279 1002
101 20
599 821
478 1068
700 81
700 481
279 566
928 642
960 121
272 842
272 911
928 485
928 636
17 1011
290 14
599 12
101 873
478 162
1045 446
449 596
279 558
700 775
822 754
974 377
822 25
928 444
449 6
960 883
928 969
279 244
17 911
599 1048
478 57
1003 824
279 780
494 685
17 967
928 680
928 114
478 115
822 497
272 896
101 57
101 358
599 943
870 50
1106 736
279 472
101 831
101 716
1045 398
1003 214
280 133
272 87
279 705
1003 552
928 222
974 263
17 18
279 14
478 111
928 945
449 186
700 901
272 180
974 926
101 1129
478 829
700 899
267 630
272 973
974 107
494 1075
280 1048
279 1012
272 522
928 549
101 1025
928 439
974 1048
478 164
599 933
279 198
1130 738
928 1080
928 520
928 110
272 936
599 790
290 464
974 873
974 630
279 12
700 576
1045 789
1045 186
279 114
822 500
17 318
1106 911
280 907
280 203
928 57
974 527
1045 765
101 551
272 964
449 341
279 659
449 616
960 500
478 630
974 1051
280 244
928 715
974 482
279 502
449 12
17 1075
974 417
974 976
700 538
188 854
449 694
974 56
1106 1028
928 421
272 853
449 631
974 418
267 1100
928 983
272 695
449 100
960 587
1045 1121
478 121
928 326
267 901
280 493
272 299
974 12
974 579
272 992
478 1114
17 454
272 600
928 316
700 824
279 1087
928 887
700 506
822 1011
870 454
449 369
449 554
279 622
279 1130
1106 340
478 923
700 199
974 254
280 883
272 597
599 257
101 374
267 553
267 782
449 272
188 335
478 102
928 877
1130 710
928 1025
478 432
1045 757
267 151
478 186
279 1045
272 108
928 494
279 725
101 672
870 789
928 694
928 823
101 1071
700 318
974 977
700 456
290 934
974 518
478 67
1045 763
700 831
280 880
449 231
267 120
928 25
279 34
272 788
928 352
280 210
1106 851
700 186
272 71
280 800
449 832
267 1105
449 850
928 430
449 873
290 380
272 405
974 599
280 202
928 1109
928 954
1003 938
974 169
928 462
101 49
1130 148
928 946
272 610
449 741
700 1062
267 970
700 741
101 482
599 40
928 453
599 34
1106 307
101 437
272 402
280 865
279 365
478 193
1106 122
279 529
974 146
974 714
280 992
101 620
1130 180
974 447
960 916
280 110
101 74
1106 53
449 742
928 437
974 1083
822 659
272 1014
280 179
928 292
1045 634
599 295
494 601
928 807
870 95
280 589
279 1123
974 314
478 604
272 63
449 464
928 459
272 498
700 694
272 829
1130 392
974 566
974 252
494 28
478 487
599 222
960 920
960 638
272 72
279 121
101 817
17 171
449 667
279 932
101 744
449 591
700 494
1045 310
478 531
928 836
17 1111
101 1027
290 665
928 495
272 805
928 543
17 148
599 265
291 596
272 793
960 633
101 701
478 1012
1106 1000
599 507
870 79
974 332
272 716
272 192
870 945
1003 541
267 408
870 318
279 706
599 809
478 868
700 399
17 455
928 565
1003 148
870 608
272 477
1003 789
599 277
449 1022
1106 730
279 569
101 578
1130 918
279 969
478 434
272 122
279 810
449 108
279 241
974 221
700 1096
280 727
279 704
272 813
478 540
17 181
870 863
101 211
449 782
101 976
279 575
960 14
101 734
928 835
870 365
449 412
279 514
280 340
267 488
700 1115
928 572
279 304
928 113
272 548
1003 37
449 84
478 1011
599 867
279 1062
280 983
974 771
1106 596
974 386
974 573
272 387
101 847
1003 838
599 334
974 765
700 172
101 901
449 495
1106 799
280 444
267 437
960 79
279 606
279 848
101 685
449 565
449 859
280 995
280 46
1130 270
279 258
494 570
974 92
960 607
449 1018
279 677
449 207
974 772
101 830
700 85
279 975
974 40
928 868
280 604
272 673
272 1121
928 530
974 569
700 15
101 1028
279 21
974 1128
700 987
272 697
960 726
1045 637
700 305
700 616
928 637
17 570
290 1084
960 1110
1106 1076
974 1068
478 693
449 845
280 824
928 564
1003 1075
280 34
279 323
974 844
101 366
17 334
267 754
974 658
272 410
974 270
101 261
1003 920
101 375
280 197
449 407
272 49
700 11
599 0
974 124
280 804
101 26
449 235
700 665
974 445
928 472
599 852
1045 665
974 443
960 834
599 656
449 1082
280 268
272 747
280 118
1045 201
267 696
599 149
599 243
272 13
280 224
1003 1047
449 78
599 23
974 380
272 694
928 764
449 265
599 1072
101 567
928 471
1106 634
960 968
101 581
272 581
279 878
280 1109
700 1106
599 722
272 838
928 813
974 472
272 424
272 220
279 964
700 3
928 1036
280 845
1003 720
822 270
279 960
279 907
449 728
974 616
280 742
267 322
928 619
280 55
272 939
1045 1025
960 414
279 532
449 1040
290 270
478 205
279 837
1045 197
494 363
101 389
272 549
700 703
101 128
291 56
478 142
101 497
101 447
280 663
599 62
272 420
974 275
478 437
449 677
272 507
279 1011
478 334
928 743
272 161
974 819
928 654
974 700
599 1058
101 329
478 210
700 1109
101 422
267 320
449 697
280 607
478 247
870 1102
188 558
599 15
1106 881
599 609
280 482
700 212
272 545
280 255
272 611
280 125
700 455
974 1028
272 113
599 927
870 601
272 206
267 1089
290 5
1045 868
272 560
272 269
267 149
101 4
870 969
449 581
960 322
700 1040
974 942
272 1105
1130 742
928 765
700 62
974 921
1130 941
870 941
599 670
599 184
928 44
101 985
870 591
101 684
279 1020
279 951
449 1033
928 1010
1106 938
494 453
478 966
272 672
449 955
280 812
974 471
974 891
974 526
928 1087
928 36
449 861
599 1113
449 582
974 600
928 13
974 111
272 843
101 197
272 710
974 751
960 328
272 359
928 1035
279 610
494 934
101 27
291 540
974 535
974 973
700 640
1045 440
279 1112
449 298
101 201
279 891
928 503
279 112
280 1100
272 850
700 596
974 392
974 711
478 732
267 799
17 963
494 27
478 238
599 408
101 526
700 611
599 1
974 435
960 468
291 729
928 1081
280 278
1003 201
280 334
280 699
279 414
272 11
280 1111
101 659
267 123
449 776
974 517
960 325
290 757
960 455
928 165
960 560
928 261
272 925
928 990
449 699
1106 255
101 457
700 1098
1045 540
279 506
279 48
599 290
599 682
974 577
1003 56
974 149
17 1021
280 527
700 466
279 678
279 0
267 77
279 803
599 1052
700 879
1130 851
101 676
974 184
280 990
101 927
478 696
272 681
599 513
272 596
188 570
700 716
974 574
928 52
928 237
928 7
928 1125
928 342
188 251
279 1103
272 39
279 1007
928 51
272 480
290 727
599 834
974 242
279 1008
974 622
1003 299
279 696
279 547
478 558
870 683
974 431
494 819
494 555
700 1101
700 583
1003 78
974 436
101 478
1045 547
700 603
928 274
279 332
700 492
279 102
974 553
291 314
928 1038
960 37
700 101
1106 52
272 443
272 942
272 141
267 725
279 573
279 438
17 398
974 319
279 853
101 227
928 857
280 404
267 779
280 690
280 962
1045 103
290 500
279 1035
928 396
599 567
272 931
1045 1021
280 1070
599 353
928 63
478 413
272 164
272 859
17 257
928 995
101 303
280 770
1106 247
870 289
272 958
1003 1084
928 358
279 424
928 1079
280 126
700 815
290 945
279 533
599 778
290 238
960 685
272 96
928 1017
599 1066
279 474
928 1121
279 366
272 1038
272 445
974 925
279 60
272 1077
974 290
478 586
272 623
974 60
280 645
101 202
974 1020
870 801
101 424
700 991
700 999
1045 257
974 848
928 502
101 244
449 510
1003 835
494 71
267 271
870 1025
267 280
928 724
478 897
272 43
267 1012
449 450
279 650
974 461
272 1068
449 564
1045 455
279 708
449 321
272 1007
449 250
280 839
267 570
700 471
1130 550
101 931
1003 841
267 1070
822 220
272 496
822 547
449 916
291 111
974 597
599 762
272 149
928 942
290 1094
267 389
700 629
279 495
928 175
478 89
1003 725
494 775
101 525
478 729
280 496
478 312
928 729
272 594
870 134
280 854
928 767
279 486
960 31
1106 505
494 973
1106 834
974 486
928 703
272 875
870 456
599 699
272 292
478 357
280 916
974 31
928 863
267 1108
478 798
280 1107
272 888
272 216
101 882
822 987
272 909
599 132
822 118
279 758
101 898
279 968
280 574
272 70
928 90
700 88
870 243
101 879
599 750
272 300
279 491
960 495
279 686
101 12
272 363
599 59
101 1107
280 635
279 373
1045 602
700 356
928 1015
928 1108
449 465
279 640
449 94
290 881
267 749
974 1120
700 91
101 152
449 360
822 37
1045 689
291 1022
478 567
1106 289
974 127
279 232
928 916
17 353
279 552
928 861
928 402
974 846
700 976
960 479
478 53
272 801
449 101
101 493
449 1114
101 301
960 824
599 955
272 318
272 1104
1003 372
279 408
1003 721
267 348
279 413
272 112
1106 135
272 5
599 217
272 1072
449 174
1045 148
272 914
279 290
101 745
267 204
272 685
974 239
449 396
700 123
279 416
974 95
974 489
870 985
1045 31
279 340
1003 118
279 791
928 489
974 108
279 186
974 555
928 779
928 42
267 729
1003 307
1003 604
280 327
599 327
974 684
280 292
870 71
272 881
974 608
267 347
974 336
599 667
974 934
1130 927
700 853
449 363
870 328
928 763
478 955
928 776
700 447
928 999
974 727
101 331
101 352
1003 241
974 1041
974 403
928 950
101 629
478 201
928 286
290 1067
449 438
101 330
449 385
280 193
101 59
101 1126
478 992
1003 259
928 1086
279 402
599 239
272 86
928 374
599 505
1045 333
478 134
928 46
267 382
928 364
974 682
478 500
960 113
279 886
101 779
267 307
960 688
101 908
272 170
449 1105
960 995
272 417
279 1018
280 692
280 57
101 276
700 13
272 308
280 657
960 496
101 634
974 506
974 116
928 153
928 955
449 60
17 1129
1003 746
291 518
280 565
272 1045
279 392
928 783
974 970
272 262
101 463
494 111
272 250
1003 467
700 726
599 628
822 447
700 408
974 1033
974 187
599 1009
478 972
279 981
101 741
478 807
928 727
449 872
1106 483
449 124
700 544
101 870
1106 1040
279 692
272 126
1045 951
928 481
17 710
700 195
870 632
101 558
928 789
279 1117
279 305
700 911
599 347
1045 493
101 15
599 913
101 1108
280 324
599 515
822 945
101 736
1106 174
101 1010
272 337
1045 1085
279 543
928 277
1003 463
279 66
272 345
974 938
974 1107
272 720
928 231
928 505
449 447
974 586
272 151
272 878
279 1039
449 661
101 72
272 960
188 1094
700 31
188 1111
272 928
599 862
599 1086
101 1022
101 702
700 844
960 314
599 585
449 269
1045 229
1106 171
272 687
1045 363
960 623
17 559
599 749
272 811
928 651
928 228
960 545
272 276
974 995
599 118
101 1084
272 757
822 715
928 223
478 1041
1106 148
272 877
449 62
700 137
267 664
870 148
449 102
974 265
272 99
272 131
272 453
280 438
928 856
279 942
928 412
449 810
449 625
279 69
478 172
822 750
960 754
494 824
928 47
974 183
870 677
1003 519
928 936
928 369
279 447
974 224
279 287
478 582
280 973
478 1082
599 536
280 857
449 704
1106 518
272 333
449 37
974 1061
280 943
960 1130
101 8
280 509
599 249
599 1006
700 239
599 601
974 251
17 255
478 713
101 302
599 43
974 0
960 363
272 943
188 37
272 669
928 35
700 560
272 794
280 159
478 405
279 209
1106 506
822 967
1045 211
449 751
599 1044
272 874
478 482
478 328
478 1034
478 670
870 722
974 357
974 1038
599 230
960 762
101 420
478 408
700 873
101 945
280 385
870 992
290 572
279 378
279 125
1003 1066
1106 168
928 393
700 870
279 396
599 155
599 959
870 940
101 930
700 217
928 1041
822 67
1045 968
478 741
700 751
1106 350
267 339
700 977
1003 533
700 308
449 580
960 967
17 484
449 1067
279 867
449 445
974 440
291 814
101 292
928 755
478 548
272 628
272 176
272 460
700 958
280 257
928 155
280 945
928 557
974 815
700 438
870 157
599 71
267 181
974 49
928 700
700 417
822 973
449 317
494 506
101 953
272 588
17 113
974 556
280 185
974 725
267 633
449 641
272 792
279 1073
17 497
928 661
279 179
272 6
279 36
449 1101
279 636
928 78
1003 716
101 614
599 582
928 75
1106 755
1106 789
272 870
1106 808
928 313
974 190
449 718
599 666
478 149
928 6
272 849
700 1010
280 242
928 442
599 783
1106 454
974 164
928 98
449 956
1106 555
700 122
1130 968
478 982
272 431
1045 75
280 297
1130 1111
280 698
101 483
291 765
599 355
101 533
279 855
279 354
599 948
928 682
960 755
974 439
279 873
1045 1051
700 23
1003 593
822 122
267 713
101 816
279 154
974 532
478 688
101 322
101 890
449 439
1106 270
280 746
1003 700
822 560
700 671
1003 805
272 102
822 1068
928 837
928 101
974 207
1106 1012
272 957
974 148
17 1102
599 577
272 483
870 545
272 1005
101 308
599 939
700 924
974 155
974 279
101 534
928 100
822 397
280 951
267 726
280 1012
928 480
290 57
974 181
599 370
599 765
928 293
599 986
280 533
599 958
494 927
188 310
928 360
494 725
279 330
928 885
870 630
279 1085
928 491
478 268
449 1102
928 712
700 323
1045 735
267 637
272 228
700 990
279 170
280 1087
1045 404
974 505
101 170
449 95
1106 560
272 440
599 422
599 394
17 677
272 857
272 887
272 520
974 980
928 1016
599 850
279 116
928 632
272 771
599 209
280 555
291 938
974 256
267 57
870 1114
928 507
279 904
928 423
17 753
101 394
822 440
279 866
1003 809
700 618
188 560
279 145
1130 570
974 154
1045 581
279 313
599 694
449 966
974 999
870 822
1045 607
700 774
272 1118
478 127
101 67
280 504
1003 205
449 190
272 436
101 605
928 111
822 951
974 204
449 454
974 462
449 103
279 444
17 771
267 986
101 58
280 1123
974 818
279 96
478 277
272 448
272 768
101 948
974 981
101 412
188 5
267 1010
1045 872
279 452
700 782
928 684
1045 798
974 90
101 648
101 356
101 325
449 909
290 799
928 960
928 117
870 600
449 19
279 227
928 96
449 508
599 892
279 978
279 638
974 764
599 75
290 509
700 96
599 665
17 164
974 1114
279 980
974 1072
870 975
700 1121
700 332
599 489
101 523
272 48
599 218
1045 762
449 968
290 255
101 960
960 992
101 934
599 641
478 377
974 656
279 865
599 1018
290 242
1003 617
17 242
101 850
280 107
478 58
272 253
449 904
974 1047
279 733
272 639
870 174
101 738
280 835
478 933
279 676
928 515
272 885
279 892
974 41
101 495
449 15
700 915
928 690
1106 414
272 194
822 229
279 130
960 1106
272 412
279 957
188 141
272 533
279 151
599 202
101 365
1045 174
101 594
599 701
599 52
272 731
928 22
280 694
974 874
870 18
101 815
478 845
478 873
928 17
478 649
494 735
279 78
101 568
928 367
478 95
279 384
928 413
974 1062
101 372
960 241
279 223
700 869
928 751
280 765
272 471
478 941
1003 464
928 408
280 162
101 591
974 426
279 571
974 128
272 950
449 552
101 944
272 512
279 212
974 397
101 762
101 180
700 756
272 934
700 148
267 755
280 281
1003 1091
928 554
279 898
599 968
599 697
267 760
599 92
280 591
974 961
599 68
449 66
700 705
272 777
272 1128
960 190
279 1093
279 311
822 1057
822 789
700 790
290 710
928 1077
599 163
279 86
700 517
599 740
1130 975
478 589
700 156
928 1059
974 82
599 828
974 1112
928 177
928 271
700 723
599 1070
267 244
280 1004
1045 97
280 1121
974 760
478 799
272 291
272 187
272 578
700 942
267 177
960 246
870 335
1045 71
700 375
478 265
974 651
974 268
272 309
279 1076
280 263
272 693
267 404
974 126
279 1028
279 76
974 1130
290 180
478 767
449 688
494 440
101 595
272 458
928 122
928 312
928 588
272 1078
928 786
700 247
974 342
478 319
272 261
1003 553
279 857
870 292
494 664
1045 118
928 1011
280 573
599 817
272 734
101 208
700 163
928 336
478 985
870 278
272 539
279 57
449 784
928 886
1130 1025
822 363
279 1004
290 1007
599 1079
280 17
449 155
974 669
279 342
928 1073
280 206
279 895
700 1114
974 691
928 787
101 696
599 122
290 992
1106 67
700 77
700 823
974 199
1106 716
974 335
478 270
272 1079
974 543
960 1066
1003 757
870 710
1045 1066
599 542
599 677
279 443
870 257
280 180
279 783
870 771
449 548
478 735
1003 680
960 123
1045 1127
599 745
279 1059
291 653
290 698
700 373
1130 537
449 156
280 0
279 266
974 139
974 1055
290 814
101 360
974 1085
272 740
449 20
478 75
279 242
272 240
449 362
272 904
449 970
280 947
974 1053
928 524
974 466
280 561
272 41
279 937
974 984
279 905
700 945
1130 1087
280 689
960 683
279 757
928 915
1045 617
960 253
974 672
272 123
279 749
928 947
280 668
449 553
449 614
599 992
279 920
974 255
449 585
291 915
928 1098
960 879
101 264
974 761
449 572
272 156
290 927
960 25
272 920
272 468
928 586
974 448
974 904
279 400
280 541
272 954
478 382
449 589
974 628
700 966
279 616
272 356
1045 916
960 91
928 321
822 567
279 745
279 821
1106 431
101 436
279 333
494 37
272 464
280 751
1003 916
478 736
700 425
974 58
928 981
974 943
599 974
1003 15
1106 500
272 609
1045 220
1106 987
494 779
280 897
700 699
279 697
101 260
267 700
478 595
974 800
1106 316
279 1058
700 57
599 528
101 34
449 261
188 608
974 637
1045 241
974 376
599 379
928 400
280 238
960 951
1045 1086
279 828
279 173
267 5
928 254
449 770
478 887
1045 27
449 723
272 340
928 509
960 156
870 123
101 38
1003 649
449 1124
449 819
279 1089
101 70
449 218
599 972
1106 460
974 752
449 293
974 1006
272 219
449 929
101 548
1045 127
101 856
449 651
272 769
478 1001
928 434
1106 927
279 174
272 190
928 899
700 46
599 975
599 517
1106 1087
974 354
280 1092
960 975
280 249
267 1094
279 37
478 280
101 506
960 624
870 834
870 413
700 923
928 677
279 225
1003 389
290 111
599 934
599 678
599 535
700 766
449 1071
280 964
279 292
279 432
449 1007
700 1067
928 38
279 511
974 883
101 127
928 778
599 187
974 105
267 1079
17 329
960 676
870 463
700 1034
101 291
478 1111
1106 1075
449 1077
101 145
449 954
974 194
279 781
928 571
700 429
599 240
279 501
974 780
290 364
599 493
101 717
272 1046
280 1096
1045 633
101 833
272 226
599 468
928 965
267 518
272 385
279 630
599 942
974 712
599 242
101 119
599 770
280 526
101 501
974 865
272 353
700 826
1045 289
700 197
960 503
188 1084
449 1028
928 302
1130 773
449 1045
1045 255
822 292
928 898
599 1092
272 421
928 1115
17 355
700 181
928 862
599 195
267 911
974 219
1003 92
279 949
960 885
1106 934
1106 570
599 591
280 42
700 890
870 247
974 652
1106 440
272 735
494 1021
188 987
1003 702
101 532
974 62
291 547
280 934
267 638
700 428
599 476
449 669
928 181
928 310
928 541
700 68
280 78
101 732
599 642
272 25
928 794
928 16
599 969
279 144
700 523
599 791
449 623
279 523
101 186
822 601
960 453
1045 99
280 1047
279 971
928 1064
272 861
279 381
290 854
700 777
279 845
279 516
478 824
101 1117
700 338
700 443
928 611
267 951
280 638
279 735
974 1027
928 217
279 864
449 598
101 35
280 160
974 644
279 935
928 850
928 848
290 278
928 961
272 696
101 336
272 174
599 731
280 602
280 980
928 818
449 79
928 499
449 606
928 994
700 1100
974 218
870 393
478 1087
279 255
101 689
478 599
974 1118
101 512
17 531
101 829
1106 966
1003 591
974 434
272 31
599 545
974 575
974 64
928 273
188 1101
478 79
974 773
599 140
870 737
279 959
291 736
928 67
928 734
928 0
279 796
599 883
1045 396
700 303
1003 382
928 501
974 48
599 631
928 323
974 302
870 990
101 580
101 1034
1003 814
280 1127
960 729
279 962
974 563
1045 242
449 302
700 52
280 461
272 153
478 835
1130 156
272 85
101 576
599 590
101 242
1045 596
101 287
279 435
974 1110
1106 963
272 169
17 1106
928 1069
478 257
267 463
449 185
928 330
101 679
449 347
974 580
267 730
700 748
974 20
272 222
1045 600
700 227
101 615
700 103
928 247
928 179
279 503
928 56
279 792
928 773
928 1045
272 90
960 516
960 911
478 33
822 1072
960 421
101 782
101 892
290 523
870 881
974 14
449 576
974 26
101 125
599 860
700 145
974 449
599 196
272 362
267 645
870 200
280 480
17 775
449 262
1045 336
272 688
478 795
928 760
822 453
700 691
188 591
272 675
267 27
279 1006
1045 1043
267 217
928 18
928 1020
478 786
272 119
272 739
17 915
279 833
599 720
1045 1047
290 156
1003 630
974 709
267 121
960 820
700 698
974 1098
974 424
928 262
1045 291
449 1061
1003 225
599 13
928 5
700 470
279 358
449 1104
928 646
822 431
279 284
279 329
279 142
101 859
928 1050
272 135
478 645
928 131
700 2
280 654
272 449
974 474
267 968
1003 397
599 407
17 431
280 56
1130 1121
267 623
700 168
101 1079
870 911
599 108
599 847
272 946
478 637
974 1092
101 249
279 164
870 617
290 113
267 920
188 363
928 1040
928 692
101 529
870 485
279 1118
1130 841
449 852
928 561
700 888
974 832
960 547
272 826
101 427
101 178
974 913
1003 585
272 59
101 403
960 201
928 473
449 27
101 907
449 918
272 987
17 973
279 963
272 129
101 1006
267 559
870 52
272 557
700 1125
974 530
291 363
599 1127
267 1087
280 58
279 1009
449 11
974 274
101 3
101 781
928 966
478 1107
1106 727
101 223
449 792
272 273
700 925
960 149
1106 320
449 756
280 374
928 1005
279 1037
279 882
272 956
478 884
272 280
974 152
974 747
272 718
974 77
101 466
17 52
928 583
279 202
279 1107
928 405
279 383
101 1127
1106 908
267 190
272 1098
1045 28
960 425
1003 27
974 537
272 339
101 364
928 589
272 475
599 1105
974 1032
1106 623
928 975
279 51
267 845
280 1071
279 611
272 35
279 843
101 688
101 730
17 1057
974 647
599 541
928 912
974 699
449 57
1003 683
599 634
599 630
928 384
272 1008
478 883
449 397
928 496
599 337
17 436
272 667
279 370
928 260
290 122
101 110
478 591
279 58
290 118
279 299
279 737
822 808
478 168
928 284
700 951
928 267
17 1109
279 421
599 1128
449 938
928 124
1045 329
267 52
599 326
279 818
449 33
279 176
478 1054
974 97
478 711
279 742
449 194
822 1087
974 803
974 962
928 1037
928 891
267 334
599 250
449 377
279 922
101 115
1003 271
279 785
449 141
928 92
101 2
1003 927
478 170
449 768
1106 688
272 476
280 575
700 760
449 997
279 490
449 786
101 281
928 1039
700 51
974 160
1130 938
1106 854
700 643
974 305
280 942
449 134
279 33
101 768
928 186
1045 1101
449 1103
279 876
291 942
599 521
599 886
974 5
928 733
449 5
974 351
272 967
599 252
101 880
101 760
290 990
280 201
449 612
267 306
279 412
822 775
101 572
1045 664
974 613
280 28
1045 190
599 127
1130 581
101 989
188 127
960 1004
1003 762
700 75
272 561
478 766
279 1030
17 50
599 341
599 425
1045 280
279 187
599 255
599 120
279 635
928 31
101 1017
700 299
928 304
700 185
974 350
449 1034
974 188
599 899
974 284
17 508
822 297
279 524
280 687
928 158
272 378
928 433
974 387
599 16
974 1040
280 99
974 882
279 674
267 81
101 933
1045 926
272 779
272 78
279 1125
928 497
974 18
1045 907
928 477
478 738
928 1105
101 923
267 550
1045 1010
928 732
449 358
101 754
279 297
1045 1114
279 761
870 210
928 802
267 771
272 1108
960 229
700 234
449 602
272 661
1106 831
279 136
272 511
974 561
870 704
1106 191
974 816
449 489
101 18
279 45
101 947
449 196
928 147
478 456
267 691
928 53
478 1127
974 740
449 311
1045 771
279 282
101 915
974 44
449 915
700 512
101 31
272 213
599 624
974 1117
822 916
974 789
279 265
928 540
960 693
1045 368
272 18
101 409
599 447
279 669
1045 933
1130 560
1045 548
870 692
928 1067
928 3
449 210
1130 834
101 749
974 488
280 316
478 950
974 884
1045 37
1045 22
1003 96
960 567
599 378
272 831
1003 255
101 986
279 482
928 428
280 538
1003 127
494 181
449 716
101 172
700 207
280 514
700 270
272 2
700 909
272 1069
267 364
974 910
1106 683
272 329
599 174
449 980
700 1089
279 893
272 61
1003 935
870 229
272 535
478 726
599 76
700 768
1130 854
279 341
928 578
101 982
974 774
700 800
101 839
449 318
449 894
280 413
290 773
928 1057
101 668
101 192
280 649
599 251
279 1108
188 736
101 332
280 870
822 111
700 1059
272 994
279 404
478 838
960 225
279 605
280 975
1003 521
928 40
700 7
1106 1085
1003 319
101 911
960 795
599 690
267 291
280 1045
449 109
290 942
599 726
974 770
478 957
700 191
280 559
478 151
101 972
449 650
279 970
279 624
101 731
599 627
1045 512
279 110
599 44
960 27
272 127
280 915
478 945
960 418
279 183
928 348
101 66
599 1038
1003 156
928 592
279 598
279 1075
101 869
478 581
101 48
280 809
960 593
599 1081
974 662
974 365
1003 855
449 1031
279 664
101 951
272 199
700 927
700 967
974 912
974 1065
101 346
279 518
449 887
1045 696
280 596
478 316
272 51
928 852
1106 868
101 729
700 349
279 122
928 846
280 230
279 1041
280 89
700 920
279 369
101 889
280 38
280 958
279 665
101 130
974 663
272 271
280 1031
700 171
928 251
279 270
974 869
101 395
974 1074
449 273
928 696
280 511
272 76
928 215
101 90
449 1000
478 141
960 736
272 653
599 435
279 399
101 1091
700 1070
449 420
928 159
267 98
1045 247
279 29
449 137
280 560
974 500
280 146
267 245
101 203
928 470
101 1040
1106 380
1106 890
449 426
974 840
272 232
1045 178
870 824
870 559
279 487
279 159
700 472
974 1059
700 120
101 808
272 883
449 624
272 940
449 891
267 70
478 1067
279 1096
279 766
822 148
928 461
101 25
279 560
974 511
478 749
974 997
1003 380
272 819
599 861
449 404
279 1119
478 1084
267 454
280 380
870 3
599 133
280 987
599 708
449 1030
974 814
101 962
599 481
101 979
1106 415
974 220
700 608
974 1052
272 929
928 980
279 944
449 840
279 830
272 762
267 496
928 704
279 604
280 296
101 710
478 725
928 258
267 919
599 487
1106 630
279 40
599 448
974 596
700 437
870 518
974 1043
974 667
272 664
279 7
101 1077
928 1119
279 213
291 987
449 931
280 492
449 922
449 1087
267 806
272 593
272 704
928 69
974 632
280 1021
1003 363
267 1129
700 874
280 600
267 278
279 26
1106 493
279 407
960 677
822 52
449 59
478 1066
700 814
928 689
928 482
279 680
1003 549
1106 265
870 613
280 481
449 1093
17 518
599 729
101 527
974 307
272 1042
279 5
280 253
822 844
1003 942
267 365
599 525
272 723
599 21
279 371
279 580
279 82
279 177
449 659
272 876
478 665
279 168
478 916
280 722
1045 4
960 973
280 345
599 22
272 430
290 596
449 1100
928 817
494 581
267 319
599 396
974 323
700 147
101 19
279 233
280 168
599 160
960 288
272 342
974 390
1106 278
974 6
290 623
928 644
17 1108
279 99
974 786
101 505
974 37
272 705
974 79
928 256
599 864
974 39
1045 653
267 601
928 392
599 398
1003 341
290 601
280 35
1106 363
272 195
822 156
280 684
928 896
974 1129
700 607
272 743
928 597
280 969
700 79
928 268
1130 440
279 809
974 885
280 1119
1045 1011
1106 398
272 111
599 885
599 984
272 998
279 1072
272 895
599 282
1106 27
928 440
700 539
870 750
974 916
101 204
928 285
599 266
974 930
1130 123
279 95
17 653
960 1022
599 19
974 564
17 440
1045 18
101 540
928 525
101 550
700 196
1003 655
1106 753
272 556
449 486
272 736
960 945
280 1091
1106 141
449 705
928 129
101 16
494 171
272 722
449 462
1045 727
290 1032
599 1122
279 192
280 208
822 933
279 525
272 627
449 1054
449 150
1003 120
1003 1051
1130 934
272 737
928 269
478 512
280 821
449 380
960 164
280 985
279 719
267 1084
599 957
974 745
279 250
101 1002
700 418
101 838
599 657
449 1068
279 748
928 431
280 186
478 921
928 425
928 627
928 634
188 938
449 227
279 1044
928 283
700 36
960 318
599 284
974 959
1106 227
272 602
449 587
290 257
870 327
1003 936
478 208
822 1012
822 927
279 497
1003 209
1106 200
279 67
870 363
272 856
279 83
279 625
700 192
101 350
870 725
494 653
279 434
101 700
599 802
280 564
928 290
1003 975
1003 1052
974 1037
599 881
599 207
599 303
599 161
17 505
279 720
700 93
1003 771
101 181
101 811
822 773
599 626
974 899
478 927
700 441
870 1122
272 252
974 1093
279 1069
272 1109
291 71
974 856
599 403
700 314
974 1086
700 850
101 1068
272 33
1003 181
599 215
960 738
1106 102
267 393
280 666
928 1103
974 892
17 363
599 1109
928 804
1003 418
494 560
17 683
17 1043
822 1025
974 168
928 897
272 703
478 152
272 290
700 712
870 814
449 892
449 209
974 266
272 296
700 540
272 94
17 67
449 192
188 881
599 299
700 625
290 600
928 1029
974 1102
822 553
272 800
822 938
267 111
1003 242
280 653
700 73
928 349
599 773
449 878
290 421
279 415
700 42
280 723
928 609
279 561
974 151
599 1062
280 335
17 414
272 651
700 559
700 697
599 45
272 584
700 816
599 429
272 415
478 27
280 464
1106 593
449 352
290 809
188 754
974 366
928 790
928 939
700 1118
1045 854
1045 1001
1106 393
1106 11
494 1012
272 754
272 816
101 259
279 1109
279 193
870 56
272 371
101 99
974 201
267 555
974 860
280 693
974 1049
928 73
700 169
279 343
599 915
960 838
974 790
974 356
494 710
1106 1111
280 610
291 1021
599 293
280 595
870 927
1003 167
928 590
279 85
279 787
928 601
928 866
101 120
279 710
974 444
974 464
928 309
279 178
599 296
1130 637
599 376
928 655
599 119
272 467
280 437
101 194
279 824
279 844
599 692
267 186
700 367
974 611
1045 57
928 579
700 144
291 339
1106 1011
928 556
272 452
960 844
279 133
272 1063
279 1021
280 748
267 985
974 715
822 824
974 533
101 640
449 1059
449 216
17 1079
1003 1079
974 120
272 508
1003 482
279 1055
101 827
279 317
599 31
928 466
974 722
960 454
280 135
272 612
101 554
101 453
599 402
290 1087
822 581
272 1120
280 866
101 574
700 546
1045 325
449 357
280 475
599 891
272 640
974 292
267 925
928 255
1045 1118
599 1055
272 644
928 600
101 992
279 713
272 1035
290 617
279 767
280 379
974 1131
928 828
599 636
188 171
960 148
1045 500
279 699
700 1079
267 1003
928 605
267 599
17 789
700 146
478 812
870 596
960 931
700 598
974 119
478 748
280 433
478 931
700 1012
1045 820
928 307
280 1026
974 1080
17 270
960 987
494 938
960 927
928 1056
272 9
974 347
279 294
599 804
272 245
449 248
974 631
279 546
272 952
1003 657
974 754
599 470
101 109
272 659
279 143
870 531
280 270
599 351
272 907
101 733
599 537
478 288
280 18
1106 3
279 619
974 619
960 1013
599 763
478 135
700 66
599 845
599 865
279 361
974 248
1106 676
267 497
101 601
272 157
267 501
1045 1087
279 652
449 163
599 211
101 865
928 1000
974 932
449 351
267 281
599 840
700 100
1003 339
599 798
928 697
101 1101
272 528
449 695
449 829
870 973
928 1116
280 347
449 1032
974 710
272 790
101 975
272 479
974 1075
700 210
870 978
700 267
928 27
1003 3
272 625
974 191
974 334
279 874
974 1056
928 2
599 1060
101 435
449 1127
494 1011
280 640
974 123
870 795
449 657
267 1051
700 1064
280 406
101 448
928 54
928 529
700 382
280 501
1003 637
449 935
449 672
272 1066
280 117
449 520
974 476
974 331
290 911
478 242
974 1126
700 905
449 169
290 521
101 160
449 787
960 440
272 120
599 1107
928 1002
928 104
478 459
449 1025
272 806
290 987
974 1081
870 482
478 251
478 439
101 627
280 307
870 716
700 667
279 417
928 458
960 364
700 8
870 773
449 1058
449 974
928 236
272 211
478 8
188 789
272 98
478 395
1045 406
599 291
599 135
1003 960
700 6
700 889
1003 967
17 314
599 587
1003 453
700 410
599 165
1003 1010
928 551
279 2
101 980
478 28
188 1087
272 750
599 870
101 56
449 434
449 1111
272 370
974 966
974 61
974 920
599 141
700 531
1045 1068
449 76
101 999
700 5
974 217
449 116
272 268
449 645
870 1066
599 158
279 938
599 511
1003 294
700 1116
494 1094
700 488
272 629
974 872
267 172
478 475
272 910
822 14
101 698
279 1066
928 319
1003 768
280 457
700 536
280 33
1106 748
449 1056
1106 437
974 686
928 362
272 104
1130 967
960 467
1130 171
279 517
974 228
974 859
280 453
928 610
928 12
272 635
974 514
101 724
291 325
960 242
599 301
478 96
272 572
449 239
1106 177
599 728
928 355
279 1091
279 11
272 686
974 936
449 271
928 9
599 292
449 379
700 279
449 721
267 355
1106 975
599 57
478 1108
974 312
449 339
272 1039
1045 1084
599 1053
279 228
928 350
272 506
599 752
974 338
928 443
974 1045
599 1016
478 862
101 524
280 639
272 34
974 581
279 1129
974 459
272 647
101 219
101 166
870 1101
928 951
700 595
1045 693
928 156
291 623
700 535
280 441
1045 1079
599 681
290 567
101 800
974 729
974 817
272 1056
280 108
822 129
101 593
17 645
700 202
101 123
1130 14
449 1066
449 268
928 301
101 885
280 172
280 448
272 58
1106 639
272 632
101 990
101 14
449 240
449 765
974 175
974 886
279 289
272 326
272 395
279 804
599 553
279 364
974 705
272 160
974 163
272 0
700 1026
291 1084
1003 965
101 1014
279 172
928 761
974 289
101 539
974 344
974 512
974 979
272 562
449 685
928 241
279 386
599 1045
449 117
1003 83
974 1069
272 426
101 874
928 1094
974 542
494 1025
928 617
449 309
700 28
280 935
290 181
279 277
1045 1109
478 881
449 913
290 824
272 577
272 974
974 243
1003 717
599 369
974 1029
1003 224
928 220
272 257
279 1029
272 1032
267 1000
272 662
279 334
267 1083
290 203
494 1084
960 907
279 1052
279 1061
599 50
478 245
822 881
928 265
700 136
279 948
272 144
974 671
478 412
279 820
974 88
494 79
449 947
449 9
478 844
101 750
1003 915
870 314
267 89
700 40
599 672
960 779
101 256
267 914
599 734
700 359
974 328
974 694
870 288
974 1014
280 436
272 118
599 267
272 319
449 509
1003 670
280 320
478 18
1045 24
449 1070
272 165
279 764
290 1109
928 363
870 508
279 815
101 174
870 1022
1045 1106
279 49
279 394
272 285
280 1078
1130 617
101 77
272 1080
188 841
928 446
960 689
279 812
1045 364
101 942
928 119
101 837
1106 692
1106 334
928 492
449 452
1003 790
267 266
272 60
928 908
478 509
272 515
449 881
267 748
1003 97
599 205
17 808
1003 392
17 968
974 905
272 209
101 167
1106 521
17 975
1106 721
272 1003
870 171
870 540
974 115
279 126
272 1025
599 357
974 735
1130 181
478 45
974 675
974 130
928 380
17 1122
928 810
599 688
478 501
974 247
478 938
700 320
101 79
267 955
279 683
279 976
478 314
700 243
1106 250
272 139
599 63
974 165
928 167
478 773
599 164
928 272
279 688
267 593
928 970
449 166
974 810
279 200
279 239
1106 782
870 729
599 876
449 402
267 598
960 1012
272 726
17 1087
272 566
494 392
928 335
1106 664
279 465
101 169
101 657
280 630
101 664
960 238
960 1089
272 234
449 513
291 270
478 820
267 987
928 226
101 973
272 278
280 1057
1003 492
1003 738
272 255
449 560
272 749
449 16
290 456
599 1047
960 316
449 276
279 527
449 35
272 8
928 731
101 1021
870 537
870 1068
279 316
928 607
17 483
449 644
449 745
599 1004
870 14
101 707
272 516
279 811
599 686
280 80
272 1026
291 738
960 863
280 67
1003 64
700 358
101 140
101 326
272 554
272 725
280 262
478 942
1045 243
1045 710
279 1106
870 547
974 520
928 253
928 904
599 248
267 823
449 1128
1003 122
960 675
870 748
599 777
928 338
599 751
101 255
290 545
822 531
101 344
700 947
928 311
599 93
267 677
17 942
101 955
870 408
1045 408
1106 14
272 367
267 560
928 436
974 665
928 264
449 505
279 184
478 634
478 485
279 120
272 413
974 232
599 377
267 933
280 236
449 842
599 618
478 62
870 310
101 450
272 198
1003 325
599 588
700 646
1106 955
928 133
974 703
272 990
700 53
700 725
267 964
449 556
700 740
279 107
449 835
599 231
928 548
280 506
188 178
960 323
928 864
974 1094
870 382
449 615
478 117
974 610
478 664
272 583
449 1019
449 234
101 13
267 1101
101 515
478 97
449 499
1003 4
17 623
267 122
599 905
101 853
101 600
1106 123
290 506
280 415
272 54
700 970
280 955
599 494
280 669
101 321
974 743
700 180
449 775
974 1008
974 346
449 577
272 316
960 413
928 872
1003 16
449 744
449 138
449 957
449 924
279 1078
272 1097
478 722
449 154
279 1082
267 863
928 911
1045 613
700 1037
267 118
928 308
280 112
279 596
279 280
279 92
280 767
928 486
928 447
974 137
280 599
974 1004
279 777
1106 988
928 544
290 637
960 591
928 672
272 428
449 960
870 325
928 21
599 188
449 963
974 110
280 287
822 1108
599 857
101 843
272 1013
279 104
449 387
279 770
928 180
599 1025
928 745
599 811
928 1110
700 668
1106 111
291 773
272 553
280 726
974 591
960 255
478 418
280 633
960 572
272 912
449 662
101 135
928 879
700 117
272 128
960 550
267 455
478 987
974 267
700 650
1003 1026
272 616
974 487
960 630
928 1034
279 534
478 1033
279 105
1106 677
974 947
279 226
928 878
272 62
599 26
280 1
974 7
279 455
272 288
928 513
101 184
272 854
974 504
101 819
700 1057
280 762
700 1058
870 920
1003 373
1106 600
599 70
272 373
928 68
1130 623
272 10
928 516
599 825
1003 436
267 94
272 186
279 620
272 812
960 977
272 365
700 734
928 874
974 507
700 919
700 1076
449 270
279 257
974 838
280 486
1106 926
272 641
272 100
960 978
960 558
599 225
1045 716
272 717
599 35
279 43
267 929
928 889
279 488
478 506
974 875
267 785
928 454
1106 318
599 571
478 817
478 710
279 93
449 417
960 655
1003 314
449 28
101 940
700 265
280 32
974 259
599 506
1130 463
870 330
449 927
449 941
272 568
272 334
101 1048
449 74
478 747
1003 525
928 347
101 1033
101 441
272 57
279 274
290 229
478 805
1130 824
101 665
449 604
290 872
928 127
280 938
700 1119
974 1031
1130 553
267 214
974 410
272 502
449 479
700 190
267 659
280 260
449 761
974 324
599 479
101 6
928 952
1003 736
279 1027
272 621
822 211
1003 1023
928 920
449 854
280 294
1106 547
279 1000
279 389
280 91
449 769
870 727
1003 1053
822 729
928 187
1045 601
267 485
1106 775
279 463
1003 1072
267 829
280 388
974 831
1003 433
272 1081
494 968
17 506
974 968
279 872
1045 1037
267 607
700 786
267 938
599 490
279 551
279 673
1003 904
478 715
272 559
822 608
700 496
291 558
928 370
599 546
928 206
101 555
1045 447
279 19
279 420
449 998
279 137
280 363
279 629
822 505
101 164
272 603
1130 1116
1106 931
974 1042
974 1113
599 611
279 654
267 521
280 744
449 763
101 635
279 868
449 47
974 986
599 154
928 1092
960 966
974 858
279 471
478 1047
1003 244
101 1087
1045 608
974 1082
101 518
101 607
700 1050
700 784
478 691
700 809
267 141
1130 111
1130 229
1003 1022
974 54
700 376
870 679
960 463
279 211
101 650
280 648
974 321
449 1004
960 953
478 1116
101 83
101 315
279 20
101 39
928 777
272 636
272 312
280 31
478 22
974 153
267 430
870 1087
17 78
17 883
272 242
279 751
267 738
101 97
599 25
449 952
1045 645
822 247
478 339
272 1024
599 288
599 742
700 237
279 921
279 433
928 671
280 931
449 900
272 277
280 773
280 1013
280 264
974 704
279 825
449 409
188 508
700 755
188 844
700 669
449 264
279 71
928 341
101 103
928 663
279 519
1003 266
280 725
822 141
280 289
599 973
101 397
1003 1087
974 450
974 620
272 926
700 1128
280 83
960 941
279 836
272 835
267 1011
280 902
280 837
1130 408
267 397
188 645
101 393
599 419
267 318
267 966
974 145
928 88
1130 257
700 300
101 535
280 724
599 404
478 227
928 376
700 249
599 581
974 391
700 993
1045 1057
101 1052
272 36
449 483
928 91
599 693
280 1075
928 37
928 533
478 954
272 996
599 179
101 1036
974 645
279 426
1045 570
101 318
279 703
478 700
974 721
1106 762
279 496
1003 1074
928 1032
700 568
478 876
101 1018
928 638
599 283
449 305
960 915
279 475
449 197
599 543
1003 923
599 706
928 404
449 1062
700 926
280 314
928 41
1106 463
974 76
928 366
101 455
17 57
449 435
478 302
272 166
700 557
1106 553
700 986
279 117
599 421
280 818
599 335
700 118
272 525
1130 915
1003 1004
272 626
280 782
960 512
928 581
279 456
599 1011
700 371
272 265
290 916
928 1122
599 98
1106 368
960 934
1045 945
272 745
267 635
974 907
280 618
974 983
280 129
822 56
1045 885
280 646
101 462
272 789
599 735
700 849
291 447
974 659
449 72
1045 453
280 872
272 642
449 252
1003 368
974 964
290 328
974 1079
478 602
700 681
280 976
449 214
974 549
974 539
272 369
101 452
267 508
599 38
599 897
478 856
1045 920
1106 631
272 1050
272 364
267 243
928 900
272 1062
974 1015
272 1067
928 375
101 454
974 922
1130 720
279 459
272 518
700 854
290 168
267 460
101 612
280 808
280 228
449 131
599 893
599 411
974 50
101 1090
101 40
478 440
272 423
101 872
599 444
700 871
449 988
478 570
101 541
449 1073
449 579
279 626
1106 288
599 486
1106 551
279 578
928 452
700 1018
272 1112
17 985
267 819
449 578
279 544
974 1108
279 4
280 234
272 585
960 5
974 734
1003 518
280 184
279 64
272 615
1045 347
101 957
822 186
101 675
101 565
1045 755
700 1008
279 87
101 1110
449 1009
279 1057
279 799
928 756
822 854
1130 328
17 413
478 611
449 712
1003 987
928 1089
101 262
101 270
928 340
280 396
960 127
272 317
101 647
279 1017
101 510
267 916
700 106
279 353
272 900
1130 1102
599 302
279 953
272 555
1106 210
974 1121
1045 338
1045 807
974 1066
280 1130
700 983
599 269
279 967
599 540
1003 1067
974 879
974 452
960 1101
599 339
1045 741
700 884
449 259
700 836
267 242
974 607
599 1051
272 124
928 130
280 1106
280 795
870 700
599 1117
478 308
974 193
280 356
272 207
272 390
974 470
478 16
928 28
449 105
280 1000
101 520
279 889
279 1036
974 358
928 718
928 844
280 187
700 1007
1003 455
928 296
279 695
290 513
478 72
700 451
599 181
449 830
928 1019
101 1041
599 473
974 615
700 462
280 908
1045 111
449 332
1106 916
272 892
599 1033
279 302
449 764
599 224
17 966
960 485
822 243
974 114
280 1043
272 1084
928 882
599 1010
928 1004
928 536
101 876
267 975
599 691
870 206
700 713
928 344
599 56
280 831
928 490
101 677
700 290
494 975
449 743
280 598
974 316
599 633
1045 927
101 1059
267 1016
449 89
101 428
449 975
279 1113
700 339
700 804
700 526
280 753
974 144
478 318
101 195
974 951
1106 268
101 271
928 747
1003 184
101 401
267 314
700 16
870 607
290 581
279 747
267 56
101 222
478 762
280 120
928 438
494 645
700 584
1130 992
279 206
279 153
1045 42
272 74
101 899
974 871
1106 540
280 735
101 573
599 832
449 628
928 487
101 747
272 565
449 287
974 491
1106 364
101 404
960 447
960 353
928 726
599 1093
279 919
700 593
974 917
478 199
928 1043
101 496
599 573
272 343
1045 823
928 279
960 28
928 1008
272 155
928 240
279 521
280 1041
974 385
478 103
280 959
267 289
280 362
478 327
870 1116
599 171
272 175
599 965
279 996
700 1016
700 177
280 63
267 495
280 763
279 356
1003 713
599 105
272 130
974 98
960 976
272 787
928 77
449 4
449 687
280 731
928 941
974 455
272 210
279 403
478 156
449 275
928 300
599 520
700 1131
599 148
101 694
272 396
928 1068
700 149
928 278
1003 741
280 858
700 872
599 846
928 192
279 908
599 182
188 96
101 71
700 426
267 50
188 1066
449 121
449 1050
272 152
599 262
700 1028
1045 129
599 417
599 841
279 165
280 813
974 677
290 547
449 1097
700 627
279 784
494 623
291 1101
1045 339
478 920
928 183
17 71
960 559
291 156
974 420
599 936
101 96
279 765
280 823
449 419
279 263
974 1103
279 1098
279 283
974 480
1003 905
1003 328
974 121
17 364
272 181
272 599
974 1067
599 557
700 449
928 406
928 138
599 367
1045 245
478 1053
272 470
290 508
272 633
599 82
449 114
101 796
272 689
280 454
928 49
1045 901
974 490
17 278
280 1005
928 1130
974 1009
279 156
272 921
928 343
272 897
599 453
279 934
280 351
279 1051
974 458
1045 259
101 803
101 666
974 588
928 1123
974 755
280 132
700 336
928 518
870 319
928 1028
700 55
272 534
700 260
279 911
280 25
279 537
280 467
974 1084
449 263
599 787
478 560
700 380
960 653
267 310
272 114
599 664
267 31
449 886
478 681
974 1016
599 67
599 871
478 392
1106 304
928 559
494 1007
272 894
700 141
700 1039
928 379
599 890
599 744
449 474
279 79
272 335
449 1023
822 685
974 807
272 1091
1106 142
279 100
272 393
974 933
272 935
478 1010
272 772
599 580
1003 1111
960 876
700 397
974 383
449 31
960 837
974 604
272 1029
101 382
1106 492
272 23
101 376
478 951
599 768
700 908
267 837
1045 277
449 1108
280 996
279 819
449 802
101 338
101 1069
280 522
449 181
928 327
599 1130
101 1005
272 294
272 392
974 1035
1003 602
279 1042
290 334
279 385
928 812
700 969
449 1092
928 829
272 1085
280 1051
928 1022
101 797
280 517
101 84
960 180
101 24
101 920
280 895
974 398
928 730
700 460
960 715
272 569
974 681
599 316
449 808
279 875
700 139
974 1100
101 1043
960 408
272 168
1130 754
974 902
974 208
272 289
700 277
449 286
1045 754
17 934
279 319
272 81
101 503
272 185
267 685
279 946
279 557
272 774
279 281
17 229
822 738
267 768
700 719
101 1119
101 852
974 741
700 287
478 255
870 1106
279 111
599 894
449 620
974 485
449 38
700 597
974 10
272 53
928 664
280 785
974 71
272 530
101 361
1106 817
599 313
974 36
272 26
974 370
599 843
17 757
478 1112
101 384
101 479
1003 142
974 744
928 508
1130 418
1003 430
478 1075
1106 392
188 292
449 1049
1130 920
279 344
599 198
700 687
960 50
928 102
280 303
267 584
101 327
928 827
101 722
928 769
279 722
700 129
267 653
449 531
599 565
279 852
279 470
101 1057
928 1027
101 1037
974 730
17 141
449 515
599 366
272 274
928 934
101 858
280 175
449 906
960 1074
279 322
291 229
599 1001
272 1101
700 167
449 519
974 685
101 266
928 670
870 181
1003 432
279 667
1045 572
870 177
291 171
974 696
101 912
599 872
290 896
974 737
599 1069
101 1067
928 735
1003 421
1003 918
599 201
870 421
1045 900
928 582
928 132
599 560
279 993
478 538
101 709
272 264
272 732
449 574
272 730
478 925
1130 57
101 528
928 197
700 111
494 508
1003 257
974 1005
974 2
272 382
1045 296
928 219
599 816
960 617
928 616
101 801
272 489
272 444
272 224
267 634
928 1033
700 105
272 795
290 540
870 549
101 1078
599 204
1003 613
478 304
1130 122
928 306
928 925
974 820
272 69
101 500
1045 963
700 848
272 582
928 389
960 1086
974 236
974 683
267 796
928 629
478 549
279 38
279 965
291 318
279 13
928 562
280 750
494 872
700 545
599 747
960 845
1003 99
1106 826
700 847
279 581
974 173
449 1122
928 713
478 223
272 618
272 361
267 67
290 436
974 601
599 589
279 146
822 934
870 980
279 368
1106 925
960 821
599 1064
272 886
279 1127
974 372
290 148
599 466
267 388
279 315
272 617
101 354
974 719
101 966
101 489
822 941
974 955
1003 168
279 80
272 275
1003 1116
974 842
272 205
188 518
974 837
870 42
280 22
272 409
599 663
280 682
700 529
279 63
822 1101
928 337
101 964
449 590
478 1016
1106 1053
188 738
599 550
928 415
101 335
449 493
974 674
280 998
599 1043
928 394
280 497
279 350
267 693
700 931
974 689
279 862
279 727
267 506
974 732
449 162
870 113
101 154
279 247
290 1079
272 961
928 26
974 355
478 109
280 743
449 562
101 961
1045 122
599 786
822 915
700 182
272 323
928 953
599 86
1045 675
449 996
928 297
928 573
272 107
280 43
478 934
279 191
974 626
272 873
449 877
267 1057
272 230
17 814
974 894
928 221
279 489
279 410
1045 883
272 1065
267 881
599 104
1045 972
449 410
928 245
280 1025
870 89
280 580
928 346
449 173
870 304
272 587
974 415
1130 653
1003 1057
599 440
101 157
700 930
279 418
1045 401
822 71
700 1001
267 262
599 978
279 256
599 719
599 741
974 1091
279 152
928 717
279 730
478 253
272 246
1106 961
928 608
974 863
1106 649
928 528
449 532
928 97
449 1002
974 650
449 985
280 871
928 575
974 657
974 378
280 164
1106 1057
494 1087
279 816
974 551
272 791
960 1114
1003 111
449 566
279 556
928 249
272 764
928 1127
599 469
700 634
822 339
101 630
928 923
279 196
279 1121
1003 278
928 422
928 1093
449 944
700 779
17 186
280 874
449 972
17 220
599 130
928 105
17 992
272 776
599 551
960 251
1106 180
279 466
1106 992
101 1100
272 287
700 877
960 1087
101 1029
974 1003
928 125
928 839
188 547
822 942
478 797
272 1070
1003 364
928 1101
928 230
478 368
1003 247
1106 1127
928 618
267 591
279 973
280 957
279 693
267 868
928 248
599 563
272 101
1003 1070
272 1100
280 273
449 930
272 159
101 1011
280 447
974 8
188 122
928 1124
700 861
279 570
974 502
101 232
272 1051
478 638
272 590
279 221
272 355
449 330
478 752
449 720
279 813
974 847
280 811
974 147
279 627
267 304
1045 795
279 335
279 135
267 456
974 1046
928 207
599 887
272 799
960 959
290 37
267 767
101 1086
267 981
272 197
267 273
272 658
279 507
1106 680
700 838
494 296
822 868
17 634
449 10
974 83
279 166
700 937
928 334
928 775
599 193
449 660
478 523
279 603
280 873
974 172
449 911
188 453
599 603
279 141
928 185
1045 108
449 647
599 839
279 16
928 752
928 944
974 249
101 216
449 136
272 4
272 690
928 656
1106 524
101 328
1045 1007
1106 322
449 794
700 297
279 131
280 452
599 298
279 668
272 959
101 946
449 245
280 892
700 389
1045 1075
478 940
870 496
272 524
101 43
101 278
1045 314
267 896
974 895
974 484
928 901
700 109
478 655
1003 229
101 674
599 274
101 78
280 5
599 727
960 1084
267 84
494 425
449 820
960 798
449 656
700 467
17 97
974 578
700 817
599 48
272 324
267 107
599 909
928 276
974 836
974 212
272 906
1003 20
267 413
974 560
272 702
272 1059
478 754
1106 533
599 216
279 1032
280 613
974 638
101 390
1130 71
599 707
870 560
449 545
928 860
267 773
478 71
449 919
974 118
478 171
700 613
279 613
974 109
280 918
101 886
928 870
280 518
478 113
1045 518
974 852
280 95
1003 512
599 1028
599 602
280 390
279 295
272 858
700 304
272 148
101 246
449 926
822 482
928 354
700 833
449 292
700 263
280 681
280 1009
101 105
280 205
272 1018
267 356
1106 720
279 774
494 553
700 639
101 1125
1106 395
272 279
1045 982
974 552
272 136
290 1010
1003 875
280 237
449 986
599 1094
1106 522
960 553
928 403
449 670
279 788
599 77
101 587
599 73
700 857
267 844
974 513
599 259
449 1039
272 1060
272 995
928 631
960 96
267 926
272 243
279 675
279 513
272 741
1130 210
1003 685
291 257
478 180
928 538
290 694
599 136
700 1047
700 940
101 637
272 1083
272 46
101 1096
279 348
478 1081
974 967
700 953
599 759
700 835
599 981
272 441
280 295
279 90
280 730
478 613
1003 95
928 620
928 650
279 979
928 99
974 841
280 901
280 288
974 419
1003 851
599 519
928 386
974 416
1003 785
272 115
291 122
449 471
267 156
101 316
1106 693
101 569
279 207
1045 395
599 87
449 824
279 753
974 13
974 52
928 909
700 1084
974 697
974 103
974 923
272 677
280 936
449 804
599 645
101 410
870 534
928 89
599 374
870 580
700 964
449 731
928 414
449 1080
700 651
870 715
449 405
449 1047
478 1000
272 721
1106 164
267 1114
279 6
188 775
928 771
279 240
700 1036
478 653
599 508
974 421
267 865
279 768
101 460
960 265
267 205
272 586
1106 1004
279 81
280 368
928 666
272 905
700 778
449 256
1045 950
279 109
974 603
700 82
974 237
870 558
272 238
960 1043
928 803
700 547
449 1085
928 785
290 765
700 581
449 727
1003 334
280 397
280 376
928 1047
928 294
974 627
272 598
272 592
700 591
449 875
928 317
272 767
478 417
449 1035
974 629
974 716
279 808
291 659
478 780
267 757
599 477
1106 484
1106 193
17 560
700 450
279 454
101 987
974 1024
17 558
291 560
267 247
928 800
700 289
599 220
267 479
449 546
1003 760
478 256
449 811
101 628
279 731
101 537
279 945
272 654
272 880
188 540
272 401
960 814
700 272
960 933
599 1017
700 479
280 567
1003 322
101 230
928 956
267 1086
449 1109
960 537
928 772
449 698
17 1072
101 233
101 22
599 993
960 725
974 1
974 660
960 71
279 124
870 96
974 931
272 384
700 155
700 619
101 577
272 727
700 240
101 391
449 472
279 59
928 172
17 253
974 408
272 1131
928 1078
478 990
449 724
599 113
1045 1129
279 902
267 1088
272 389
599 616
599 142
291 334
279 259
101 153
449 384
599 28
290 236
700 316
974 880
449 73
280 392
928 809
974 728
478 580
279 587
272 350
280 637
449 994
188 623
1106 841
974 756
17 897
928 517
17 798
279 1077
101 553
101 45
449 805
17 933
449 634
1045 508
272 558
279 869
280 647
279 871
17 1068
1003 58
478 496
272 388
822 645
599 416
599 328
101 1066
272 1123
267 613
960 825
280 204
494 1079
280 715
449 184
290 1051
974 94
928 59
449 575
1003 14
960 710
101 585
279 1063
974 646
700 327
280 738
101 1031
478 1014
1106 556
272 1004
280 974
1130 397
599 1012
928 371
822 900
478 819
272 28
1003 348
960 720
279 526
700 1120
974 96
599 4
101 860
279 1016
974 429
974 339
974 1127
279 1128
599 200
272 971
279 8
449 725
272 808
279 436
272 327
599 761
279 831
974 702
928 793
599 1024
1003 647
974 136
974 792
101 498
599 129
700 67
870 356
291 664
280 868
974 494
974 935
928 418
272 1022
928 19
17 540
870 967
928 832
267 876
599 533
272 701
822 365
928 200
272 22
700 1087
101 1097
1045 25
700 896
279 500
449 637
1045 454
272 542
928 567
1130 540
101 474
101 645
928 834
279 858
272 979
267 812
478 320
272 1058
960 111
449 557
449 1055
101 238
700 601
700 793
1003 84
928 174
280 963
267 662
700 979
870 968
449 800
449 348
290 725
599 143
974 868
478 584
101 362
599 268
494 1101
449 540
267 44
599 74
280 229
960 937
272 780
928 667
928 630
870 900
1106 778
272 286
700 158
928 135
974 1060
1045 382
279 1064
279 646
1106 973
280 539
279 54
822 1085
478 808
599 375
974 791
272 321
928 976
272 844
279 139
1106 435
700 704
478 1094
599 123
870 168
478 673
700 975
101 1012
280 177
700 954
279 999
280 711
822 992
267 540
1045 815
928 988
599 364
928 449
279 149
478 1074
870 111
272 982
1130 1072
974 992
272 817
101 179
478 10
960 881
870 841
188 339
870 45
449 119
974 381
870 548
272 438
279 691
449 41
101 148
101 257
279 446
449 142
449 392
974 197
974 592
449 619
974 170
279 359
272 42
599 844
700 955
188 992
478 721
272 650
101 475
290 172
267 255
928 33
279 468
279 345
272 601
1045 495
700 934
478 1086
101 995
822 634
822 327
928 987
1003 71
449 946
272 328
928 512
478 46
478 890
928 788
1045 624
280 965
928 1131
449 754
822 401
449 159
928 209
279 1110
101 268
279 55
449 222
928 488
101 280
267 940
478 1057
1003 830
478 980
700 377
279 391
599 823
928 553
290 838
960 819
280 499
101 1111
279 296
478 348
928 182
101 162
478 1006
700 537
1003 1106
279 961
101 653
974 80
700 423
279 249
272 663
599 150
272 201
870 141
928 170
101 916
974 876
928 1120
267 225
101 312
700 567
928 1071
267 945
101 485
599 596
1045 938
928 1003
599 555
279 88
291 755
599 32
272 668
17 916
1003 106
974 540
599 271
960 548
280 777
272 330
599 606
974 216
1045 632
974 887
101 417
449 491
1045 631
101 545
279 150
974 198
960 570
280 978
974 32
974 345
267 821
478 454
928 614
700 730
1130 630
280 993
280 252
267 447
928 55
974 779
449 1012
1106 256
599 952
1106 617
974 428
700 626
700 334
870 555
870 479
280 521
272 671
188 181
279 203
700 553
279 128
267 548
478 278
822 3
960 404
101 561
1106 896
599 951
960 756
1045 1067
279 740
279 1131
280 991
101 761
280 568
279 601
272 908
928 81
279 1114
272 1017
279 718
279 205
928 103
279 411
188 229
599 405
272 227
928 698
279 592
478 646
1130 531
272 315
272 814
272 955
928 479
267 702
478 398
822 1084
928 705
279 504
974 766
928 1072
279 236
272 863
974 1125
1045 738
974 1123
449 1069
1045 288
279 854
478 760
478 915
17 241
279 955
974 1044
599 194
272 706
279 940
960 757
101 784
17 750
700 765
928 109
101 348
101 144
974 778
279 682
1045 799
280 674
280 1014
974 211
478 123
1003 690
188 506
494 270
478 448
280 477
478 642
272 229
928 196
960 334
928 742
1003 763
449 386
272 19
101 895
280 900
599 623
272 215
267 353
279 712
974 369
280 148
928 193
478 791
280 350
928 930
449 936
700 747
599 1099
1106 1010
928 210
1106 117
599 941
280 240
700 907
101 30
188 824
928 202
700 1052
101 379
280 16
599 79
928 134
279 262
279 405
280 338
974 234
928 95
279 541
599 999
974 1087
974 1026
279 909
1045 559
291 392
279 515
449 446
928 1052
974 888
974 1105
279 1074
279 746
974 794
101 236
101 1109
974 736
101 136
974 834
1003 557
599 1074
974 240
272 429
279 1024
101 231
279 346
700 580
101 977
101 862
599 499
478 6
17 736
478 969
449 949
272 248
974 829
279 347
599 482
974 359
279 425
279 450
974 278
870 950
974 562
101 205
700 532
700 22
290 560
599 212
1106 933
1130 292
101 274
279 52
478 771
279 1090
279 851
700 503
700 500
280 549
974 706
700 1044
279 736
928 577
928 746
928 914
1106 347
17 1084
599 534
101 1054
272 307
17 180
272 933
478 221
599 640
188 118
960 335
599 166
1045 181
599 570
101 1123
279 554
478 13
