43 891
43 868
43 583
43 410
43 509
43 379
43 708
43 717
43 65
43 580
43 194
43 742
43 452
43 128
43 267
43 177
43 19
43 584
43 772
43 502
43 294
43 886
43 504
43 235
43 468
43 111
43 726
43 540
43 124
43 869
43 291
43 732
43 184
43 658
43 586
43 449
43 696
43 613
43 636
43 448
43 902
43 561
43 29
43 344
43 864
43 381
43 6
43 549
43 491
43 163
43 88
43 881
43 877
43 259
43 249
43 126
43 534
43 678
43 374
43 451
43 180
43 105
43 528
43 874
43 23
43 562
43 823
43 20
43 102
43 263
43 9
43 883
43 210
43 285
43 7
43 302
43 582
43 425
43 653
43 656
43 255
43 127
43 400
43 115
43 780
43 592
43 507
43 4
43 31
43 664
43 212
43 876
43 13
43 505
43 479
43 895
43 154
43 357
43 574
43 578
43 241
43 145
43 339
43 722
43 377
43 546
43 594
43 493
43 735
43 47
43 144
43 225
43 209
43 360
43 216
43 866
43 488
43 346
43 76
43 845
43 786
43 408
43 811
43 35
43 900
43 635
43 566
43 455
43 481
43 730
43 55
43 162
43 591
43 892
43 827
43 465
43 321
43 57
43 41
43 91
43 192
43 213
43 571
43 634
43 363
43 27
43 188
43 98
43 904
43 223
43 567
43 803
43 53
43 496
43 503
43 244
43 539
43 626
43 888
43 517
43 398
43 810
43 795
43 790
43 279
43 483
43 372
43 336
43 824
43 685
43 368
43 221
43 906
43 123
43 141
43 0
43 609
43 901
43 438
43 544
43 135
43 848
43 809
43 276
43 879
43 101
43 721
43 793
43 556
43 397
43 50
43 45
43 564
43 835
43 211
43 667
43 514
43 500
43 265
43 506
43 839
43 404
43 513
43 694
43 724
43 422
43 300
43 174
43 683
43 439
43 165
43 459
43 264
43 785
43 590
43 741
43 443
43 649
43 867
43 401
43 884
43 494
43 555
43 246
43 426
43 36
43 343
43 728
43 391
43 316
43 776
43 489
43 684
43 387
43 593
43 197
43 787
43 373
43 30
43 200
43 395
43 153
43 644
43 364
43 39
43 521
43 81
43 116
43 399
43 739
43 639
43 749
43 272
43 736
43 365
43 130
43 444
43 563
43 830
43 214
43 16
43 11
43 497
43 535
43 472
43 537
43 605
43 668
43 457
43 298
43 581
43 236
43 791
43 820
43 413
43 315
43 268
43 429
43 146
43 92
43 442
43 203
43 108
43 731
43 572
43 250
43 778
43 252
43 538
43 771
43 52
43 753
43 125
43 151
43 121
43 670
43 310
43 525
43 841
43 691
43 405
43 215
43 256
43 453
43 207
43 96
43 160
43 463
43 306
43 601
43 434
43 191
43 641
43 388
43 317
43 766
43 248
43 716
43 22
43 87
43 486
43 822
43 182
43 523
43 337
43 673
43 418
43 659
43 239
43 245
43 269
43 86
43 781
43 152
43 629
43 219
43 440
43 842
43 427
43 281
43 859
43 768
43 570
43 296
43 763
43 159
43 331
43 836
43 806
43 804
43 8
43 82
43 857
43 529
43 12
43 743
43 547
43 707
43 3
43 599
43 319
43 234
43 238
43 334
43 258
43 587
43 856
43 157
43 414
43 420
43 356
43 752
43 71
43 431
43 553
43 720
43 854
43 672
43 625
43 612
43 435
43 18
43 206
43 240
43 660
43 698
43 882
43 24
43 198
43 382
43 205
43 873
43 73
43 705
43 282
43 185
43 510
43 384
43 690
43 297
43 887
43 631
43 385
43 648
43 661
43 515
43 894
43 846
43 164
43 542
43 25
43 799
43 417
43 320
43 340
43 789
43 183
43 723
43 228
43 104
43 323
43 251
43 779
43 784
43 638
43 303
43 577
43 651
43 378
43 762
43 710
43 288
43 349
49 840
49 805
49 306
49 28
49 872
49 504
49 115
49 215
49 475
49 69
49 378
49 732
49 502
49 304
49 311
56 248
56 307
56 839
56 785
56 744
56 123
56 448
56 146
56 45
56 560
56 365
56 64
56 237
56 156
56 790
56 459
56 86
56 547
56 110
56 656
56 782
56 630
56 319
56 138
56 411
56 787
56 710
56 666
56 777
56 287
56 285
56 24
56 840
56 77
56 768
56 207
56 856
56 641
56 389
56 577
56 715
56 184
56 165
56 622
56 569
56 243
56 655
56 792
56 555
56 558
56 723
56 894
56 141
56 433
56 127
56 865
56 468
56 741
56 443
56 422
56 83
56 900
56 270
56 410
56 179
56 604
56 215
56 772
56 343
56 675
56 692
56 134
56 500
56 408
56 21
56 471
56 316
56 602
56 635
56 797
56 238
56 803
56 102
56 374
56 328
56 385
56 660
56 25
56 6
56 743
56 434
56 665
56 694
56 773
56 858
56 644
56 419
56 381
56 344
56 290
56 804
56 339
56 899
56 693
56 626
56 97
56 163
56 168
56 152
56 303
56 294
56 116
56 866
56 795
56 652
56 46
56 0
56 888
56 239
56 846
56 576
56 312
56 757
56 190
56 288
56 708
56 73
56 680
56 231
56 624
56 605
56 570
56 621
56 446
56 503
56 76
56 505
56 610
56 68
56 87
56 668
56 494
56 450
56 115
56 651
56 891
56 404
56 814
56 302
56 170
56 566
56 397
62 673
62 747
62 569
62 494
62 152
62 599
62 12
62 239
62 20
62 193
62 0
62 96
62 561
62 748
62 843
62 323
62 865
62 230
62 644
62 602
62 821
62 444
62 138
62 91
62 547
62 167
62 674
62 83
62 248
62 654
62 333
62 624
62 714
62 471
62 330
62 526
62 231
62 221
62 329
62 548
62 655
62 407
62 672
62 759
62 285
62 435
62 86
62 313
62 468
62 894
62 660
62 376
62 715
62 737
62 445
62 804
62 658
62 293
62 25
62 831
62 652
62 883
62 785
62 277
62 223
62 46
62 530
62 61
62 327
62 684
62 28
62 757
62 904
62 716
62 504
62 687
62 68
62 339
62 159
62 241
62 758
62 592
62 596
62 65
62 544
62 24
62 605
62 398
62 505
62 463
62 73
62 272
62 558
62 45
62 18
62 443
62 237
62 446
62 680
62 839
62 328
62 114
62 322
62 629
62 85
62 495
62 571
62 395
62 827
62 503
62 744
62 454
62 385
62 805
62 593
62 502
62 168
62 525
62 316
62 122
62 620
62 566
62 384
62 553
62 135
62 701
62 310
62 450
62 396
62 736
62 575
62 276
62 414
62 343
62 766
62 210
62 632
62 852
62 613
62 426
62 52
62 55
62 224
62 641
62 731
62 299
62 30
62 481
62 211
62 71
62 358
62 823
62 134
62 312
62 151
62 106
62 797
62 292
62 585
62 320
62 35
62 110
62 16
62 719
62 510
62 165
62 732
62 119
62 377
62 401
62 243
62 474
62 387
62 63
62 730
62 232
62 534
62 608
62 800
62 346
62 507
62 862
62 720
62 781
62 306
62 860
62 519
62 591
62 772
62 69
62 410
62 234
62 390
62 539
62 874
62 41
62 340
62 675
62 64
62 104
62 639
62 634
62 298
62 867
62 812
62 252
62 581
110 516
110 206
110 792
110 666
110 157
110 559
110 119
110 346
110 61
110 572
110 423
110 235
110 744
110 278
110 445
110 709
110 624
110 398
110 687
110 639
110 82
110 684
110 116
110 294
110 388
110 85
110 211
110 330
110 433
110 679
110 36
110 285
110 35
110 417
110 298
110 329
110 24
110 210
110 587
110 860
110 496
110 396
110 273
110 558
110 707
110 644
110 64
110 60
110 340
110 391
110 252
110 339
110 443
110 182
110 545
110 426
110 843
110 400
110 908
110 634
110 172
110 153
110 597
110 506
110 288
110 217
110 230
110 241
110 358
110 462
110 375
110 858
110 882
110 530
110 424
110 787
110 599
110 310
110 6
110 178
110 440
110 759
110 505
110 867
110 480
110 165
110 504
110 461
110 166
110 377
110 876
110 302
110 410
110 811
110 143
110 794
110 301
110 604
110 239
110 578
110 881
110 874
110 841
110 656
110 468
110 156
110 87
110 757
110 180
110 7
110 190
110 607
110 451
110 115
110 151
110 836
110 481
110 33
110 801
110 831
110 141
110 158
110 586
110 202
110 566
110 583
110 511
110 785
110 694
110 749
110 50
110 18
110 667
110 509
110 460
110 899
110 497
110 160
110 386
110 791
110 92
110 699
110 715
110 652
110 828
110 91
110 467
110 638
110 738
110 284
110 251
110 11
110 907
110 502
110 645
110 453
110 613
110 651
110 387
110 98
110 892
110 840
110 365
110 793
110 859
110 782
110 608
110 821
110 132
110 355
110 255
110 736
110 489
110 169
110 842
110 9
110 894
110 59
110 672
110 127
110 655
110 621
110 527
110 888
110 173
110 753
110 904
110 723
110 879
110 205
110 838
110 28
110 192
110 109
110 62
110 450
110 163
110 576
110 547
110 47
110 555
110 640
110 374
175 221
175 435
175 85
175 504
175 538
175 235
175 858
175 462
175 508
175 267
175 236
175 733
175 897
175 424
175 793
175 217
175 710
175 59
175 499
175 152
175 312
175 229
175 65
175 672
175 406
175 498
175 661
175 834
175 446
175 134
175 865
175 760
175 87
175 603
175 128
175 71
175 166
175 49
175 209
175 527
175 294
175 374
175 12
175 767
175 335
175 438
175 439
175 384
175 177
175 748
175 822
175 495
175 282
175 548
175 619
175 497
175 804
175 605
175 559
175 237
175 856
175 483
175 468
175 436
175 396
175 202
175 323
175 849
175 9
175 510
175 716
175 241
175 302
175 95
175 811
175 121
175 328
175 742
175 692
175 50
175 355
175 358
175 546
175 761
175 96
175 183
175 909
175 675
175 192
175 905
175 388
175 644
175 445
175 18
175 864
175 442
175 892
175 269
175 398
175 763
175 684
175 624
175 696
175 276
175 576
175 901
175 251
175 293
175 168
175 319
175 204
175 639
175 377
175 799
175 371
175 188
175 702
175 7
175 632
175 455
175 167
175 589
175 309
175 511
175 724
175 694
175 665
175 86
175 230
175 551
175 855
175 891
175 529
175 101
175 560
175 345
175 127
175 330
175 395
175 564
175 105
175 831
175 460
175 888
175 749
175 275
175 109
175 757
175 83
175 52
175 263
175 205
175 532
175 612
175 32
175 76
175 889
175 647
175 24
175 776
175 64
175 456
175 755
175 359
175 272
175 817
175 894
175 433
175 131
175 723
175 868
175 318
175 287
175 540
175 73
175 232
175 368
175 569
175 206
175 58
175 507
175 44
175 667
175 136
175 553
175 347
175 590
175 194
175 857
175 885
175 336
175 472
175 587
175 29
175 599
175 770
175 159
175 620
175 522
175 887
175 40
175 592
175 375
175 555
175 784
175 666
175 418
175 124
175 145
175 417
175 440
175 596
175 448
175 566
175 869
175 426
175 257
175 143
175 280
175 258
175 567
175 288
175 154
175 410
175 577
175 69
175 556
175 668
175 719
175 808
175 333
175 809
175 741
175 662
175 707
175 861
175 114
175 842
175 203
175 480
175 315
175 0
175 369
175 155
175 552
175 530
175 765
187 273
187 645
259 903
259 241
259 466
259 452
259 285
259 500
259 470
259 770
259 892
259 98
259 211
259 385
259 601
259 645
259 124
259 467
259 143
259 138
259 901
259 513
259 184
259 675
259 152
259 231
259 631
259 190
259 256
297 735
297 711
297 83
297 511
297 138
297 231
297 299
297 767
297 168
305 791
305 110
305 579
305 47
305 86
305 785
305 856
305 496
305 842
305 874
305 251
305 757
305 73
355 578
355 467
355 583
355 190
355 312
355 344
355 748
355 33
355 237
355 20
355 221
355 561
355 316
355 159
355 805
355 86
355 433
355 219
355 131
355 735
355 608
355 900
355 322
355 586
355 770
355 73
355 165
355 860
355 755
355 7
355 797
355 468
355 335
355 454
355 138
355 626
355 105
355 622
355 346
355 680
355 158
355 151
355 707
355 629
355 644
355 76
355 184
355 61
355 358
374 694
399 184
399 644
399 707
399 59
399 761
399 180
399 595
399 601
399 35
399 30
399 33
399 358
399 271
399 743
399 217
399 753
399 596
399 735
399 453
399 301
399 186
399 91
399 206
399 525
399 378
399 586
399 469
399 407
399 98
399 604
399 97
399 536
399 79
399 665
399 204
399 741
399 73
399 488
399 511
399 605
399 323
399 622
399 373
399 322
399 119
399 812
399 282
399 629
399 233
399 103
399 230
399 792
399 65
399 485
399 76
399 624
399 355
399 799
399 701
399 333
399 146
399 468
399 349
399 156
399 117
399 44
399 202
399 736
399 772
399 816
399 831
399 297
399 446
399 738
399 555
399 368
399 509
399 340
399 505
399 450
399 445
399 619
399 481
399 300
399 377
399 452
399 13
399 241
399 0
399 516
399 45
399 22
399 908
399 889
399 763
399 151
399 229
399 363
399 288
399 900
399 334
399 765
399 138
399 48
399 28
399 693
399 440
399 325
399 95
399 661
399 515
399 891
399 208
399 777
399 302
399 458
399 841
399 737
399 556
399 684
399 813
399 310
399 856
399 869
399 766
399 852
399 513
399 694
399 585
399 126
399 413
399 237
399 49
399 52
399 589
399 155
399 797
399 836
399 697
399 211
399 128
399 7
399 721
399 715
399 137
399 443
399 710
399 879
399 465
399 214
399 666
399 514
399 124
399 376
399 780
399 874
399 19
399 398
399 645
399 480
399 309
399 726
399 386
399 130
399 647
399 483
399 267
399 774
399 307
399 210
399 388
399 270
399 675
399 800
399 648
399 345
399 385
399 906
399 390
399 576
407 122
407 174
407 110
407 671
407 743
407 440
407 231
407 320
407 62
407 744
407 694
407 240
407 747
407 741
407 525
407 687
407 290
407 325
407 662
407 836
407 569
407 70
407 55
407 629
407 511
407 359
407 601
407 65
407 398
407 909
407 160
407 578
407 622
407 812
407 146
407 450
407 705
407 891
407 476
407 589
407 96
407 78
407 481
407 24
407 902
407 774
407 474
407 585
407 395
407 604
407 301
407 317
407 668
407 536
407 234
407 550
407 790
407 715
407 33
407 373
407 13
407 356
407 217
443 12
443 399
443 497
443 846
443 455
443 368
443 519
443 525
443 446
443 413
443 424
443 190
443 433
443 257
443 652
443 61
443 45
443 303
443 459
443 849
443 647
443 550
443 310
443 86
443 179
443 450
443 322
443 206
443 661
443 740
443 377
443 329
443 866
443 839
443 55
443 500
443 641
443 674
443 549
443 843
443 823
443 193
443 448
443 47
443 122
443 581
443 891
443 462
443 358
443 651
443 172
443 908
443 728
443 22
443 417
443 276
443 253
443 869
443 330
443 204
443 544
443 602
443 752
443 458
443 293
443 905
443 867
443 94
443 737
443 673
443 52
443 78
443 132
443 423
443 154
443 426
443 831
443 208
443 885
443 451
443 429
443 344
443 809
443 333
443 135
443 838
443 184
443 509
443 146
443 53
443 73
443 224
443 753
443 194
443 384
443 152
443 766
443 804
443 626
443 822
443 355
443 159
443 660
443 365
443 320
443 65
443 860
443 639
443 841
443 175
443 690
443 840
443 43
443 31
443 565
443 888
443 64
443 138
443 334
443 251
443 431
443 668
443 346
443 97
443 707
443 813
443 730
443 215
443 791
443 6
443 902
443 376
443 151
443 19
443 814
443 801
443 810
443 312
443 574
443 35
443 856
443 186
443 8
443 671
443 603
443 457
443 795
443 580
443 442
443 538
443 499
454 72
454 381
454 373
454 871
454 211
454 424
454 738
454 450
454 369
454 182
454 834
454 604
454 440
454 804
454 736
454 206
454 452
454 883
454 259
454 488
454 749
454 472
454 801
454 817
454 290
454 563
454 76
454 426
454 639
454 101
454 355
454 68
454 671
454 88
454 732
454 433
454 741
454 841
454 566
454 609
454 887
454 601
454 568
454 487
454 874
454 908
454 279
454 795
454 629
454 165
454 580
454 840
454 24
454 715
454 453
454 447
454 441
454 245
454 319
454 892
454 811
454 62
454 208
454 507
454 474
454 235
454 744
454 905
454 894
454 431
454 0
454 11
454 481
454 476
454 267
454 178
454 497
454 210
454 127
454 899
454 656
454 620
454 110
454 526
454 322
454 578
454 694
454 163
454 680
454 458
454 696
454 336
454 388
515 241
515 424
515 452
515 578
515 558
515 467
515 65
515 461
515 97
515 184
515 645
515 387
515 371
516 571
516 406
516 323
516 810
516 381
516 577
516 660
516 519
516 866
516 312
516 253
516 647
516 839
516 860
516 535
516 333
516 529
516 346
516 87
516 97
516 31
516 269
516 230
516 341
516 22
532 231
532 161
532 841
532 525
532 499
532 491
532 413
532 546
532 585
532 68
532 336
532 483
532 173
532 267
532 48
532 582
532 50
532 406
532 440
532 631
532 500
532 90
532 236
532 463
532 884
532 309
532 908
532 909
532 202
532 214
532 248
532 84
532 751
532 190
532 905
532 874
532 230
532 849
532 126
532 141
532 188
532 24
532 636
532 307
532 560
532 810
558 374
558 69
558 91
558 636
558 440
558 754
558 345
558 423
558 791
558 167
558 580
558 813
558 76
558 468
558 579
558 586
558 720
558 866
558 448
558 417
558 489
558 439
558 462
558 413
558 476
558 275
558 127
558 253
558 143
558 264
558 151
558 419
558 86
558 280
558 848
558 753
558 634
558 465
558 12
558 551
558 141
558 626
558 109
558 828
558 772
558 461
558 668
558 163
558 606
558 144
558 432
558 594
558 373
558 138
558 310
558 323
558 545
558 749
558 89
558 357
558 565
558 763
558 467
558 678
558 714
558 806
558 472
558 534
558 612
558 8
558 180
558 647
558 460
558 495
558 549
558 434
558 728
558 122
558 732
558 716
558 744
558 128
558 838
558 831
558 404
558 22
558 346
558 527
558 671
558 279
558 743
558 602
558 797
558 381
558 854
558 29
558 707
558 398
558 85
558 513
558 892
558 401
558 380
558 83
558 327
558 41
558 492
558 206
558 92
558 61
558 673
558 585
558 635
558 450
558 488
558 227
558 114
558 49
558 11
558 691
558 860
558 681
558 597
558 781
558 591
558 540
558 312
558 706
558 418
558 190
558 329
558 575
558 395
558 843
558 539
558 777
558 52
558 877
558 224
558 502
558 405
558 97
558 608
558 474
558 519
558 78
558 184
558 722
558 45
558 79
558 840
558 559
558 267
558 868
558 814
558 651
558 287
558 98
558 896
558 47
558 496
558 376
558 4
558 498
558 84
558 302
558 767
558 424
558 891
558 799
558 609
558 426
558 211
558 737
584 901
584 205
584 50
584 166
584 846
618 50
618 166
618 629
618 803
618 450
618 24
618 273
618 219
618 467
618 872
618 722
618 568
618 715
618 605
618 679
618 644
618 211
618 570
618 879
618 372
618 11
618 322
618 184
618 461
618 846
618 33
618 482
618 449
618 903
618 591
618 45
618 241
618 190
618 494
618 635
618 901
618 871
618 895
618 771
624 31
624 96
624 212
624 707
624 405
624 120
624 544
624 577
624 329
624 390
624 869
624 497
624 424
624 279
624 559
624 631
624 888
624 412
654 246
654 122
654 791
654 235
654 175
654 575
654 674
654 716
654 668
654 468
654 806
654 459
654 404
654 632
654 179
654 19
654 69
654 172
654 376
654 592
740 446
740 869
740 235
740 168
740 291
740 871
740 770
740 153
740 68
740 760
740 165
740 256
740 53
740 312
740 442
740 548
740 648
740 413
740 450
740 175
740 537
740 114
740 122
740 132
740 619
740 831
740 613
740 595
740 109
740 817
740 865
740 217
740 408
740 368
740 333
740 237
740 519
740 856
740 583
740 467
740 345
740 694
740 11
740 670
740 631
740 678
740 275
740 101
740 92
740 527
740 224
740 285
740 395
740 447
740 753
740 375
740 424
740 444
740 236
740 388
740 125
740 102
740 7
740 183
740 608
740 888
740 300
740 463
740 344
740 891
740 108
740 486
740 41
740 234
740 398
740 806
740 512
740 514
740 664
740 73
740 24
740 56
740 163
740 654
740 155
740 231
740 214
740 167
740 723
740 431
740 511
740 371
740 43
740 190
740 335
740 494
740 223
740 443
740 124
740 503
740 411
740 717
740 839
740 127
740 432
740 340
740 797
740 207
740 586
740 334
740 91
740 366
740 906
740 791
740 76
740 516
740 2
740 151
740 748
740 669
740 184
740 709
740 85
740 624
740 849
740 651
740 495
740 229
740 574
740 518
740 290
740 804
740 708
740 157
740 841
740 50
740 46
740 523
740 842
740 823
740 204
740 233
740 210
740 730
740 498
740 908
740 452
740 221
740 897
740 355
740 211
740 292
740 721
740 493
740 864
740 772
740 556
740 752
740 96
793 540
793 247
793 873
793 678
793 500
793 778
793 187
793 902
793 463
793 639
793 27
793 588
793 295
793 378
793 311
793 209
793 616
793 467
793 3
793 284
793 816
793 708
793 125
793 475
793 313
793 439
793 443
793 420
793 270
793 424
793 292
793 821
793 486
793 220
793 309
793 882
793 50
793 429
793 200
793 133
793 45
793 107
793 797
793 867
793 633
793 493
793 171
793 430
793 208
793 359
793 638
793 338
793 153
793 614
793 909
793 174
793 850
793 260
793 566
793 669
793 16
793 687
793 388
793 542
793 780
793 183
793 382
793 15
793 48
805 146
805 468
805 147
805 424
805 496
805 211
805 629
805 601
805 792
873 768
873 110
873 568
873 586
873 576
873 680
873 20
873 797
873 33
873 481
873 752
873 229
873 94
873 355
873 408
873 433
873 468
873 155
882 424
895 608
895 86
895 55
895 578
895 804
895 95
895 576
895 516
895 346
895 71
895 433
895 20
895 407
895 748
895 680
895 579
895 190
895 624
895 343
895 481
895 424
895 7
895 288
895 255
895 468
895 410
895 792
895 831
895 727
895 68
895 504
895 620
895 626
895 312
895 128
895 752
895 732
895 219
895 330
895 467
895 641
895 795
895 905
895 119
895 83
895 561
895 62
895 753
895 281
895 852
895 165
895 355
900 707
900 772
900 799
900 292
900 880
900 805
900 538
900 853
900 401
900 469
900 486
900 248
900 360
900 390
900 336
900 544
900 586
900 426
900 849
900 583
900 236
900 495
900 905
900 395
900 205
900 162
900 584
900 288
900 70
908 29
908 513
908 900
908 68
908 801
908 635
908 565
908 61
908 767
908 433
908 675
908 386
908 426
908 236
908 445
908 727
908 163
908 340
908 815
908 227
908 576
908 636
908 95
908 610
908 384
908 358
908 902
908 122
908 843
908 102
908 744
908 440
908 860
908 391
908 438
908 4
908 871
908 302
908 375
908 503
908 415
908 397
908 638
908 333
908 110
908 655
908 678
908 231
908 77
908 135
908 534
908 668
908 138
908 182
908 671
908 485
908 592
908 853
908 241
908 446
908 637
908 493
908 431
908 211
908 579
908 661
908 747
908 356
908 381
908 823
908 300
908 800
908 749
908 212
908 90
908 460
908 795
908 814
908 160
908 790
908 124
908 535
908 255
908 123
908 130
908 753
908 771
908 49
908 432
908 162
908 50
908 698
908 575
908 831
908 560
908 497
908 28
908 43
908 571
908 480
908 770
908 252
908 633
908 167
908 414
908 453
908 822
908 634
908 263
908 488
908 96
908 905
908 258
908 886
908 748
908 578
908 366
908 842
908 690
908 239
908 213
908 797
908 11
908 206
908 22
908 896
908 546
908 380
908 447
908 444
908 73
908 537
908 724
908 577
908 273
908 879
908 510
908 849
908 417
908 702
908 789
908 741
908 547
908 71
908 680
908 35
908 359
908 104
908 355
908 792
908 906
908 707
908 240
908 811
908 803
908 319
908 327
908 330
908 134
908 846
908 62
908 345
908 620
908 30
908 290
908 705
908 809
908 312
908 632
908 166
908 568
908 471
908 204
908 83
908 736
908 500
908 909
908 799
908 17
908 735
908 159
908 499
908 413
908 496
908 891
908 267
908 777
908 489
908 519
908 335
908 117
908 882
