0 36
5 923
5 586
5 284
5 346
5 130
5 914
5 59
5 68
5 646
5 277
5 1364
5 195
5 1215
5 381
5 853
5 1348
5 357
5 454
7 93
18 1332
20 1007
30 942
30 366
30 289
30 1243
30 726
30 157
30 1343
30 193
30 254
30 34
30 1331
30 205
30 450
30 354
30 176
32 19
32 36
32 58
32 122
32 588
32 600
32 1151
32 706
32 1243
32 305
32 1374
32 30
32 202
32 251
32 902
32 409
32 1353
32 98
32 829
32 516
32 666
32 1302
32 1249
32 743
33 1306
33 367
33 454
33 1099
33 1288
33 1332
33 675
33 487
33 1303
33 34
33 558
33 206
33 848
33 710
33 489
33 1044
33 392
33 931
34 942
34 1344
34 1249
34 660
34 892
34 609
34 606
34 183
34 1303
34 72
34 1243
34 517
34 305
34 1222
34 44
34 879
34 202
34 489
34 577
34 662
34 1216
34 539
34 572
34 30
34 759
36 329
36 704
36 751
36 1118
36 1306
36 600
36 823
36 509
36 367
36 1243
36 311
36 1249
36 217
36 1241
36 0
36 1344
36 1227
36 32
44 609
44 254
44 539
44 183
44 95
44 566
44 340
46 835
46 848
46 1000
46 351
46 1295
46 333
49 1245
49 882
49 1155
49 101
49 635
49 691
49 65
49 988
49 1027
49 467
49 1189
49 1364
49 56
49 1169
49 14
53 1119
55 657
55 784
55 79
56 47
56 49
56 1182
56 874
56 675
56 467
56 691
56 1023
56 1027
56 475
59 500
59 381
59 197
59 1004
59 736
59 86
59 1149
59 1139
59 1140
66 1178
66 277
66 195
66 646
66 1004
66 500
66 1033
66 853
66 454
66 675
66 1245
66 130
66 27
66 874
66 1027
66 1258
66 284
66 86
71 85
72 588
72 317
72 477
72 347
72 420
72 982
72 75
72 612
72 1119
72 1221
72 405
72 1250
72 980
72 847
72 610
72 1023
72 17
72 1357
72 1317
72 1125
73 606
74 673
74 932
74 209
74 356
74 768
74 340
74 116
76 643
76 823
79 784
79 55
79 1240
79 1057
85 932
85 507
85 558
86 1149
86 1004
86 1178
86 59
86 500
86 66
86 740
89 606
108 1194
108 1126
108 214
108 704
108 609
108 1249
108 1374
108 19
108 551
108 1216
108 209
108 74
108 1303
108 739
108 305
108 33
108 34
108 670
108 131
108 588
108 690
108 861
108 1344
108 1125
116 879
116 340
116 356
122 32
122 1012
123 111
130 357
130 1342
130 603
130 1245
130 1027
130 197
130 68
130 195
130 1149
130 878
130 66
130 1222
130 284
130 853
130 1189
130 94
130 1215
130 874
130 506
130 740
130 460
130 346
135 1381
135 843
135 390
135 1268
135 1186
135 572
135 584
135 261
135 383
135 185
135 1240
135 1289
141 606
141 367
141 305
141 1357
141 558
141 765
143 1125
143 413
145 284
145 603
145 878
145 914
149 185
149 1356
152 318
152 75
152 1349
152 525
152 1379
152 1399
152 602
152 1052
152 600
156 868
156 1189
156 454
156 1187
156 635
156 1238
156 671
156 707
156 675
156 932
156 1245
160 489
160 313
160 391
167 806
167 891
167 612
167 1202
167 505
167 517
167 1139
167 538
167 976
167 345
167 410
167 602
174 1250
176 287
178 842
178 257
178 317
178 1169
178 745
178 330
178 65
178 319
178 50
178 328
178 299
178 298
178 292
178 985
178 947
178 753
178 1248
178 47
178 494
178 1023
178 164
178 521
178 1311
178 1340
178 670
178 1053
178 859
183 383
183 606
183 340
183 34
183 44
183 1343
183 660
183 726
183 30
188 1000
188 1053
188 463
188 319
188 173
188 810
188 257
188 859
188 11
188 47
188 50
188 158
188 1311
188 198
188 1121
188 1169
188 298
188 745
188 985
188 1002
188 317
188 1367
188 242
188 953
188 842
188 668
188 805
188 1277
188 178
188 980
188 1248
188 17
188 307
188 1317
193 1344
193 30
193 612
193 226
195 1364
195 1245
195 1215
195 381
195 675
195 1027
195 826
195 66
195 454
195 853
195 284
195 460
195 740
197 826
197 454
197 1189
197 1245
197 284
197 346
197 675
197 5
197 740
197 1348
197 66
197 130
197 1364
197 1004
197 86
197 1027
197 59
197 1222
197 1140
197 1215
197 495
197 215
197 914
197 874
197 1318
202 44
202 552
202 1212
202 609
202 366
202 34
202 776
202 1378
202 254
202 566
202 32
202 1343
209 340
209 931
209 74
209 297
209 108
211 693
216 724
216 1112
216 928
217 36
217 517
217 1169
217 167
217 976
217 691
217 602
217 533
217 891
217 1023
217 1121
217 477
217 456
221 1202
221 558
221 1125
221 1222
221 367
221 365
221 108
226 932
226 642
226 946
226 1249
228 1341
228 743
228 32
228 1343
228 58
228 34
243 72
243 223
243 347
243 982
243 367
243 405
243 588
243 1099
253 588
253 297
253 657
253 465
253 255
253 606
253 75
261 185
261 1381
261 390
261 584
261 135
261 1186
261 843
261 1289
261 784
261 726
261 14
261 147
277 506
277 113
277 1258
277 1318
277 826
277 66
277 460
277 874
277 644
277 215
277 284
277 5
277 725
277 454
277 357
277 1215
277 68
277 367
277 1027
277 914
277 853
278 1119
284 460
284 145
284 675
284 346
284 1189
284 68
284 1258
284 381
284 1027
284 1364
284 306
284 48
284 1215
284 5
284 1303
284 740
284 357
284 506
284 195
284 130
284 454
286 1027
287 659
287 176
287 512
292 50
292 1248
292 588
292 1027
292 494
292 173
292 1340
292 317
292 307
292 158
292 463
292 328
292 439
292 810
292 47
292 1367
292 223
292 1053
292 521
292 980
292 753
292 240
292 11
292 1069
292 298
292 558
292 985
292 842
294 579
294 1000
294 959
294 1155
294 1218
294 746
294 1350
294 791
294 88
294 1148
294 269
294 490
294 1153
294 1319
294 285
294 1278
294 299
294 101
294 1320
297 606
297 465
297 209
297 981
297 334
297 848
297 332
297 963
305 1302
305 659
305 517
305 384
305 1125
305 32
305 108
305 558
305 1357
305 612
305 606
305 765
305 34
305 690
305 670
313 1013
313 1274
313 222
313 983
313 391
313 588
313 448
313 1035
313 661
314 46
317 330
317 612
317 1197
317 127
317 1294
317 745
317 1219
317 976
317 47
317 555
317 158
317 410
317 217
317 1311
317 1169
317 477
317 242
317 298
317 463
317 307
317 173
317 1248
317 50
317 240
317 1076
317 806
317 533
317 1144
317 517
317 1268
317 521
317 810
317 610
317 164
317 985
318 303
318 962
318 462
318 834
318 65
318 47
318 1045
318 152
318 166
318 383
318 642
328 448
328 1023
328 1119
328 1035
328 1053
328 240
328 178
328 558
328 292
328 222
328 410
332 1029
332 848
332 982
332 405
332 253
332 360
332 1099
333 848
333 487
334 297
334 981
340 116
340 44
340 367
340 108
340 74
340 356
340 202
340 376
340 1102
340 879
340 660
340 1384
340 563
340 313
342 945
342 810
342 173
342 439
342 317
342 11
342 953
342 164
342 521
342 319
342 745
342 1311
342 985
342 178
342 947
342 47
342 802
342 298
342 1248
342 257
342 1144
342 463
342 1053
342 330
342 1219
342 494
342 980
342 1005
342 610
342 1367
344 505
345 683
345 693
345 1222
345 1299
346 110
346 8
346 1127
346 460
346 1364
346 506
346 113
346 68
346 130
346 1215
346 197
346 284
346 5
346 48
346 357
346 740
346 1020
346 1140
346 1189
346 66
346 853
346 381
347 1250
347 1219
347 173
347 980
347 588
347 512
347 558
347 521
347 1248
347 243
347 1287
356 116
356 74
360 487
360 835
360 297
360 222
360 286
360 1287
360 695
360 146
360 1243
360 332
360 691
360 548
360 558
360 878
360 14
361 834
361 1073
361 807
361 1341
361 738
361 432
361 919
361 106
361 1232
361 1102
365 670
365 805
365 158
365 745
365 1002
365 367
365 1268
365 1023
365 1248
365 307
365 802
365 521
365 1317
365 913
365 1219
365 257
365 342
365 810
367 1344
367 1254
367 848
367 1243
367 243
367 36
367 454
367 173
367 305
367 1302
367 1261
367 505
367 108
367 670
367 489
367 1245
367 558
367 1189
367 365
367 221
367 257
367 675
367 1027
367 392
367 277
367 385
367 612
367 588
367 765
367 463
372 221
372 1222
372 505
374 92
381 914
381 346
381 740
381 874
381 5
381 1215
381 1258
381 1027
381 284
381 197
381 130
381 454
381 646
381 460
381 500
381 826
381 853
381 66
385 367
385 365
385 588
385 1035
385 222
385 448
385 221
385 1287
385 526
385 1254
392 558
392 643
392 206
392 848
392 874
392 1364
392 675
392 1097
392 487
392 76
392 454
393 33
393 1356
393 1044
397 311
397 1192
397 334
397 34
403 868
405 243
405 982
405 75
405 33
405 332
405 1197
411 1283
411 1333
411 356
413 1248
413 693
413 558
413 143
413 1125
420 72
421 823
432 1030
432 1012
432 823
432 588
432 807
432 32
432 612
435 1173
435 1067
435 903
442 1220
445 1047
446 1124
447 585
448 588
448 328
448 313
448 807
448 1275
448 1035
448 946
454 1067
454 1312
454 284
454 1364
454 1019
454 1097
454 1374
454 277
454 1033
454 848
454 197
454 914
454 882
454 5
454 489
454 475
454 1182
454 367
454 879
454 786
454 1288
454 1202
454 130
454 1027
454 1023
454 558
454 381
454 66
454 460
454 826
454 156
454 68
454 47
454 586
454 315
454 392
454 467
454 931
454 874
454 635
454 33
454 740
456 1202
456 641
456 1169
456 586
456 1287
456 769
456 65
456 330
456 47
456 1149
456 167
457 1139
457 675
457 1027
457 1322
457 933
457 1364
458 1200
459 1037
460 5
460 736
460 68
460 1364
460 66
460 1139
460 381
460 130
460 678
460 914
460 740
460 1245
460 1149
460 826
460 1189
460 195
460 878
460 197
460 1215
461 407
462 1027
462 713
462 816
462 1398
462 166
462 1302
462 663
462 208
462 1344
462 318
462 448
462 1404
465 606
465 297
465 1029
465 432
465 848
465 332
465 932
465 1243
473 612
473 328
473 554
475 1245
475 454
475 874
475 1364
475 6
475 403
475 1342
475 1182
475 675
476 193
487 367
487 675
487 1245
487 1186
487 1144
487 108
487 360
487 1125
487 874
487 1288
487 558
487 14
487 848
487 835
487 1240
487 839
487 206
487 1189
487 1097
487 404
487 1027
489 206
489 694
489 313
489 160
489 33
489 558
489 34
489 675
489 1288
489 1097
489 391
489 983
489 874
489 487
489 1274
490 269
490 1218
490 1319
490 227
490 579
490 1105
490 911
490 1155
490 560
490 882
490 444
490 306
490 511
490 791
490 1153
490 959
495 986
500 736
500 66
500 86
500 1140
500 1149
500 826
500 853
500 381
500 1139
503 931
503 318
505 410
505 193
505 372
505 217
505 612
505 317
507 1344
507 71
507 1046
507 1095
507 89
511 83
511 883
511 88
511 1350
511 746
511 582
511 110
511 911
511 490
511 1218
511 306
511 1319
511 351
511 1298
511 1320
511 1105
511 1000
511 1153
511 294
511 959
511 444
511 101
511 837
512 1153
512 860
512 1287
512 347
517 612
517 317
517 167
517 330
517 891
517 65
517 477
517 34
517 670
517 367
517 1029
517 305
517 47
517 49
519 1045
519 1404
519 962
519 1398
525 657
525 318
525 834
525 152
528 1173
534 1029
534 606
534 973
534 332
548 558
548 463
548 1385
548 805
548 1002
548 945
548 1287
548 1268
548 158
548 1042
548 1030
548 242
548 307
551 879
554 152
558 1254
558 1097
558 131
558 141
558 206
558 848
558 211
558 606
558 242
558 372
558 223
558 694
558 307
558 360
558 1317
558 1023
558 367
558 1222
558 292
558 1250
558 392
558 670
558 305
558 1125
558 454
558 347
558 72
558 221
558 328
558 487
558 1385
558 257
558 385
558 1134
558 1027
558 413
558 988
563 340
568 110
568 1278
578 1387
584 147
584 390
584 185
584 135
584 1227
584 1296
584 726
584 784
584 1268
584 572
585 314
586 1027
586 66
586 456
586 346
586 1258
586 5
586 1215
586 1189
586 612
586 381
586 277
586 853
586 826
586 454
586 130
586 646
586 736
586 675
586 914
588 75
588 253
588 743
588 879
588 319
588 17
588 1035
588 776
588 156
588 347
588 892
588 473
588 32
588 612
588 432
588 243
588 1023
588 1302
588 36
588 1243
588 1250
588 292
588 222
588 1317
588 78
588 600
588 405
588 367
592 1023
600 818
600 946
600 680
600 765
600 1243
600 93
600 626
600 739
600 36
600 1019
600 815
600 950
600 816
600 1326
600 1359
600 474
600 608
600 834
600 666
600 249
600 625
600 1206
600 930
600 1028
600 587
600 612
600 1126
600 841
600 588
600 409
600 942
603 914
603 145
603 878
606 946
606 1029
606 588
606 477
606 558
606 806
606 1249
606 141
606 465
606 72
606 1216
606 73
606 1135
606 1357
606 1243
606 659
609 418
609 879
609 304
609 515
609 271
609 289
609 539
609 154
609 205
609 202
609 729
609 1160
609 95
609 566
609 1243
609 44
609 249
609 1212
609 1343
609 616
609 183
609 1378
609 931
609 340
609 776
609 1194
609 401
609 1206
609 719
612 690
612 152
612 65
612 732
612 1294
612 1169
612 1012
612 892
612 19
612 879
612 1287
612 1391
612 330
612 586
612 317
612 459
612 826
612 467
612 693
612 226
612 505
612 47
612 877
612 1357
612 173
612 657
612 976
612 806
612 111
612 525
612 361
612 410
612 503
612 862
612 477
612 1243
612 1353
612 223
612 1344
612 1212
612 456
612 167
612 1374
612 765
612 1106
612 367
612 762
612 691
612 193
612 1076
612 919
612 516
612 1383
612 538
612 141
612 1147
612 1119
612 750
612 463
612 1207
612 1317
612 999
612 613
612 473
612 558
612 398
612 588
612 931
612 1125
612 600
612 476
612 206
612 34
612 1248
612 28
620 776
620 659
620 747
620 465
620 18
620 879
626 13
626 1341
626 232
626 190
629 198
635 671
635 1016
635 269
635 1364
635 351
635 444
635 1319
635 582
635 1320
635 874
635 579
635 1342
635 707
635 1027
635 1218
635 1238
635 748
635 1105
635 423
635 101
635 988
635 882
639 683
642 193
642 166
642 318
642 1398
642 208
642 506
642 713
642 303
642 962
642 226
643 844
644 277
657 525
657 253
657 588
657 1243
657 784
657 1248
657 236
657 980
657 1358
657 1317
657 173
657 158
657 79
657 75
657 612
657 734
657 1057
659 305
659 334
659 620
659 609
659 465
659 963
659 743
659 1029
659 297
659 732
659 765
659 716
659 981
659 209
660 30
660 34
660 566
660 1054
660 572
660 609
660 202
662 34
662 183
663 1072
663 1302
663 1086
664 609
668 1219
668 317
668 538
668 50
668 810
668 1268
668 463
668 745
668 1340
668 158
668 173
668 1277
668 1002
668 257
668 189
668 330
668 242
668 191
668 298
668 319
668 521
670 188
670 1222
670 243
670 1344
670 108
670 385
670 333
670 687
670 931
670 178
670 305
670 372
670 1053
670 612
670 1023
670 365
670 342
670 558
671 454
671 1238
671 1364
671 1074
671 1245
671 635
671 882
671 1016
671 1140
673 903
673 932
675 33
675 130
675 646
675 457
675 65
675 156
675 1169
675 197
675 487
675 1350
675 1245
675 1138
675 66
675 1155
675 848
675 1312
675 1019
675 467
675 454
675 853
675 586
675 635
675 14
675 1374
675 707
675 1364
675 1320
675 740
675 558
675 101
675 691
675 49
675 357
675 1074
675 68
675 1027
675 694
675 826
675 460
675 874
675 475
675 346
675 786
675 995
675 1189
675 5
678 460
680 600
680 472
680 653
682 1187
683 747
683 405
683 1222
683 1202
683 982
683 558
686 116
687 413
687 1106
687 759
687 670
690 1344
690 305
690 765
690 1249
690 1216
690 612
690 726
690 108
690 879
691 612
691 1189
691 240
691 1364
691 985
691 56
691 360
691 1027
691 745
691 217
691 675
691 874
691 454
693 367
693 988
693 1125
693 683
693 1202
693 413
693 1357
693 1302
693 305
693 1134
694 206
694 1189
694 489
694 393
694 1356
694 367
694 558
694 1027
694 1364
694 675
698 1254
704 879
704 108
704 931
707 675
707 874
707 1364
707 671
707 1189
707 635
707 748
707 1238
710 33
716 847
716 1231
716 860
726 30
726 1296
726 690
726 185
726 183
726 1343
726 1268
726 807
726 1012
726 584
726 135
726 390
726 383
726 1381
726 34
726 1227
732 612
732 1243
736 558
736 197
736 1139
736 1149
736 59
736 586
740 675
740 1318
740 460
740 506
740 381
740 1215
740 1245
740 1027
740 1178
740 646
740 1139
740 357
740 1364
740 113
740 853
740 346
740 1189
740 94
740 1140
740 86
740 59
740 66
740 1258
740 826
745 980
745 521
745 298
745 463
745 439
745 1005
745 342
745 257
745 317
745 1340
745 198
745 191
745 178
745 173
745 1197
745 1121
745 691
745 1367
745 1219
745 11
745 330
745 240
745 810
745 1002
745 307
745 668
745 1169
745 292
745 1053
745 223
745 805
745 47
745 319
747 620
747 3
747 683
747 1243
754 1249
754 1019
759 687
759 34
759 1268
765 1357
765 1243
765 892
765 34
765 588
765 690
765 558
765 942
765 32
765 693
765 612
765 931
765 141
765 860
768 340
769 1240
769 1202
769 1186
769 55
769 892
769 1057
769 807
769 856
769 784
769 1243
769 456
771 1001
771 867
771 628
771 320
771 191
776 226
776 588
776 609
777 612
778 1119
784 1027
784 1268
784 1227
784 75
784 261
784 135
784 843
784 1186
784 26
784 584
784 572
784 55
784 657
784 769
784 1381
784 147
786 1027
786 1187
786 1238
786 868
786 1245
786 454
786 1364
807 448
807 1138
807 612
807 1306
807 823
807 1027
807 1035
807 462
807 432
807 361
816 600
816 885
816 1344
823 704
823 76
823 421
823 987
823 1274
823 432
823 1032
826 460
826 5
826 197
826 277
826 1033
826 586
826 646
826 284
826 66
826 130
826 675
826 1245
826 1004
826 1027
826 740
826 68
826 853
826 1258
826 874
826 59
826 736
826 1149
826 357
834 152
834 1344
834 919
834 816
834 1399
834 1072
834 612
834 318
834 525
835 146
835 695
835 1023
835 46
835 1388
835 222
835 1243
847 72
848 1245
848 392
848 1288
848 425
848 465
848 558
848 694
848 659
848 487
848 332
848 297
848 606
848 333
848 206
848 33
848 1097
848 454
848 1189
849 410
849 442
849 1344
853 66
853 874
853 277
853 914
853 460
853 878
853 826
853 1222
853 1149
853 1215
853 454
853 1318
853 68
853 740
853 197
853 1258
853 1140
853 1004
853 357
853 130
853 725
853 1139
853 59
853 113
853 5
856 769
860 512
860 108
860 1378
860 931
861 108
868 1189
868 874
868 403
868 1364
868 156
868 707
868 1027
868 1245
873 1370
874 882
874 914
874 66
874 14
874 1374
874 1169
874 691
874 457
874 330
874 357
874 1023
874 1027
874 56
874 315
874 381
874 1215
874 49
874 853
874 284
874 47
874 1245
874 635
874 1288
874 130
874 707
874 489
874 475
874 101
874 460
874 646
874 586
874 868
874 367
874 931
874 467
874 879
874 195
874 740
874 65
874 487
877 612
877 1317
877 17
878 1018
878 853
878 145
878 914
878 1342
878 1318
878 460
879 34
879 131
879 108
879 931
879 874
879 551
879 739
879 1332
879 1194
879 918
879 675
879 340
879 1261
879 116
879 503
879 704
879 1189
879 1027
879 612
879 942
879 1126
879 765
879 305
879 1245
879 1249
879 1344
879 1303
879 690
881 188
881 307
882 1113
882 1320
882 101
882 325
882 511
882 791
882 423
882 490
882 269
882 837
882 1153
882 49
882 51
882 675
882 1342
882 351
882 1350
882 1155
882 1364
882 294
882 227
882 1218
882 635
882 579
882 1189
882 988
882 874
893 612
899 806
903 1067
903 435
903 609
903 673
903 340
903 1356
907 1065
913 1268
913 1053
913 1317
913 1248
913 257
913 1219
918 507
918 879
918 932
918 609
923 5
931 1303
931 74
931 1027
931 1374
931 609
931 221
931 1353
931 620
931 1364
931 209
931 340
931 874
931 551
931 1231
931 1332
931 879
931 861
931 1189
931 670
931 503
931 1126
931 271
931 1194
931 739
932 1344
932 432
932 85
932 903
932 1384
932 588
932 226
932 1194
932 156
932 946
933 457
933 1139
933 1089
946 141
946 251
946 1035
946 425
946 17
946 487
946 932
946 222
946 848
946 677
946 1067
946 383
946 448
947 548
947 173
947 439
947 980
947 1042
947 802
947 945
947 298
947 158
947 198
947 1069
947 1268
947 1002
947 257
947 1030
947 307
947 347
947 810
947 1053
947 805
947 292
947 191
947 111
947 1385
962 519
962 462
962 1045
962 1404
962 1176
962 1398
962 1081
962 1072
962 166
963 297
963 1243
968 240
968 1169
968 47
973 987
981 297
981 397
982 332
982 33
982 236
982 243
982 588
982 72
982 1384
982 612
982 606
983 1270
983 313
983 1274
986 495
987 1322
987 973
988 423
988 675
988 1155
988 558
988 49
988 1125
988 882
989 1204
991 675
991 919
991 1245
991 748
995 612
995 49
995 1245
995 675
995 1189
1004 197
1004 1254
1004 1178
1004 277
1004 1342
1004 740
1004 1149
1004 66
1004 500
1016 635
1016 1364
1016 675
1016 748
1027 874
1027 1189
1027 130
1027 448
1027 586
1027 807
1027 1215
1027 346
1027 786
1027 357
1027 1245
1027 646
1027 1374
1027 1312
1027 740
1027 381
1027 707
1027 330
1027 392
1027 784
1027 156
1027 1238
1027 284
1027 853
1027 1182
1027 1288
1027 56
1027 68
1027 47
1027 66
1027 460
1027 367
1027 1356
1027 5
1027 65
1027 914
1027 197
1027 462
1027 879
1027 1278
1027 467
1027 635
1027 1019
1029 534
1029 253
1029 465
1029 517
1029 360
1029 405
1029 1243
1029 982
1029 588
1029 606
1032 287
1032 823
1032 512
1032 1274
1033 0
1033 66
1033 704
1033 77
1033 826
1033 108
1035 313
1035 1027
1035 1275
1035 462
1035 691
1035 588
1035 385
1037 459
1044 1097
1044 393
1044 1231
1052 657
1052 525
1052 75
1053 328
1053 947
1053 1317
1053 317
1053 240
1053 494
1053 158
1053 342
1053 842
1053 1219
1053 11
1053 670
1053 223
1053 1144
1053 439
1053 1311
1053 257
1053 292
1053 65
1053 980
1053 521
1053 463
1053 319
1053 50
1053 985
1053 1023
1053 805
1058 1119
1063 612
1065 907
1067 435
1067 1353
1067 1173
1067 454
1072 64
1072 816
1072 962
1073 361
1074 748
1074 671
1074 675
1074 1016
1081 962
1089 933
1097 1288
1097 1044
1097 487
1097 206
1097 367
1097 475
1097 710
1097 392
1097 848
1097 1245
1097 1364
1097 558
1102 1384
1102 1302
1102 1096
1106 687
1118 36
1119 53
1119 72
1119 353
1119 581
1119 505
1119 612
1119 109
1119 977
1119 775
1119 328
1119 278
1119 934
1119 198
1119 1179
1125 693
1125 558
1125 670
1125 413
1125 365
1125 988
1125 612
1125 305
1125 221
1125 108
1125 1202
1134 693
1134 687
1136 1119
1138 1245
1138 635
1138 671
1138 675
1139 740
1139 167
1139 197
1139 853
1139 460
1139 933
1139 500
1139 1004
1139 1140
1140 1146
1140 1253
1140 500
1140 227
1140 740
1140 853
1140 346
1140 197
1140 1139
1140 1149
1140 671
1140 826
1146 1253
1149 728
1149 167
1149 826
1149 757
1149 460
1149 86
1149 130
1149 456
1149 1004
1149 740
1149 346
1149 736
1149 727
1155 511
1155 454
1155 269
1155 988
1155 1342
1155 227
1155 874
1155 294
1155 1298
1155 1350
1155 635
1155 351
1155 325
1155 1153
1155 1218
1155 423
1155 299
1155 1320
1155 560
1155 88
1155 1278
1176 962
1176 612
1178 66
1178 86
1178 59
1182 1364
1182 1245
1182 454
1182 1027
1182 874
1182 1189
1182 49
1187 156
1189 1258
1189 740
1189 392
1189 1374
1189 879
1189 1312
1189 284
1189 1169
1189 868
1189 931
1189 14
1189 1245
1189 1356
1189 1019
1189 995
1189 357
1189 454
1189 853
1189 489
1189 467
1189 675
1189 487
1189 914
1189 694
1189 691
1189 826
1189 1288
1189 367
1189 101
1189 381
1189 1023
1189 66
1189 707
1189 1364
1189 1215
1189 475
1189 49
1189 646
1189 1097
1194 1044
1194 686
1194 879
1194 931
1202 221
1202 892
1202 217
1202 517
1202 1274
1202 1249
1202 167
1202 1243
1202 456
1202 558
1202 454
1202 319
1202 1261
1202 367
1202 36
1202 28
1215 381
1215 1245
1215 586
1215 284
1215 874
1215 130
1215 914
1215 346
1215 94
1215 1189
1215 215
1215 59
1215 1318
1215 113
1215 725
1215 277
1215 454
1215 853
1215 1027
1216 384
1216 612
1216 606
1216 108
1216 690
1220 442
1222 221
1222 683
1222 345
1222 670
1222 853
1222 740
1222 606
1222 372
1222 558
1227 843
1227 726
1227 261
1227 1296
1227 1289
1227 147
1227 1381
1227 584
1227 784
1227 390
1227 26
1231 609
1231 1037
1231 716
1231 879
1231 997
1231 108
1238 868
1238 635
1238 156
1238 786
1238 748
1238 1245
1238 671
1238 1364
1241 600
1243 236
1243 34
1243 600
1243 732
1243 716
1243 1387
1243 332
1243 620
1243 609
1243 1084
1243 209
1243 297
1243 1184
1243 271
1243 1202
1243 465
1243 657
1243 253
1243 659
1243 963
1243 769
1243 377
1243 1353
1243 948
1243 765
1243 848
1243 1029
1243 75
1243 879
1243 599
1243 30
1243 606
1243 367
1243 78
1243 997
1243 1407
1245 991
1245 1350
1245 1288
1245 367
1245 1140
1245 381
1245 1189
1245 5
1245 868
1245 1138
1245 914
1245 882
1245 1169
1245 1374
1245 646
1245 694
1245 671
1245 487
1245 357
1245 906
1245 1023
1245 707
1245 156
1245 1074
1245 586
1245 475
1245 457
1245 995
1245 988
1245 14
1245 454
1245 931
1245 206
1245 1182
1245 330
1245 1342
1245 1155
1245 1320
1245 66
1245 1097
1245 1364
1245 853
1245 675
1245 848
1245 582
1245 423
1245 277
1245 315
1249 1216
1249 1202
1249 271
1249 606
1249 32
1249 942
1249 19
1249 34
1249 754
1249 690
1249 108
1250 34
1250 606
1250 1317
1250 223
1250 17
1250 558
1250 1023
1250 75
1250 347
1254 1357
1254 385
1254 46
1254 558
1254 1004
1254 367
1258 1189
1258 646
1258 853
1258 460
1258 130
1258 284
1258 5
1258 1245
1258 586
1258 1215
1258 68
1258 914
1258 1027
1258 346
1258 874
1261 87
1261 1202
1261 108
1274 489
1274 1349
1274 313
1274 1306
1274 1013
1274 661
1274 983
1274 152
1275 313
1275 448
1287 1385
1287 113
1287 548
1287 360
1287 94
1287 1069
1287 456
1287 512
1287 558
1287 242
1288 454
1288 874
1288 487
1288 1189
1288 206
1288 509
1288 675
1288 33
1295 46
1302 32
1302 1102
1302 1374
1302 612
1302 305
1302 1357
1302 558
1302 1073
1302 1243
1302 1384
1302 693
1302 141
1303 1313
1303 108
1303 34
1303 878
1303 931
1303 1344
1312 1189
1312 874
1312 1019
1312 675
1312 1027
1313 612
1313 1303
1319 306
1319 882
1319 1320
1319 1153
1319 1278
1319 791
1319 959
1319 635
1319 1214
1319 325
1319 294
1319 560
1322 807
1322 987
1322 933
1322 690
1332 34
1332 18
1332 33
1332 931
1333 1283
1342 1350
1342 101
1342 1364
1342 1004
1342 1155
1342 878
1342 635
1344 892
1344 1202
1344 34
1344 271
1344 1243
1344 367
1344 849
1344 1176
1344 816
1344 670
1344 305
1344 769
1344 739
1344 931
1344 1374
1344 1302
1344 249
1344 612
1344 1353
1344 932
1344 885
1344 609
1344 663
1344 516
1344 690
1344 36
1348 5
1350 791
1350 612
1350 675
1350 490
1350 1023
1350 269
1350 1342
1350 1155
1350 88
1350 1153
1350 1278
1350 511
1350 1364
1350 299
1350 579
1350 560
1350 1218
1354 1119
1356 694
1356 487
1356 454
1356 848
1356 489
1356 874
1356 1245
1356 206
1356 149
1364 101
1364 49
1364 675
1364 1356
1364 1027
1364 392
1364 1238
1364 5
1364 457
1364 1182
1364 906
1364 879
1364 914
1364 1258
1364 423
1364 995
1364 1189
1364 1138
1364 848
1364 1288
1364 206
1364 1097
1364 586
1364 740
1364 68
1364 330
1364 671
1364 1169
1364 1374
1364 454
1364 66
1364 1350
1364 988
1364 367
1364 826
1364 357
1364 558
1364 1140
1364 1312
1364 460
1364 748
1364 284
1364 991
1364 694
1364 130
1364 33
1376 1199
1378 879
1378 609
1378 202
1379 152
1384 747
1384 1306
1384 982
1384 361
1384 932
1384 1102
1384 1283
1387 931
1387 1231
1387 578
1387 1007
